0	24.7, F	0.618	0.042	
0	31.4, F	0.415	0.083	
0	8.6, F	1.044	0.125	
0	235.5, F	0.132	0.167	
0	0.5, F	0.965	0.209	
0	44.8, F	1.632	0.250	
0	314.5, F	0.368	0.292	
0	38.6, F	0.878	0.334	
0	31.1, F	1.91	0.375	
0	60.6, F	0.782	0.417	
0	282.5, F	0.407	0.459	
0	40.6, F	0.43	0.500	
0	340.3, F	1.117	0.542	
0	93.3, F	0.757	0.584	
0	352.8, F	0.788	0.626	
0	224.5, F	0.163	0.667	
0	25.5, F	2.483	0.709	
0	76.4, F	0.493	0.751	
0	72.4, F	0.57	0.792	
0	75.5, F	0.236	0.834	
0	30.7, F	1.16	0.876	
0	359.6, F	0.807	0.918	
0	76.8, F	0.33	0.959	
0	326.1, F	0.33	1.001	
0	75.2, F	1.058	1.043	
0	351.1, F	0.788	1.084	
0	190.6, F	0.448	1.126	
0	3.1, F	0.98	1.168	
0	35.2, F	0.542	1.210	
0	2.5, F	0.799	1.251	
0	51.1, F	0.938	1.293	
0	264.2, F	0.492	1.335	
0	13.1, F	1.521	1.376	
0	60.2, F	0.621	1.418	
0	1.9, F	0.432	1.460	
0	14.5, F	0.167	1.502	
0	8.5, F	1.231	1.543	
0	132.2, F	0.205	1.585	
0	29.2, F	0.808	1.627	
0	34.4, F	0.605	1.668	
0	344.5, F	0.722	1.710	
0	87.4, F	0.743	1.752	
0	55.8, F	2.022	1.793	
0	309.1, F	0.483	1.835	
0	54.4, F	0.678	1.877	
0	340.4, F	0.558	1.919	
0	53.7, F	0.371	1.960	
0	20.9, F	0.253	2.002	
0	295.7, F	0.21	2.044	
0	36.4, F	0.656	2.085	
0	96.3, F	0.502	2.127	
0	5.7, F	0.202	2.169	
0	354.4, F	0.398	2.211	
0	43.7, F	1.221	2.252	
0	39.7, F	0.175	2.294	
0	118.5, F	0.142	2.336	
0	315.6, F	0.535	2.377	
0	19.1, F	1.063	2.419	
0	357.2, F	0.226	2.461	
0	300.5, F	0.191	2.502	
0	47.7, F	0.848	2.544	
0	24.1, F	0.517	2.586	
0	17.5, F	0.896	2.628	
0	280.8, F	0.46	2.669	
0	8.7, F	0.25	2.711	
0	65.1, F	0.583	2.753	
0	20.8, F	0.477	2.794	
0	52.0, F	0.226	2.836	
0	47.5, F	0.604	2.878	
0	3.5, F	0.795	2.920	
0	110.6, F	0.361	2.961	
0	336.2, F	0.839	3.003	
0	80.7, F	0.89	3.045	
0	149.2, F	0.32	3.086	
0	352.8, F	0.673	3.128	
0	104.8, F	0.625	3.170	
0	13.5, F	0.768	3.212	
0	75.6, F	0.955	3.253	
0	324.1, F	0.799	3.295	
0	51.7, F	0.525	3.337	
0	357.9, F	0.922	3.378	
0	152.0, F	0.251	3.420	
0	13.5, F	0.541	3.462	
0	64.7, F	0.239	3.503	
0	37.8, F	0.704	3.545	
0	287.7, F	0.214	3.587	
0	34.2, F	0.643	3.629	
0	284.5, F	0.195	3.670	
0	319.2, F	0.358	3.712	
0	49.9, F	0.634	3.754	
0	239.4, F	0.261	3.795	
0	256.7, F	0.23	3.837	
0	72.8, F	0.692	3.879	
0	9.1, F	0.222	3.921	
0	14.2, F	0.388	3.962	
0	140.1, F	0.451	4.004	
0	347.0, F	0.319	4.046	
0	102.8, F	0.24	4.087	
0	6.7, F	0.359	4.129	
0	108.0, F	0.642	4.171	
0	119.2, F	0.383	4.213	
0	48.4, F	0.412	4.254	
0	71.2, F	0.326	4.296	
0	81.1, F	0.714	4.338	
0	84.6, F	0.583	4.379	
0	58.3, F	0.423	4.421	
0	75.4, F	0.708	4.463	
0	122.0, F	0.652	4.505	
0	79.5, F	0.682	4.546	
0	79.0, F	0.256	4.588	
0	83.4, F	1.148	4.630	
0	169.5, F	1.146	4.671	
0	96.6, F	1.778	4.713	
0	101.9, F	1.207	4.755	
0	162.4, F	0.991	4.796	
0	64.8, F	1.087	4.838	
0	162.8, F	1.441	4.880	
0	85.6, F	0.572	4.922	
0	117.8, F	0.614	4.963	
0	136.8, F	0.636	5.005	
0	100.3, F	1.494	5.047	
0	123.2, F	0.918	5.088	
0	107.2, F	0.381	5.130	
0	109.9, F	0.604	5.172	
0	105.7, F	1.466	5.214	
0	88.3, F	1.161	5.255	
0	99.7, F	0.451	5.297	
0	138.1, F	0.385	5.339	
0	130.9, F	2.021	5.380	
0	52.4, F	0.384	5.422	
0	94.4, F	0.828	5.464	
0	138.3, F	0.568	5.505	
0	156.8, F	1.409	5.547	
0	142.2, F	0.604	5.589	
0	112.8, F	0.735	5.631	
0	153.1, F	0.814	5.672	
0	161.0, F	1.243	5.714	
0	109.1, F	0.835	5.756	
0	150.2, F	0.931	5.797	
0	158.8, F	0.481	5.839	
0	148.5, F	1.128	5.881	
0	149.8, F	0.738	5.923	
0	148.7, F	0.823	5.964	
0	172.6, F	0.46	6.006	
0	167.9, F	1.934	6.048	
0	186.9, F	0.369	6.089	
0	139.5, F	1.049	6.131	
0	159.8, F	0.794	6.173	
0	179.0, F	1.325	6.215	
0	146.0, F	0.311	6.256	
0	113.0, F	0.323	6.298	
0	138.3, F	0.805	6.340	
0	149.9, F	1.179	6.381	
0	175.9, F	0.543	6.423	
0	136.7, F	0.51	6.465	
0	133.0, F	0.995	6.506	
0	154.6, F	1.058	6.548	
0	178.2, F	1.039	6.590	
0	112.0, F	0.272	6.632	
0	132.4, F	0.783	6.673	
0	163.7, F	1.184	6.715	
0	172.0, F	0.673	6.757	
0	168.2, F	0.487	6.798	
0	151.7, F	0.432	6.840	
0	158.7, F	1.535	6.882	
0	153.1, F	0.243	6.924	
0	155.0, F	0.91	6.965	
0	175.2, F	0.382	7.007	
0	161.0, F	1.32	7.049	
0	105.5, F	0.803	7.090	
0	169.5, F	1.1	7.132	
0	138.7, F	0.92	7.174	
0	178.9, F	1.531	7.216	
0	162.6, F	0.741	7.257	
0	195.2, F	0.461	7.299	
0	119.8, F	0.649	7.341	
0	169.7, F	1.533	7.382	
0	189.0, F	0.326	7.424	
0	111.8, F	0.68	7.466	
0	171.6, F	1.038	7.507	
0	177.8, F	1.49	7.549	
0	133.2, F	0.287	7.591	
0	107.9, F	0.385	7.633	
0	117.4, F	0.618	7.674	
0	168.4, F	1.551	7.716	
0	184.6, F	0.537	7.758	
0	96.4, F	0.803	7.799	
0	202.3, F	0.554	7.841	
0	141.0, F	1.438	7.883	
0	148.6, F	0.735	7.925	
0	204.0, F	0.282	7.966	
0	177.6, F	0.843	8.008	
0	173.9, F	1.191	8.050	
0	87.4, F	0.223	8.091	
0	148.1, F	0.589	8.133	
0	221.9, F	0.289	8.175	
0	140.1, F	1.233	8.217	
0	213.0, F	0.936	8.258	
0	164.0, F	0.637	8.300	
0	156.5, F	0.617	8.342	
0	159.2, F	1.086	8.383	
0	172.8, F	0.785	8.425	
0	166.4, F	0.706	8.467	
0	152.4, F	0.756	8.508	
0	206.9, F	1.258	8.550	
0	130.7, F	0.569	8.592	
0	201.8, F	1.039	8.634	
0	151.7, F	1.159	8.675	
0	144.7, F	1.05	8.717	
0	182.0, F	0.394	8.759	
0	160.0, F	0.798	8.800	
0	141.6, F	0.569	8.842	
0	135.2, F	0.807	8.884	
0	187.2, F	0.319	8.926	
0	160.0, F	0.859	8.967	
0	147.3, F	0.758	9.009	
0	190.6, F	1.084	9.051	
0	184.3, F	0.947	9.092	
0	111.5, F	0.303	9.134	
0	147.4, F	1.037	9.176	
0	175.2, F	1.214	9.218	
0	93.7, F	0.248	9.259	
0	149.8, F	0.6	9.301	
0	200.7, F	1.137	9.343	
0	137.6, F	0.646	9.384	
0	186.1, F	1.16	9.426	
0	198.2, F	0.128	9.468	
0	137.0, F	0.743	9.509	
0	156.2, F	0.976	9.551	
0	194.8, F	0.448	9.593	
0	176.6, F	0.307	9.635	
0	160.5, F	0.766	9.676	
0	178.8, F	1.384	9.718	
0	121.7, F	0.966	9.760	
0	35.0, F	0.143	9.801	
0	178.2, F	1.624	9.843	
0	24.8, F	3.85	9.885	
0	255.6, F	0.136	9.927	
0	163.0, F	0.195	9.968	
0	152.9, F	0.551	10.010	
0	244.3, F	0.375	10.052	
0	153.3, F	0.848	10.093	
0	273.8, F	0.269	10.135	
0	102.6, F	0.623	10.177	
0	157.3, F	0.714	10.219	
0	133.8, F	0.413	10.260	
0	186.2, F	0.545	10.302	
0	190.8, F	0.455	10.344	
0	166.3, F	0.982	10.385	
0	10.3, F	0.98	10.427	
0	163.7, F	1.535	10.469	
0	181.5, F	1.102	10.511	
0	55.4, F	0.262	10.552	
0	63.5, F	0.415	10.594	
0	262.1, F	0.293	10.636	
0	68.9, F	0.495	10.677	
0	149.7, F	0.184	10.719	
0	124.8, F	0.236	10.761	
0	95.6, F	0.257	10.802	
0	230.8, F	0.563	10.844	
0	189.2, F	14.601	10.886	
0	353.7, F	0.429	10.928	
0	211.3, F	1.077	10.969	
0	290.3, F	0.268	11.011	
0	197.9, F	1.064	11.053	
0	80.1, F	0.696	11.094	
0	230.6, F	0.43	11.136	
0	42.6, F	0.202	11.178	
0	211.2, F	0.357	11.220	
0	19.8, F	0.911	11.261	
0	139.3, F	0.206	11.303	
0	192.5, F	0.374	11.345	
0	207.3, F	0.61	11.386	
0	343.5, F	0.278	11.428	
0	351.1, F	0.271	11.470	
0	48.1, F	1.187	11.511	
0	221.7, F	0.185	11.553	
0	None	0	11.595	0.041999999999999815
0	217.8, F	0.315	11.637	
0	None	0	11.678	0.041999999999999815
0	190.4, F	0.278	11.720	
0	194.1, F	0.332	11.762	
0	351.5, F	0.324	11.803	
0	212.2, F	0.979	11.845	
0	11.7, F	0.326	11.887	
0	261.5, F	0.422	11.929	
0	108.1, F	0.39	11.970	
0	155.5, F	0.389	12.012	
0	236.6, F	1.045	12.054	
0	27.4, F	0.563	12.095	
0	29.0, F	0.66	12.137	
0	208.4, F	0.468	12.179	
0	51.5, F	0.384	12.221	
0	269.8, F	0.583	12.262	
0	85.9, F	0.402	12.304	
0	275.4, F	0.571	12.346	
0	194.0, F	0.455	12.387	
0	203.6, F	0.553	12.429	
0	247.8, F	0.46	12.471	
0	26.8, F	1.017	12.512	
0	130.7, F	0.17	12.554	
0	10.6, F	0.36	12.596	
0	198.3, F	0.318	12.638	
0	203.4, F	0.267	12.679	
0	156.0, F	10.879	12.721	
0	154.3, F	0.336	12.763	
0	39.2, F	0.286	12.804	
0	174.8, F	0.555	12.846	
0	53.7, F	1.174	12.888	
0	257.9, F	0.828	12.930	
0	178.2, F	0.845	12.971	
0	311.5, F	0.151	13.013	
0	232.8, F	0.43	13.055	
0	231.2, F	0.797	13.096	
0	83.7, F	0.65	13.138	
0	323.1, F	0.321	13.180	
0	138.5, F	0.115	13.222	
0	None	0	13.263	0.041999999999999815
0	207.9, F	0.308	13.305	
0	98.7, F	0.179	13.347	
0	160.9, F	0.165	13.388	
0	343.3, F	0.387	13.430	
0	344.8, F	0.636	13.472	
0	97.7, F	0.364	13.513	
0	308.7, F	0.174	13.555	
0	None	0	13.597	0.041999999999999815
0	108.6, F	0.103	13.639	
0	341.6, F	0.098	13.680	
0	3.0, F	0.349	13.722	
0	160.1, F	0.191	13.764	
0	173.1, F	0.149	13.805	
0	None	0	13.847	0.041999999999999815
0	118.5, F	13.895	13.889	
0	42.9, F	1.1	13.931	
0	249.8, F	0.453	13.972	
0	248.8, F	0.352	14.014	
0	82.6, F	1.027	14.056	
0	153.9, F	0.391	14.097	
0	77.2, F	0.775	14.139	
0	149.4, F	0.151	14.181	
0	146.4, F	0.36	14.223	
0	103.9, F	0.656	14.264	
0	125.3, F	0.298	14.306	
0	223.2, F	0.79	14.348	
0	85.4, F	6.923	14.389	
0	189.1, F	0.139	14.431	
0	30.2, F	0.486	14.473	
0	156.4, F	1.053	14.514	
0	134.1, F	1.822	14.556	
0	109.5, F	0.895	14.598	
0	118.8, F	1.012	14.640	
0	79.5, F	0.691	14.681	
0	114.7, F	1.356	14.723	
0	168.3, F	0.936	14.765	
0	145.4, F	0.333	14.806	
0	239.0, F	0.6	14.848	
0	86.0, F	1.156	14.890	
0	147.1, F	0.484	14.932	
0	128.7, F	0.282	14.973	
0	112.9, F	0.691	15.015	
0	159.2, F	1.439	15.057	
0	138.9, F	1.162	15.098	
0	170.3, F	0.995	15.140	
0	116.4, F	0.682	15.182	
0	153.0, F	1.284	15.224	
0	66.5, F	1.237	15.265	
0	155.9, F	0.566	15.307	
0	90.6, F	0.807	15.349	
0	94.5, F	1.206	15.390	
0	57.3, F	1.113	15.432	
0	92.2, F	0.788	15.474	
0	85.7, F	0.44	15.515	
0	79.3, F	1.529	15.557	
0	95.4, F	0.438	15.599	
0	81.3, F	0.71	15.641	
0	74.7, F	1.086	15.682	
0	144.3, F	1.04	15.724	
0	64.7, F	0.907	15.766	
0	151.2, F	0.388	15.807	
0	68.9, F	0.557	15.849	
0	103.5, F	1.503	15.891	
0	102.4, F	0.515	15.933	
0	124.1, F	0.292	15.974	
0	110.5, F	0.629	16.016	
0	125.9, F	0.9	16.058	
0	131.6, F	0.521	16.099	
0	161.6, F	0.661	16.141	
0	129.2, F	0.689	16.183	
0	95.3, F	1.167	16.225	
0	56.4, F	0.687	16.266	
0	55.0, F	0.503	16.308	
0	181.5, F	0.234	16.350	
0	68.6, F	1.215	16.391	
0	88.7, F	0.803	16.433	
0	110.1, F	0.451	16.475	
0	120.0, F	0.23	16.517	
0	103.6, F	1.448	16.558	
0	81.2, F	0.517	16.600	
0	60.2, F	0.353	16.642	
0	120.2, F	0.809	16.683	
0	81.9, F	1.144	16.725	
0	88.1, F	0.741	16.767	
0	76.5, F	0.649	16.808	
0	80.0, F	0.563	16.850	
0	51.2, F	1.879	16.892	
0	52.9, F	0.517	16.934	
0	107.1, F	1.262	16.975	
0	121.2, F	1.714	17.017	
0	84.2, F	1.895	17.059	
0	104.4, F	0.741	17.100	
0	63.2, F	0.966	17.142	
0	None	0	17.184	0.04199999999999804
0	131.8, F	1.161	17.226	
0	51.1, F	1.671	17.267	
0	33.0, F	0.231	17.309	
0	166.0, F	1.159	17.351	
0	189.6, F	0.576	17.392	
0	57.5, F	2.565	17.434	
0	204.2, F	1.029	17.476	
0	194.2, F	1.226	17.517	
0	65.8, F	1.386	17.559	
0	140.7, F	0.611	17.601	
0	216.3, F	1.087	17.643	
0	127.1, F	0.626	17.684	
0	148.4, F	1.429	17.726	
0	113.0, F	1.541	17.768	
0	191.8, F	1.254	17.809	
0	167.6, F	0.732	17.851	
0	161.5, F	1.102	17.893	
0	45.2, F	1.143	17.935	
0	116.6, F	0.308	17.976	
0	122.7, F	0.651	18.018	
0	157.5, F	1.547	18.060	
0	64.3, F	0.295	18.101	
0	71.5, F	0.999	18.143	
0	163.7, F	0.568	18.185	
0	141.8, F	1.065	18.227	
0	129.0, F	0.189	18.268	
0	157.8, F	0.732	18.310	
0	224.0, F	0.696	18.352	
0	119.7, F	1.707	18.393	
0	73.8, F	0.691	18.435	
0	221.8, F	0.925	18.477	
0	91.2, F	0.937	18.518	
0	171.5, F	1.055	18.560	
0	164.1, F	0.453	18.602	
0	None	0	18.644	0.04100000000000037
0	168.3, F	0.935	18.685	
0	164.3, F	1.1	18.727	
0	161.0, F	1.248	18.769	
0	58.4, F	0.768	18.810	
0	168.8, F	0.513	18.852	
0	154.4, F	1.34	18.894	
0	142.7, F	0.523	18.936	
0	136.1, F	0.558	18.977	
0	188.4, F	0.651	19.019	
0	128.5, F	1.308	19.061	
0	173.6, F	0.776	19.102	
0	134.9, F	1.102	19.144	
0	191.2, F	0.78	19.186	
0	158.2, F	1.784	19.228	
0	142.8, F	0.549	19.269	
0	0.3, F	0.631	19.311	
0	158.9, F	0.715	19.353	
0	146.5, F	1.357	19.394	
0	166.9, F	1.003	19.436	
0	60.6, F	0.365	19.478	
0	149.9, F	0.871	19.520	
0	143.5, F	1.127	19.561	
0	144.8, F	0.82	19.603	
0	93.3, F	0.472	19.645	
0	234.6, F	0.238	19.686	
0	181.3, F	0.682	19.728	
0	186.5, F	0.44	19.770	
0	150.6, F	0.303	19.811	
0	145.9, F	0.457	19.853	
0	138.8, F	1.329	19.895	
0	59.2, F	0.545	19.937	
0	173.1, F	1.184	19.978	
0	76.1, F	0.245	20.020	
0	116.0, F	0.562	20.062	
0	177.8, F	1.166	20.103	
0	166.2, F	1.064	20.145	
0	101.8, F	1.116	20.187	
0	186.0, F	1.705	20.229	
0	91.1, F	1.496	20.270	
0	185.8, F	0.707	20.312	
0	194.9, F	0.415	20.354	
0	155.2, F	0.574	20.395	
0	188.9, F	0.773	20.437	
0	141.9, F	0.984	20.479	
0	277.7, F	0.164	20.520	
0	204.9, F	1.143	20.562	
0	129.4, F	0.325	20.604	
0	21.3, F	0.496	20.646	
0	151.3, F	0.651	20.687	
0	282.0, F	0.481	20.729	
0	121.3, F	0.448	20.771	
0	233.4, F	0.442	20.812	
0	68.2, F	0.299	20.854	
0	176.1, F	0.689	20.896	
0	233.6, F	0.895	20.938	
0	167.6, F	0.112	20.979	
0	165.6, F	0.214	21.021	
0	176.3, F	0.95	21.063	
0	152.2, F	0.304	21.104	
0	2.8, F	1.324	21.146	
0	177.5, F	1.067	21.188	
0	166.6, F	0.951	21.230	
0	172.8, F	1.105	21.271	
0	206.1, F	1.036	21.313	
0	176.7, F	2.481	21.355	
0	175.7, F	1.364	21.396	
0	96.3, F	0.217	21.438	
0	181.6, F	0.557	21.480	
0	178.9, F	0.874	21.521	
0	171.9, F	0.727	21.563	
0	160.4, F	0.241	21.605	
0	21.3, F	0.116	21.647	
0	130.0, F	0.138	21.688	
0	152.1, F	0.583	21.730	
0	177.2, F	0.926	21.772	
0	217.3, F	0.925	21.813	
0	15.2, F	0.576	21.855	
0	162.1, F	1.114	21.897	
0	325.3, F	0.316	21.939	
0	None	0	21.980	0.04199999999999804
0	115.4, F	0.525	22.022	
0	69.4, F	0.116	22.064	
0	47.1, F	0.195	22.105	
0	88.9, F	0.256	22.147	
0	260.0, F	0.38	22.189	
0	100.9, F	0.487	22.231	
0	None	0	22.272	0.04200000000000159
0	114.4, F	0.119	22.314	
0	107.3, F	0.172	22.356	
0	131.5, F	0.21	22.397	
0	154.6, F	0.327	22.439	
0	234.4, F	0.746	22.481	
0	49.2, F	0.214	22.523	
0	106.5, F	0.274	22.564	
0	172.6, F	0.344	22.606	
0	167.3, F	11.565	22.648	
0	216.4, F	0.798	22.689	
0	142.2, F	0.338	22.731	
0	180.7, F	0.6	22.773	
0	238.6, F	0.127	22.814	
0	185.9, F	0.137	22.856	
0	141.1, F	0.437	22.898	
0	54.1, F	0.29	22.940	
0	57.6, F	0.981	22.981	
0	153.9, F	1.299	23.023	
0	198.3, F	0.459	23.065	
0	315.6, F	2.83	23.106	
0	66.3, F	0.862	23.148	
0	213.1, F	0.414	23.190	
0	98.3, F	0.714	23.232	
0	85.9, F	0.211	23.273	
0	130.5, F	0.599	23.315	
0	141.8, F	0.558	23.357	
0	126.2, F	2.221	23.398	
0	168.3, F	0.094	23.440	
0	80.0, F	0.892	23.482	
0	172.7, F	1.488	23.523	
0	127.7, F	2.41	23.565	
0	191.0, F	0.32	23.607	
0	155.4, F	2.995	23.649	
0	42.7, F	1.101	23.690	
0	141.9, F	2.586	23.732	
0	169.1, F	0.559	23.774	
0	137.4, F	0.398	23.815	
0	64.4, F	1.087	23.857	
0	156.9, F	2.503	23.899	
0	55.2, F	0.683	23.941	
0	192.4, F	0.452	23.982	
0	85.4, F	1.042	24.024	
0	194.0, F	1.335	24.066	
0	116.7, F	1.343	24.107	
0	122.0, F	0.3	24.149	
0	158.7, F	0.653	24.191	
0	112.0, F	1.055	24.233	
0	80.0, F	0.902	24.274	
0	181.8, F	0.729	24.316	
0	151.4, F	1.121	24.358	
0	84.2, F	0.673	24.399	
0	121.4, F	0.956	24.441	
0	20.0, F	0.246	24.483	
0	135.4, F	0.457	24.524	
0	107.6, F	1.268	24.566	
0	75.0, F	0.687	24.608	
0	137.7, F	0.843	24.650	
0	108.6, F	1.094	24.691	
0	97.2, F	1.056	24.733	
0	125.0, F	0.912	24.775	
0	76.6, F	0.548	24.816	
0	119.7, F	0.525	24.858	
0	102.3, F	1.452	24.900	
0	114.2, F	0.611	24.942	
0	142.3, F	0.475	24.983	
0	181.5, F	0.111	25.025	
0	112.6, F	1.154	25.067	
0	77.8, F	0.98	25.108	
0	126.5, F	0.896	25.150	
0	57.0, F	0.792	25.192	
0	103.7, F	1.044	25.234	
0	91.8, F	1.09	25.275	
0	110.9, F	0.506	25.317	
0	118.0, F	0.456	25.359	
0	112.5, F	2.045	25.400	
0	93.5, F	0.691	25.442	
0	105.9, F	1.348	25.484	
0	80.1, F	0.613	25.525	
0	102.7, F	0.991	25.567	
0	58.6, F	0.957	25.609	
0	96.1, F	0.723	25.651	
0	156.0, F	0.557	25.692	
0	102.4, F	0.794	25.734	
0	127.2, F	0.546	25.776	
0	66.4, F	0.867	25.817	
0	90.8, F	1.041	25.859	
0	82.2, F	1.312	25.901	
0	71.7, F	0.537	25.943	
0	82.7, F	1.338	25.984	
0	135.8, F	0.721	26.026	
0	112.0, F	0.88	26.068	
0	77.7, F	0.588	26.109	
0	91.1, F	1.374	26.151	
0	66.8, F	0.231	26.193	
0	84.8, F	0.543	26.235	
0	112.8, F	1.245	26.276	
0	27.3, F	0.098	26.318	
0	100.5, F	0.532	26.360	
0	109.1, F	0.701	26.401	
0	110.4, F	1.438	26.443	
0	18.6, F	0.307	26.485	
0	70.6, F	0.478	26.526	
0	116.5, F	0.86	26.568	
0	70.7, F	0.623	26.610	
0	92.7, F	0.32	26.652	
0	110.3, F	1.308	26.693	
0	117.7, F	1.148	26.735	
0	119.4, F	0.943	26.777	
0	138.0, F	0.413	26.818	
0	69.2, F	0.749	26.860	
0	107.0, F	1.075	26.902	
0	83.7, F	0.734	26.944	
0	205.6, F	0.565	26.985	
0	81.2, F	0.809	27.027	
0	76.1, F	1.025	27.069	
0	43.2, F	0.266	27.110	
0	120.7, F	0.472	27.152	
0	53.9, F	0.973	27.194	
0	78.3, F	0.623	27.236	
0	44.6, F	0.317	27.277	
0	186.1, F	0.48	27.319	
0	55.9, F	0.974	27.361	
0	166.9, F	0.146	27.402	
0	24.8, F	0.943	27.444	
0	133.4, F	0.751	27.486	
0	83.2, F	0.152	27.527	
0	80.7, F	0.912	27.569	
0	76.7, F	0.503	27.611	
0	49.3, F	0.301	27.653	
0	101.5, F	0.703	27.694	
0	65.1, F	0.742	27.736	
0	97.4, F	0.257	27.778	
0	101.2, F	0.449	27.819	
0	88.6, F	0.279	27.861	
0	80.9, F	0.736	27.903	
0	28.9, F	0.629	27.945	
0	10.6, F	1.173	27.986	
0	84.8, F	0.455	28.028	
0	2.2, F	1.066	28.070	
0	34.8, F	0.616	28.111	
0	80.6, F	0.516	28.153	
0	349.0, F	0.778	28.195	
0	35.2, F	0.638	28.237	
0	85.9, F	0.667	28.278	
0	12.6, F	0.627	28.320	
0	119.9, F	0.305	28.362	
0	28.7, F	0.67	28.403	
0	67.4, F	0.522	28.445	
0	2.7, F	0.783	28.487	
0	61.7, F	0.291	28.528	
0	27.1, F	0.811	28.570	
0	351.3, F	0.509	28.612	
0	36.5, F	0.109	28.654	
0	31.5, F	0.356	28.695	
0	19.5, F	1.257	28.737	
0	345.0, F	0.882	28.779	
0	48.1, F	0.489	28.820	
0	339.2, F	0.582	28.862	
0	19.4, F	1.227	28.904	
0	339.4, F	0.59	28.946	
0	333.4, F	0.584	28.987	
0	18.4, F	0.833	29.029	
0	358.9, F	1.135	29.071	
0	356.7, F	0.346	29.112	
0	340.5, F	0.865	29.154	
0	26.4, F	0.427	29.196	
0	330.5, F	0.885	29.238	
0	353.8, F	0.331	29.279	
0	0.5, F	0.679	29.321	
0	18.1, F	0.515	29.363	
0	37.1, F	0.737	29.404	
0	10.8, F	0.589	29.446	
0	41.0, F	2.545	29.488	
0	153.4, F	0.233	29.529	
0	27.0, F	1.43	29.571	
0	352.1, F	1.502	29.613	
0	310.7, F	0.916	29.655	
0	310.8, F	0.364	29.696	
0	314.2, F	1.074	29.738	
0	326.2, F	0.729	29.780	
0	351.4, F	1.002	29.821	
0	None	0	29.863	0.04200000000000159
0	331.4, F	1.252	29.905	
0	349.3, F	0.842	29.947	
0	323.4, F	0.939	29.988	
0	342.3, F	0.657	30.030	
0	337.8, F	1.102	30.072	
0	297.7, F	1.013	30.113	
0	350.9, F	0.593	30.155	
0	338.7, F	0.732	30.197	
0	347.6, F	1.347	30.239	
0	301.0, F	0.404	30.280	
0	316.2, F	0.964	30.322	
0	12.9, F	0.469	30.364	
0	338.9, F	0.866	30.405	
0	308.2, F	0.589	30.447	
0	355.0, F	0.903	30.489	
0	340.2, F	0.863	30.530	
0	291.9, F	0.933	30.572	
0	315.7, F	0.792	30.614	
0	338.7, F	0.357	30.656	
0	325.9, F	0.653	30.697	
0	344.5, F	0.83	30.739	
0	313.9, F	0.851	30.781	
0	343.7, F	0.299	30.822	
0	354.5, F	1.107	30.864	
0	347.8, F	0.906	30.906	
0	344.5, F	0.834	30.948	
0	None	0	30.989	0.04199999999999804
0	332.6, F	1.152	31.031	
0	20.3, F	1.44	31.073	
0	346.5, F	1.698	31.114	
0	276.2, F	0.214	31.156	
0	331.0, F	1.193	31.198	
0	350.9, F	1.249	31.240	
0	321.1, F	0.918	31.281	
0	341.5, F	0.475	31.323	
0	350.7, F	1.271	31.365	
0	333.7, F	0.75	31.406	
0	319.0, F	0.941	31.448	
0	339.4, F	0.332	31.490	
0	330.1, F	0.87	31.531	
0	355.2, F	1.083	31.573	
0	294.8, F	1.02	31.615	
0	18.0, F	0.638	31.657	
0	323.4, F	0.889	31.698	
0	2.6, F	1.819	31.740	
0	5.6, F	0.612	31.782	
0	6.8, F	1.192	31.823	
0	339.9, F	0.749	31.865	
0	4.2, F	1.278	31.907	
0	331.8, F	0.818	31.949	
0	33.2, F	0.362	31.990	
0	316.8, F	0.388	32.032	
0	22.5, F	0.941	32.074	
0	349.5, F	0.889	32.115	
0	49.4, F	0.66	32.157	
0	9.4, F	0.822	32.199	
0	40.1, F	2.503	32.241	
0	228.6, F	0.317	32.282	
0	305.9, F	0.715	32.324	
0	99.0, F	0.521	32.366	
0	328.9, F	0.995	32.407	
0	76.8, F	0.646	32.449	
0	359.6, F	0.63	32.491	
0	18.8, F	0.471	32.532	
0	42.5, F	2.998	32.574	
0	25.9, F	0.624	32.616	
0	23.7, F	1.276	32.658	
0	310.8, F	0.605	32.699	
0	349.0, F	1.782	32.741	
0	125.0, F	0.439	32.783	
0	359.2, F	0.347	32.824	
0	7.0, F	0.784	32.866	
0	34.3, F	1.674	32.908	
0	11.5, F	0.94	32.950	
0	20.5, F	0.712	32.991	
0	6.9, F	0.855	33.033	
0	18.8, F	1.474	33.075	
0	344.3, F	0.399	33.116	
0	77.3, F	0.803	33.158	
0	14.1, F	1.068	33.200	
0	350.2, F	1.544	33.242	
0	42.6, F	0.936	33.283	
0	13.6, F	0.708	33.325	
0	330.1, F	0.668	33.367	
0	60.5, F	1.019	33.408	
0	53.5, F	0.556	33.450	
0	1.9, F	1.046	33.492	
0	18.9, F	0.712	33.533	
0	38.3, F	1.566	33.575	
0	354.0, F	0.964	33.617	
0	65.9, F	1.278	33.659	
0	16.1, F	0.45	33.700	
0	31.1, F	2.417	33.742	
0	29.5, F	0.441	33.784	
0	82.2, F	0.75	33.825	
0	19.2, F	0.777	33.867	
0	52.4, F	1.711	33.909	
0	3.2, F	1.262	33.951	
0	75.8, F	0.468	33.992	
0	4.0, F	0.779	34.034	
0	28.0, F	1.619	34.076	
0	11.0, F	0.341	34.117	
0	20.3, F	1.286	34.159	
0	330.7, F	0.253	34.201	
0	11.9, F	1.788	34.243	
0	88.1, F	0.488	34.284	
0	359.1, F	0.693	34.326	
0	36.9, F	0.471	34.368	
0	34.2, F	2.12	34.409	
0	346.7, F	0.656	34.451	
0	78.3, F	0.901	34.493	
0	332.2, F	0.221	34.535	
0	53.0, F	1.925	34.576	
0	344.2, F	0.638	34.618	
0	86.8, F	0.87	34.660	
0	42.7, F	0.846	34.701	
0	38.9, F	0.811	34.743	
0	31.9, F	0.303	34.785	
0	47.7, F	0.83	34.826	
0	35.8, F	0.693	34.868	
0	48.2, F	1.723	34.910	
0	64.1, F	0.367	34.952	
0	57.4, F	1.162	34.993	
0	349.8, F	0.113	35.035	
0	28.0, F	1.462	35.077	
0	108.9, F	1.205	35.118	
0	32.4, F	0.315	35.160	
0	6.3, F	0.618	35.202	
0	67.1, F	1.343	35.244	
0	56.5, F	0.732	35.285	
0	23.5, F	0.929	35.327	
0	18.2, F	0.541	35.369	
0	67.7, F	1.484	35.410	
0	53.2, F	0.374	35.452	
0	48.2, F	0.996	35.494	
0	62.0, F	0.595	35.535	
0	37.6, F	1.26	35.577	
0	105.1, F	0.532	35.619	
0	49.2, F	1.392	35.661	
0	None	0	35.702	0.04200000000000159
0	56.4, F	1.312	35.744	
0	37.3, F	1.089	35.786	
0	143.2, F	0.411	35.827	
0	22.2, F	0.866	35.869	
0	74.3, F	1.219	35.911	
0	42.8, F	0.933	35.953	
0	110.4, F	0.564	35.994	
0	26.0, F	0.804	36.036	
0	38.6, F	0.941	36.078	
0	93.8, F	1.24	36.119	
0	11.1, F	0.575	36.161	
0	60.7, F	0.706	36.203	
0	65.1, F	1.518	36.245	
0	26.8, F	0.785	36.286	
0	72.3, F	1.017	36.328	
0	None	0	36.370	0.04100000000000392
0	69.6, F	1.398	36.411	
0	43.7, F	1.395	36.453	
0	194.7, F	0.319	36.495	
0	45.7, F	0.626	36.536	
0	69.0, F	1.818	36.578	
0	81.7, F	0.616	36.620	
0	40.5, F	0.972	36.662	
0	13.1, F	0.656	36.703	
0	70.6, F	1.656	36.745	
0	80.7, F	0.74	36.787	
0	58.9, F	0.481	36.828	
0	117.5, F	0.236	36.870	
0	55.1, F	1.734	36.912	
0	93.0, F	0.361	36.954	
0	81.0, F	1.475	36.995	
0	61.1, F	0.78	37.037	
0	59.6, F	1.438	37.079	
0	77.8, F	1.1	37.120	
0	124.3, F	0.224	37.162	
0	52.1, F	1.01	37.204	
0	76.2, F	1.288	37.246	
0	127.9, F	0.37	37.287	
0	47.0, F	0.994	37.329	
0	50.3, F	0.526	37.371	
0	55.6, F	0.97	37.412	
0	31.0, F	1.133	37.454	
0	90.1, F	0.39	37.496	
0	68.0, F	1.106	37.538	
0	47.1, F	1.168	37.579	
0	51.7, F	0.824	37.621	
0	65.7, F	0.68	37.663	
0	74.8, F	1.247	37.704	
0	70.4, F	1.095	37.746	
0	56.1, F	0.889	37.788	
0	67.7, F	0.527	37.829	
0	42.3, F	0.476	37.871	
0	76.6, F	1.42	37.913	
0	23.6, F	0.811	37.955	
0	37.4, F	0.306	37.996	
0	53.9, F	0.779	38.038	
0	77.7, F	1.126	38.080	
0	69.6, F	1.031	38.121	
0	None	0	38.163	0.04200000000000159
0	81.9, F	1.181	38.205	
0	50.8, F	0.903	38.247	
0	73.4, F	0.495	38.288	
0	37.0, F	0.541	38.330	
0	87.7, F	0.711	38.372	
0	63.0, F	1.084	38.413	
0	45.2, F	0.907	38.455	
0	74.8, F	0.34	38.497	
0	18.9, F	0.145	38.538	
0	65.4, F	1.235	38.580	
0	77.6, F	0.675	38.622	
0	51.7, F	0.36	38.664	
0	89.3, F	0.702	38.705	
0	72.9, F	0.942	38.747	
0	56.4, F	0.757	38.789	
0	72.7, F	0.434	38.830	
0	31.1, F	0.409	38.872	
0	52.7, F	1.348	38.914	
0	28.1, F	0.378	38.956	
0	99.9, F	0.56	38.997	
0	72.4, F	0.409	39.039	
0	71.9, F	1.681	39.081	
0	43.7, F	0.874	39.122	
0	59.5, F	0.472	39.164	
0	124.0, F	0.279	39.206	
0	52.2, F	1.493	39.248	
0	90.1, F	0.702	39.289	
0	71.5, F	0.523	39.331	
0	7.2, F	0.335	39.373	
0	47.6, F	1.47	39.414	
0	196.3, F	0.168	39.456	
0	61.1, F	1.52	39.498	
0	22.7, F	0.381	39.539	
0	81.5, F	1.202	39.581	
0	351.4, F	0.48	39.623	
0	62.8, F	0.301	39.665	
0	58.8, F	0.666	39.706	
0	25.1, F	1.013	39.748	
0	99.7, F	0.23	39.790	
0	32.4, F	1.074	39.831	
0	112.3, F	0.448	39.873	
0	49.5, F	1.679	39.915	
0	62.7, F	0.29	39.957	
0	53.6, F	0.827	39.998	
0	85.7, F	0.429	40.040	
0	42.6, F	0.85	40.082	
0	52.5, F	0.32	40.123	
0	52.2, F	0.797	40.165	
0	84.0, F	0.343	40.207	
0	72.5, F	1.442	40.249	
0	359.1, F	1.097	40.290	
0	93.6, F	0.416	40.332	
0	32.8, F	0.354	40.374	
0	70.8, F	1.61	40.415	
0	45.6, F	0.466	40.457	
0	73.9, F	1.155	40.499	
0	347.7, F	0.212	40.541	
0	64.7, F	1.502	40.582	
0	65.2, F	1.013	40.624	
0	2.3, F	0.547	40.666	
0	71.9, F	0.283	40.707	
0	79.5, F	1.465	40.749	
0	19.8, F	0.571	40.791	
0	72.8, F	0.468	40.832	
0	29.5, F	0.191	40.874	
0	92.3, F	0.871	40.916	
0	90.1, F	0.561	40.958	
0	37.0, F	0.286	40.999	
0	59.7, F	0.774	41.041	
0	48.7, F	0.989	41.083	
0	71.9, F	0.609	41.124	
0	4.8, F	0.44	41.166	
0	99.5, F	0.55	41.208	
0	51.3, F	0.901	41.250	
0	75.5, F	1.39	41.291	
0	16.6, F	0.635	41.333	
0	338.5, F	0.204	41.375	
0	69.3, F	1.594	41.416	
0	53.0, F	0.451	41.458	
0	10.2, F	0.496	41.500	
0	67.3, F	0.519	41.541	
0	7.3, F	1.274	41.583	
0	65.9, F	0.628	41.625	
0	11.7, F	0.782	41.667	
0	41.9, F	0.657	41.708	
0	68.6, F	1.401	41.750	
0	35.6, F	0.312	41.792	
0	35.5, F	0.737	41.833	
0	28.5, F	0.427	41.875	
0	42.5, F	2.172	41.917	
0	6.8, F	0.416	41.959	
0	88.1, F	0.55	42.000	
0	21.0, F	0.604	42.042	
0	47.5, F	0.91	42.084	
0	60.9, F	0.362	42.125	
0	350.7, F	0.503	42.167	
0	354.9, F	0.802	42.209	
0	65.4, F	0.807	42.251	
0	53.2, F	1.493	42.292	
0	16.6, F	0.384	42.334	
0	95.1, F	0.65	42.376	
0	58.2, F	0.84	42.417	
0	12.6, F	0.982	42.459	
0	59.6, F	0.927	42.501	
0	70.7, F	0.299	42.542	
0	17.3, F	0.574	42.584	
0	79.8, F	0.546	42.626	
0	29.5, F	0.563	42.668	
0	72.6, F	0.725	42.709	
0	43.9, F	1.229	42.751	
0	44.0, F	0.755	42.793	
0	10.3, F	0.219	42.834	
0	40.8, F	0.554	42.876	
0	78.0, F	1.027	42.918	
0	341.4, F	0.606	42.960	
0	69.0, F	0.865	43.001	
0	23.5, F	0.807	43.043	
0	22.9, F	0.799	43.085	
0	57.0, F	0.708	43.126	
0	48.2, F	0.254	43.168	
0	49.0, F	1.152	43.210	
0	53.8, F	1.054	43.252	
0	29.8, F	1.084	43.293	
0	61.7, F	0.613	43.335	
0	25.4, F	0.785	43.377	
0	18.6, F	0.839	43.418	
0	125.7, F	0.365	43.460	
0	18.9, F	0.973	43.502	
0	115.5, F	0.44	43.544	
0	9.1, F	1.418	43.585	
0	78.0, F	0.432	43.627	
0	70.9, F	0.615	43.669	
0	137.4, F	0.403	43.710	
0	9.0, F	1.183	43.752	
0	104.8, F	0.348	43.794	
0	79.2, F	0.711	43.835	
0	29.2, F	0.479	43.877	
0	26.7, F	1.156	43.919	
0	61.4, F	0.298	43.961	
0	35.8, F	0.561	44.002	
0	None	0	44.044	0.04200000000000159
0	19.9, F	0.693	44.086	
0	42.8, F	0.449	44.127	
0	353.6, F	0.732	44.169	
0	3.7, F	0.512	44.211	
0	40.2, F	0.646	44.253	
0	45.7, F	0.907	44.294	
0	None	0	44.336	0.04200000000000159
0	36.8, F	0.494	44.378	
0	82.1, F	0.87	44.419	
0	333.2, F	0.315	44.461	
0	49.2, F	1.194	44.503	
0	316.4, F	0.644	44.544	
0	54.9, F	1.194	44.586	
0	108.7, F	0.558	44.628	
0	278.6, F	0.543	44.670	
0	47.9, F	1.035	44.711	
0	321.1, F	0.673	44.753	
0	327.1, F	1.013	44.795	
0	19.1, F	0.355	44.836	
0	92.8, F	0.162	44.878	
0	355.6, F	0.709	44.920	
0	88.6, F	0.288	44.962	
0	187.2, F	8.822	45.003	
0	93.9, F	0.738	45.045	
0	98.3, F	0.097	45.087	
0	None	0	45.128	
0	None	0	45.170	0.08400000000000318
0	260.4, F	0.665	45.212	
0	58.8, F	16.223	45.254	
0	46.6, F	0.813	45.295	
0	201.0, F	0.092	45.337	
0	None	0	45.379	
0	None	0	45.420	
0	None	0	45.462	
0	None	0	45.504	
0	None	0	45.545	
0	None	0	45.587	
0	None	0	45.629	
0	None	0	45.671	0.3330000000000055
0	282.5, F	0.097	45.712	
0	None	0	45.754	
0	None	0	45.796	
0	None	0	45.837	0.125
0	93.7, F	0.677	45.879	
0	None	0	45.921	
0	None	0	45.963	
0	None	0	46.004	
0	None	0	46.046	
0	None	0	46.088	
0	None	0	46.129	
0	None	0	46.171	
0	None	0	46.213	0.3340000000000032
0	16.2, F	0.097	46.255	
0	None	0	46.296	
0	None	0	46.338	0.08400000000000318
0	2.8, F	0.104	46.380	
0	None	0	46.421	
0	None	0	46.463	
0	None	0	46.505	0.12599999999999767
0	277.2, F	0.583	46.547	
0	87.6, F	19.74	46.588	
0	148.3, F	0.511	46.630	
0	193.0, F	0.489	46.672	
0	43.2, F	1.595	46.713	
0	140.6, F	0.668	46.755	
0	91.8, F	0.804	46.797	
0	199.2, F	0.195	46.838	
0	158.5, F	0.47	46.880	
0	90.3, F	1.201	46.922	
0	63.0, F	0.849	46.964	
0	239.0, F	1.014	47.005	
0	80.2, F	1.331	47.047	
0	53.9, F	0.455	47.089	
0	102.4, F	1.275	47.130	
0	74.4, F	0.283	47.172	
0	244.8, F	1.103	47.214	
0	170.2, F	0.34	47.256	
0	70.2, F	1.636	47.297	
0	341.7, F	0.62	47.339	
0	36.8, F	1.395	47.381	
0	93.9, F	1.727	47.422	
0	62.7, F	0.397	47.464	
0	240.3, F	0.81	47.506	
0	272.4, F	0.459	47.547	
0	103.5, F	1.446	47.589	
0	290.6, F	0.307	47.631	
0	64.0, F	1.306	47.673	
0	54.1, F	1.734	47.714	
0	88.0, F	1.821	47.756	
0	224.1, F	1.59	47.798	
0	66.3, F	1.093	47.839	
0	140.5, F	0.491	47.881	
0	119.4, F	0.457	47.923	
0	106.9, F	1.238	47.965	
0	99.7, F	0.488	48.006	
0	256.3, F	0.292	48.048	
0	101.9, F	1.12	48.090	
0	214.9, F	0.654	48.131	
0	192.3, F	0.141	48.173	
0	201.1, F	0.912	48.215	
0	140.1, F	1.382	48.257	
0	14.3, F	0.625	48.298	
0	146.5, F	1.025	48.340	
0	41.7, F	1.023	48.382	
0	136.9, F	0.902	48.423	
0	213.9, F	1.689	48.465	
0	133.6, F	0.479	48.507	
0	61.8, F	0.836	48.548	
0	134.7, F	0.985	48.590	
0	78.0, F	0.321	48.632	
0	91.5, F	0.825	48.674	
0	183.0, F	0.772	48.715	
0	62.1, F	11.275	48.757	
0	91.7, F	0.761	48.799	
0	205.5, F	0.374	48.840	
0	139.1, F	1.127	48.882	
0	157.9, F	0.977	48.924	
0	166.7, F	0.327	48.966	
0	121.4, F	0.423	49.007	
0	130.2, F	1.113	49.049	
0	154.9, F	1.709	49.091	
0	193.6, F	0.846	49.132	
0	81.3, F	0.568	49.174	
0	164.8, F	0.654	49.216	
0	181.6, F	0.987	49.258	
0	151.3, F	0.74	49.299	
0	201.4, F	0.547	49.341	
0	132.8, F	0.381	49.383	
0	142.6, F	1.385	49.424	
0	161.6, F	1.095	49.466	
0	168.7, F	0.956	49.508	
0	135.2, F	0.868	49.550	
0	169.4, F	1.356	49.591	
0	221.5, F	0.708	49.633	
0	153.5, F	0.957	49.675	
0	89.0, F	0.175	49.716	
0	166.2, F	0.992	49.758	
0	212.4, F	0.624	49.800	
0	167.7, F	0.726	49.841	
0	130.9, F	0.638	49.883	
0	168.6, F	1.096	49.925	
0	181.1, F	0.307	49.967	
0	179.1, F	1.002	50.008	
0	158.3, F	0.878	50.050	
0	189.3, F	1.305	50.092	
0	128.8, F	0.358	50.133	
0	196.3, F	0.946	50.175	
0	87.1, F	0.315	50.217	
0	206.6, F	1.137	50.259	
0	162.2, F	0.789	50.300	
0	160.5, F	0.561	50.342	
0	234.8, F	0.749	50.384	
0	174.3, F	1.212	50.425	
0	196.0, F	0.105	50.467	
0	183.0, F	0.528	50.509	
0	185.2, F	0.134	50.550	
0	167.1, F	1.125	50.592	
0	144.7, F	0.903	50.634	
0	177.7, F	0.757	50.676	
0	206.5, F	0.33	50.717	
0	145.2, F	1.03	50.759	
0	200.2, F	0.714	50.801	
0	125.1, F	1.085	50.842	
0	120.9, F	0.4	50.884	
0	158.4, F	1.585	50.926	
0	179.9, F	0.589	50.968	
0	112.7, F	0.376	51.009	
0	134.7, F	1.223	51.051	
0	146.4, F	0.745	51.093	
0	162.4, F	0.301	51.134	
0	150.6, F	1.009	51.176	
0	189.8, F	0.702	51.218	
0	116.3, F	1.821	51.260	
0	236.3, F	0.627	51.301	
0	66.7, F	0.715	51.343	
0	160.0, F	1.081	51.385	
0	122.9, F	1.574	51.426	
0	212.8, F	0.682	51.468	
0	135.0, F	0.995	51.510	
0	131.8, F	0.872	51.551	
0	157.1, F	0.901	51.593	
0	168.6, F	0.703	51.635	
0	113.5, F	0.607	51.677	
0	130.0, F	0.171	51.718	
0	137.8, F	1.017	51.760	
0	150.4, F	0.369	51.802	
0	156.1, F	0.719	51.843	
0	103.6, F	0.564	51.885	
0	174.6, F	1.064	51.927	
0	74.3, F	0.211	51.969	
0	221.2, F	0.407	52.010	
0	132.6, F	0.504	52.052	
0	168.1, F	0.446	52.094	
0	152.8, F	0.988	52.135	
0	129.2, F	0.607	52.177	
0	145.9, F	0.287	52.219	
0	150.3, F	1.425	52.261	
0	171.0, F	0.446	52.302	
0	145.9, F	1.094	52.344	
0	192.1, F	4.25	52.386	
0	142.7, F	1.553	52.427	
0	210.2, F	0.412	52.469	
0	57.9, F	1.09	52.511	
0	167.7, F	1.379	52.552	
0	225.2, F	1.225	52.594	
0	55.2, F	0.442	52.636	
0	118.7, F	1.078	52.678	
0	190.7, F	0.491	52.719	
0	139.4, F	1.697	52.761	
0	305.4, F	0.296	52.803	
0	180.3, F	0.869	52.844	
0	18.1, F	0.222	52.886	
0	146.9, F	1.127	52.928	
0	69.4, F	0.487	52.970	
0	206.9, F	0.931	53.011	
0	86.9, F	0.597	53.053	
0	165.2, F	0.696	53.095	
0	120.0, F	0.422	53.136	
0	204.2, F	0.684	53.178	
0	41.5, F	0.387	53.220	
0	148.3, F	1.335	53.262	
0	231.1, F	0.591	53.303	
0	None	0	53.345	0.04200000000000159
0	150.6, F	0.713	53.387	
0	205.9, F	0.646	53.428	
0	327.6, F	0.276	53.470	
0	113.9, F	1.057	53.512	
0	312.0, F	0.489	53.553	
0	95.9, F	0.999	53.595	
0	136.0, F	0.439	53.637	
0	164.6, F	0.667	53.679	
0	110.2, F	0.13	53.720	
0	93.1, F	0.183	53.762	
0	62.9, F	1.421	53.804	
0	101.1, F	0.269	53.845	
0	130.7, F	0.503	53.887	
0	109.8, F	1.027	53.929	
0	351.7, F	0.319	53.971	
0	33.7, F	0.707	54.012	
0	149.3, F	0.441	54.054	
0	102.6, F	1.257	54.096	
0	17.7, F	0.688	54.137	
0	142.1, F	0.264	54.179	
0	106.2, F	0.472	54.221	
0	149.7, F	0.614	54.263	
0	173.1, F	0.109	54.304	
0	84.0, F	0.354	54.346	
0	134.0, F	0.431	54.388	
0	87.7, F	0.427	54.429	
0	171.8, F	0.66	54.471	
0	99.0, F	0.217	54.513	
0	112.5, F	0.513	54.554	
0	190.4, F	0.233	54.596	
0	173.9, F	0.385	54.638	
0	85.1, F	0.247	54.680	
0	122.2, F	0.392	54.721	
0	179.2, F	0.526	54.763	
0	87.6, F	0.284	54.805	
0	101.1, F	0.524	54.846	
0	190.8, F	0.208	54.888	
0	131.5, F	0.585	54.930	
0	121.0, F	0.896	54.972	
0	88.5, F	0.229	55.013	
0	82.8, F	0.479	55.055	
0	81.8, F	0.154	55.097	
0	89.8, F	0.283	55.138	
0	235.9, F	0.171	55.180	
0	95.4, F	0.783	55.222	
0	286.7, F	0.316	55.264	
0	66.5, F	0.631	55.305	
0	8.6, F	0.302	55.347	
0	144.2, F	0.38	55.389	
0	53.8, F	0.916	55.430	
0	72.4, F	0.228	55.472	
0	321.7, F	0.199	55.514	
0	68.0, F	0.768	55.555	
0	114.4, F	0.615	55.597	
0	5.8, F	0.505	55.639	
0	100.0, F	0.248	55.681	
0	66.5, F	0.398	55.722	
0	343.3, F	0.507	55.764	
0	212.4, F	0.114	55.806	
0	None	0	55.847	
0	None	0	55.889	0.08399999999999608
0	17.9, F	0.228	55.931	
0	16.7, F	0.307	55.973	
0	28.4, F	0.252	56.014	
0	170.2, F	0.39	56.056	
0	22.4, F	0.331	56.098	
0	160.3, F	0.296	56.139	
0	17.1, F	0.38	56.181	
0	155.6, F	0.291	56.223	
0	300.9, F	0.644	56.265	
0	145.4, F	0.216	56.306	
0	13.4, F	0.474	56.348	
0	161.2, F	0.229	56.390	
0	155.6, F	0.259	56.431	
0	10.6, F	0.385	56.473	
0	247.7, F	0.71	56.515	
0	172.8, F	0.28	56.556	
0	352.6, F	0.309	56.598	
0	187.7, F	0.336	56.640	
0	348.9, F	0.274	56.682	
0	192.4, F	0.376	56.723	
0	67.7, F	0.665	56.765	
0	343.3, F	0.139	56.807	
0	191.0, F	0.376	56.848	
0	353.9, F	0.254	56.890	
0	2.5, F	0.226	56.932	
0	184.9, F	0.378	56.974	
0	357.7, F	0.227	57.015	
0	189.9, F	0.425	57.057	
0	None	0	57.099	
0	None	0	57.140	
0	None	0	57.182	0.125
0	223.3, F	0.098	57.224	
0	213.9, F	0.165	57.266	
0	210.3, F	0.164	57.307	
0	101.8, F	0.546	57.349	
0	355.7, F	0.497	57.391	
0	189.0, F	0.231	57.432	
0	178.0, F	0.264	57.474	
0	22.7, F	0.267	57.516	
0	169.9, F	0.366	57.557	
0	44.3, F	0.286	57.599	
0	281.8, F	0.372	57.641	
0	158.0, F	0.524	57.683	
0	64.2, F	0.389	57.724	
0	287.8, F	0.161	57.766	
0	None	0	57.808	
0	None	0	57.849	
0	None	0	57.891	0.125
0	69.4, F	0.173	57.933	
0	75.0, F	0.301	57.975	
0	74.9, F	0.357	58.016	
0	207.1, F	0.806	58.058	
0	80.6, F	0.594	58.100	
0	2.4, F	0.145	58.141	
0	46.1, F	0.522	58.183	
0	54.9, F	0.417	58.225	
0	4.0, F	0.3	58.267	
0	167.6, F	0.33	58.308	
0	36.2, F	0.62	58.350	
0	115.6, F	0.556	58.392	
0	160.8, F	0.291	58.433	
0	35.8, F	0.467	58.475	
0	154.4, F	0.44	58.517	
0	344.4, F	0.415	58.558	
0	183.4, F	0.323	58.600	
0	19.4, F	0.597	58.642	
0	174.6, F	0.289	58.684	
0	99.4, F	0.367	58.725	
0	77.6, F	0.121	58.767	
0	68.5, F	0.284	58.809	
0	72.4, F	0.457	58.850	
0	36.6, F	0.092	58.892	
0	144.0, F	0.502	58.934	
0	69.4, F	0.772	58.976	
0	59.0, F	0.231	59.017	
0	72.0, F	0.526	59.059	
0	172.7, F	0.629	59.101	
0	68.8, F	0.503	59.142	
0	65.1, F	0.095	59.184	
0	41.9, F	0.289	59.226	
0	86.6, F	0.939	59.268	
0	149.1, F	0.395	59.309	
0	17.4, F	0.227	59.351	
0	43.5, F	0.402	59.393	
0	94.2, F	0.619	59.434	
0	113.2, F	0.314	59.476	
0	100.9, F	0.386	59.518	
0	1.9, F	0.623	59.559	
0	84.8, F	0.274	59.601	
0	71.8, F	0.295	59.643	
0	300.6, F	0.204	59.685	
0	126.8, F	0.827	59.726	
0	24.2, F	0.564	59.768	
0	279.0, F	0.167	59.810	
0	78.6, F	0.67	59.851	
0	20.8, F	0.327	59.893	
0	36.8, F	1.277	59.935	
0	149.7, F	0.271	59.977	
0	345.8, F	0.809	60.018	
0	65.2, F	0.881	60.060	
0	80.1, F	0.619	60.102	
0	41.3, F	0.429	60.143	
0	8.4, F	0.515	60.185	
0	82.1, F	0.32	60.227	
0	86.0, F	1.047	60.269	
0	72.0, F	0.761	60.310	
0	141.0, F	0.404	60.352	
0	1.6, F	0.256	60.394	
0	76.8, F	0.801	60.435	
0	108.3, F	0.319	60.477	
0	95.8, F	0.714	60.519	
0	27.9, F	0.791	60.560	
0	120.6, F	0.302	60.602	
0	100.4, F	0.574	60.644	
0	124.0, F	0.299	60.686	
0	108.4, F	0.523	60.727	
0	136.0, F	0.607	60.769	
0	96.6, F	0.988	60.811	
0	223.4, F	0.226	60.852	
0	122.0, F	0.925	60.894	
0	97.8, F	0.792	60.936	
0	74.4, F	0.334	60.978	
0	173.5, F	0.176	61.019	
0	110.0, F	0.339	61.061	
0	113.0, F	1.091	61.103	
0	355.2, F	0.322	61.144	
0	36.8, F	0.564	61.186	
0	116.0, F	0.491	61.228	
0	148.7, F	0.583	61.270	
0	76.9, F	0.674	61.311	
0	77.2, F	0.262	61.353	
0	85.8, F	0.499	61.395	
0	66.2, F	0.633	61.436	
0	132.1, F	0.37	61.478	
0	56.6, F	0.886	61.520	
0	106.1, F	0.425	61.561	
0	69.3, F	0.642	61.603	
0	66.8, F	1.279	61.645	
0	105.5, F	0.243	61.687	
0	66.8, F	0.506	61.728	
0	53.4, F	0.517	61.770	
0	3.6, F	0.191	61.812	
0	149.0, F	0.295	61.853	
0	42.7, F	0.435	61.895	
0	88.1, F	0.798	61.937	
0	156.8, F	0.107	61.979	
0	101.7, F	0.236	62.020	
0	255.8, F	0.236	62.062	
0	75.8, F	0.485	62.104	
0	318.5, F	0.183	62.145	
0	325.1, F	0.182	62.187	
0	319.4, F	0.158	62.229	
0	76.3, F	0.49	62.271	
0	291.1, F	0.131	62.312	
0	192.9, F	0.867	62.354	
0	342.1, F	0.643	62.396	
0	115.4, F	0.497	62.437	
0	218.4, F	0.296	62.479	
0	216.7, F	0.362	62.521	
0	60.7, F	0.397	62.562	
0	289.4, F	0.352	62.604	
0	158.3, F	0.808	62.646	
0	263.6, F	0.37	62.688	
0	105.8, F	0.368	62.729	
0	334.9, F	0.535	62.771	
0	200.0, F	0.31	62.813	
0	117.8, F	0.614	62.854	
0	353.9, F	0.227	62.896	
0	176.1, F	0.534	62.938	
0	34.7, F	0.151	62.980	
0	47.5, F	0.214	63.021	
0	48.4, F	0.213	63.063	
0	281.6, F	0.532	63.105	
0	156.4, F	0.54	63.146	
0	55.7, F	0.366	63.188	
0	313.7, F	0.272	63.230	
0	59.8, F	0.613	63.272	
0	184.3, F	0.39	63.313	
0	15.1, F	0.387	63.355	
0	159.1, F	0.297	63.397	
0	31.8, F	0.633	63.438	
0	227.5, F	0.447	63.480	
0	106.6, F	0.318	63.522	
0	240.5, F	0.353	63.563	
0	28.2, F	0.654	63.605	
0	235.2, F	0.34	63.647	
0	108.7, F	0.349	63.689	
0	223.9, F	0.376	63.730	
0	39.0, F	0.565	63.772	
0	212.8, F	0.373	63.814	
0	215.5, F	0.35	63.855	
0	39.4, F	0.577	63.897	
0	209.4, F	0.414	63.939	
0	330.4, F	0.29	63.981	
0	130.5, F	0.475	64.022	
0	329.3, F	0.252	64.064	
0	195.8, F	0.471	64.106	
0	343.8, F	0.223	64.147	
0	357.0, F	0.192	64.189	
0	62.6, F	0.597	64.231	
0	190.6, F	0.585	64.273	
0	274.2, F	0.165	64.314	
0	259.8, F	0.275	64.356	
0	116.6, F	0.323	64.398	
0	241.7, F	0.874	64.439	
0	298.2, F	0.256	64.481	
0	267.0, F	0.475	64.523	
0	182.3, F	0.343	64.564	
0	220.8, F	1.049	64.606	
0	231.8, F	0.256	64.648	
0	227.6, F	0.551	64.690	
0	None	0	64.731	0.04200000000000159
0	247.3, F	0.427	64.773	
0	244.3, F	0.716	64.815	
0	191.2, F	0.437	64.856	
0	306.6, F	0.151	64.898	
0	110.0, F	0.236	64.940	
0	255.1, F	0.386	64.982	
0	147.6, F	0.275	65.023	
0	158.4, F	0.267	65.065	
0	304.3, F	0.632	65.107	
0	164.3, F	0.269	65.148	
0	43.3, F	0.383	65.190	
0	151.1, F	0.337	65.232	
0	313.6, F	0.471	65.274	
0	133.8, F	0.276	65.315	
0	119.9, F	0.319	65.357	
0	331.7, F	0.5	65.399	
0	96.0, F	0.468	65.440	
0	252.4, F	0.186	65.482	
0	249.7, F	0.181	65.524	
0	244.4, F	0.194	65.566	
0	98.8, F	0.472	65.607	
0	347.9, F	0.467	65.649	
0	222.8, F	0.26	65.691	
0	214.4, F	0.303	65.732	
0	53.8, F	0.68	65.774	
0	214.1, F	0.258	65.816	
0	211.6, F	0.283	65.857	
0	349.3, F	0.362	65.899	
0	211.7, F	0.432	65.941	
0	45.4, F	0.643	65.983	
0	214.7, F	0.5	66.024	
0	322.3, F	0.466	66.066	
0	138.5, F	0.453	66.108	
0	324.2, F	0.573	66.149	
0	118.9, F	0.319	66.191	
0	250.5, F	0.402	66.233	
0	102.6, F	0.321	66.275	
0	90.0, F	0.282	66.316	
0	298.9, F	0.302	66.358	
0	54.3, F	0.44	66.400	
0	328.7, F	0.411	66.441	
0	232.6, F	0.326	66.483	
0	43.3, F	0.703	66.525	
0	229.8, F	0.287	66.566	
0	232.2, F	0.202	66.608	
0	96.4, F	0.477	66.650	
0	246.4, F	0.232	66.692	
0	349.3, F	0.46	66.733	
0	235.9, F	0.284	66.775	
0	111.9, F	0.388	66.817	
0	231.0, F	0.284	66.858	
0	334.0, F	0.431	66.900	
0	107.3, F	0.373	66.942	
0	239.3, F	0.272	66.984	
0	111.9, F	0.415	67.025	
0	341.7, F	0.499	67.067	
0	222.3, F	0.27	67.109	
0	223.5, F	0.267	67.150	
0	45.2, F	0.709	67.192	
0	224.2, F	0.24	67.234	
0	226.7, F	0.213	67.276	
0	238.7, F	0.183	67.317	
0	94.4, F	0.431	67.359	
0	261.8, F	0.154	67.401	
0	298.8, F	0.17	67.442	
0	76.0, F	0.458	67.484	
0	306.6, F	0.169	67.526	
0	307.3, F	0.173	67.567	
0	313.2, F	0.162	67.609	
0	310.6, F	0.149	67.651	
0	76.7, F	0.612	67.693	
0	191.7, F	0.551	67.734	
0	13.6, F	0.201	67.776	
0	39.0, F	0.203	67.818	
0	49.9, F	0.264	67.859	
0	221.7, F	0.718	67.901	
0	65.8, F	0.452	67.943	
0	67.7, F	0.468	67.985	
0	306.7, F	0.239	68.026	
0	319.6, F	0.105	68.068	
0	182.4, F	0.449	68.110	
0	2.1, F	0.193	68.151	
0	29.6, F	0.296	68.193	
0	163.2, F	0.411	68.235	
0	43.9, F	0.4	68.277	
0	53.0, F	0.377	68.318	
0	214.1, F	0.506	68.360	
0	58.2, F	0.579	68.402	
0	185.0, F	0.421	68.443	
0	19.6, F	0.259	68.485	
0	29.9, F	0.269	68.527	
0	150.7, F	0.419	68.569	
0	316.5, F	0.402	68.610	
0	126.5, F	0.471	68.652	
0	330.8, F	0.354	68.694	
0	125.8, F	0.52	68.735	
0	347.8, F	0.347	68.777	
0	207.9, F	0.325	68.819	
0	354.2, F	0.407	68.860	
0	203.9, F	0.321	68.902	
0	358.7, F	0.298	68.944	
0	194.9, F	0.31	68.986	
0	62.2, F	0.824	69.027	
0	188.0, F	0.332	69.069	
0	22.1, F	0.292	69.111	
0	166.7, F	0.34	69.152	
0	296.4, F	0.574	69.194	
0	149.3, F	0.358	69.236	
0	48.0, F	0.421	69.278	
0	220.3, F	0.489	69.319	
0	50.7, F	0.434	69.361	
0	220.1, F	0.466	69.403	
0	48.0, F	0.441	69.444	
0	316.0, F	0.428	69.486	
0	138.7, F	0.4	69.528	
0	225.8, F	0.397	69.569	
0	46.2, F	0.452	69.611	
0	229.0, F	0.366	69.653	
0	41.0, F	0.554	69.695	
0	227.0, F	0.371	69.736	
0	41.0, F	0.497	69.778	
0	226.4, F	0.405	69.820	
0	132.7, F	0.381	69.861	
0	312.8, F	0.365	69.903	
0	134.2, F	0.572	69.945	
0	336.0, F	0.253	69.987	
0	337.7, F	0.24	70.028	
0	193.5, F	0.433	70.070	
0	335.3, F	0.242	70.112	
0	67.9, F	0.581	70.153	
0	196.4, F	0.427	70.195	
0	329.8, F	0.268	70.237	
0	319.9, F	0.281	70.279	
0	205.9, F	0.48	70.320	
0	59.9, F	0.462	70.362	
0	311.1, F	0.247	70.404	
0	199.9, F	0.504	70.445	
0	74.3, F	0.462	70.487	
0	300.9, F	0.16	70.529	
0	315.7, F	0.117	70.570	
0	None	0	70.612	
0	None	0	70.654	0.08400000000000318
0	180.0, F	0.622	70.696	
0	36.6, F	0.141	70.737	
0	42.9, F	0.253	70.779	
0	53.7, F	0.211	70.821	
0	48.9, F	0.281	70.862	
0	223.6, F	0.635	70.904	
0	66.9, F	0.382	70.946	
0	75.6, F	0.417	70.988	
0	318.1, F	0.184	71.029	
0	334.9, F	0.12	71.071	
0	167.2, F	0.77	71.113	
0	64.2, F	0.234	71.154	
0	66.9, F	0.224	71.196	
0	69.3, F	0.258	71.238	
0	295.8, F	0.288	71.280	
0	70.7, F	0.523	71.321	
0	300.7, F	0.231	71.363	
0	311.4, F	0.145	71.405	
0	178.9, F	0.671	71.446	
0	41.9, F	0.105	71.488	
0	77.4, F	0.174	71.530	
0	69.2, F	0.274	71.572	
0	72.9, F	0.435	71.613	
0	286.1, F	0.231	71.655	
0	287.9, F	0.182	71.697	
0	89.0, F	0.575	71.738	
0	193.8, F	0.138	71.780	
0	141.9, F	0.094	71.822	
0	138.0, F	0.3	71.863	
0	143.0, F	0.389	71.905	
0	321.8, F	0.429	71.947	
0	125.6, F	0.429	71.989	
0	343.0, F	0.386	72.030	
0	205.2, F	0.482	72.072	
0	62.2, F	0.677	72.114	
0	198.4, F	0.441	72.155	
0	326.8, F	0.152	72.197	
0	326.4, F	0.146	72.239	
0	195.0, F	0.53	72.281	
0	337.6, F	0.197	72.322	
0	337.0, F	0.207	72.364	
0	63.1, F	0.639	72.406	
0	198.5, F	0.692	72.447	
0	300.1, F	0.195	72.489	
0	295.5, F	0.188	72.531	
0	295.9, F	0.165	72.572	
0	78.3, F	0.626	72.614	
0	None	0	72.656	
0	None	0	72.698	0.08299999999999841
0	163.9, F	0.094	72.739	
0	145.1, F	0.213	72.781	
0	137.5, F	0.297	72.823	
0	232.9, F	0.515	72.864	
0	51.0, F	0.583	72.906	
0	215.3, F	0.36	72.948	
0	58.3, F	0.774	72.990	
0	181.2, F	0.295	73.031	
0	160.6, F	0.329	73.073	
0	42.5, F	0.413	73.115	
0	224.5, F	0.565	73.156	
0	56.0, F	0.594	73.198	
0	319.5, F	0.308	73.240	
0	210.0, F	0.449	73.282	
0	56.9, F	0.667	73.323	
0	209.4, F	0.371	73.365	
0	334.3, F	0.267	73.407	
0	199.3, F	0.501	73.448	
0	62.1, F	0.65	73.490	
0	326.1, F	0.228	73.532	
0	200.8, F	0.536	73.573	
0	308.7, F	0.256	73.615	
0	289.0, F	0.274	73.657	
0	70.3, F	0.456	73.699	
0	209.4, F	0.67	73.740	
0	71.2, F	0.481	73.782	
0	281.0, F	0.21	73.824	
0	None	0	73.865	
0	None	0	73.907	0.08400000000000318
0	60.3, F	0.246	73.949	
0	68.0, F	0.203	73.991	
0	58.5, F	0.218	74.032	
0	165.9, F	0.571	74.074	
0	275.6, F	0.434	74.116	
0	63.6, F	0.277	74.157	
0	65.9, F	0.279	74.199	
0	289.0, F	0.348	74.241	
0	70.0, F	0.418	74.283	
0	207.9, F	0.638	74.324	
0	65.6, F	0.605	74.366	
0	324.5, F	0.258	74.408	
0	345.6, F	0.302	74.449	
0	190.4, F	0.295	74.491	
0	13.9, F	0.321	74.533	
0	164.6, F	0.256	74.575	
0	30.3, F	0.441	74.616	
0	134.8, F	0.328	74.658	
0	239.2, F	0.463	74.700	
0	43.2, F	0.572	74.741	
0	205.6, F	0.419	74.783	
0	52.9, F	0.713	74.825	
0	213.6, F	0.329	74.866	
0	213.5, F	0.317	74.908	
0	354.3, F	0.425	74.950	
0	216.8, F	0.279	74.992	
0	112.9, F	0.508	75.033	
0	330.6, F	0.371	75.075	
0	228.2, F	0.474	75.117	
0	43.1, F	0.479	75.158	
0	234.0, F	0.514	75.200	
0	40.6, F	0.444	75.242	
0	235.0, F	0.568	75.284	
0	33.5, F	0.415	75.325	
0	158.5, F	0.388	75.367	
0	35.5, F	0.376	75.409	
0	236.1, F	0.638	75.450	
0	31.1, F	0.406	75.492	
0	146.7, F	0.175	75.534	
0	160.0, F	0.269	75.575	
0	301.9, F	0.594	75.617	
0	159.6, F	0.201	75.659	
0	20.2, F	0.46	75.701	
0	165.0, F	0.193	75.742	
0	173.2, F	0.193	75.784	
0	13.3, F	0.486	75.826	
0	166.3, F	0.156	75.867	
0	167.9, F	0.115	75.909	
0	177.7, F	0.126	75.951	
0	166.8, F	0.131	75.993	
0	306.6, F	0.777	76.034	
0	174.0, F	0.106	76.076	
0	173.9, F	0.122	76.118	
0	175.3, F	0.16	76.159	
0	4.3, F	0.632	76.201	
0	None	0	76.243	
0	None	0	76.285	
0	None	0	76.326	
0	None	0	76.368	0.1670000000000016
0	156.3, F	0.099	76.410	
0	None	0	76.451	0.04200000000000159
0	155.3, F	0.108	76.493	
0	173.6, F	0.116	76.535	
0	9.8, F	0.604	76.576	
0	None	0	76.618	
0	None	0	76.660	
0	None	0	76.702	
0	None	0	76.743	
0	None	0	76.785	
0	None	0	76.827	
0	None	0	76.868	
0	None	0	76.910	
0	None	0	76.952	
0	None	0	76.994	
0	None	0	77.035	
0	None	0	77.077	0.5010000000000048
0	160.6, F	0.108	77.119	
0	161.1, F	0.108	77.160	
0	10.9, F	0.47	77.202	
0	176.8, F	0.161	77.244	
0	172.2, F	0.207	77.286	
0	164.9, F	0.238	77.327	
0	297.3, F	0.558	77.369	
0	161.6, F	0.289	77.411	
0	22.0, F	0.331	77.452	
0	168.9, F	0.435	77.494	
0	38.5, F	0.217	77.536	
0	59.2, F	0.158	77.578	
0	267.8, F	0.51	77.619	
0	56.1, F	0.147	77.661	
0	175.5, F	0.737	77.703	
0	105.7, F	0.159	77.744	
0	19.5, F	0.671	77.786	
0	255.3, F	0.512	77.828	
0	122.9, F	0.247	77.869	
0	123.8, F	0.223	77.911	
0	244.9, F	0.498	77.953	
0	129.4, F	0.29	77.995	
0	37.9, F	0.433	78.036	
0	231.1, F	0.612	78.078	
0	40.5, F	0.384	78.120	
0	146.8, F	0.371	78.161	
0	301.8, F	0.425	78.203	
0	44.4, F	0.367	78.245	
0	151.4, F	0.384	78.287	
0	291.3, F	0.383	78.328	
0	158.1, F	0.435	78.370	
0	50.1, F	0.257	78.412	
0	283.0, F	0.418	78.453	
0	63.3, F	0.229	78.495	
0	170.5, F	0.688	78.537	
0	260.2, F	0.498	78.578	
0	101.5, F	0.221	78.620	
0	24.4, F	0.671	78.662	
0	254.4, F	0.469	78.704	
0	109.5, F	0.255	78.745	
0	110.0, F	0.248	78.787	
0	247.0, F	0.436	78.829	
0	104.5, F	0.295	78.870	
0	102.3, F	0.286	78.912	
0	341.9, F	0.471	78.954	
0	229.1, F	0.238	78.996	
0	100.2, F	0.406	79.037	
0	223.3, F	0.243	79.079	
0	209.5, F	0.195	79.121	
0	359.1, F	0.457	79.162	
0	202.7, F	0.199	79.204	
0	93.2, F	0.574	79.246	
0	137.3, F	0.122	79.288	
0	18.1, F	0.553	79.329	
0	248.1, F	0.661	79.371	
0	117.2, F	0.21	79.413	
0	119.4, F	0.352	79.454	
0	126.4, F	0.374	79.496	
0	343.2, F	0.297	79.538	
0	198.0, F	0.262	79.579	
0	28.4, F	0.456	79.621	
0	135.8, F	0.305	79.663	
0	44.8, F	0.711	79.705	
0	194.4, F	0.342	79.746	
0	150.4, F	0.342	79.788	
0	78.8, F	0.49	79.830	
0	None	0	79.871	0.04200000000000159
0	117.5, F	0.195	79.913	
0	115.4, F	0.758	79.955	
0	167.3, F	0.631	79.997	
0	87.9, F	0.56	80.038	
0	160.2, F	0.192	80.080	
0	129.5, F	0.565	80.122	
0	65.9, F	0.797	80.163	
0	161.7, F	0.828	80.205	
0	220.9, F	0.308	80.247	
0	82.2, F	1.176	80.289	
0	182.6, F	0.845	80.330	
0	21.1, F	0.553	80.372	
0	135.1, F	0.494	80.414	
0	158.2, F	1.123	80.455	
0	90.7, F	0.835	80.497	
0	101.3, F	0.388	80.539	
0	169.9, F	0.484	80.581	
0	132.8, F	1.201	80.622	
0	36.7, F	0.739	80.664	
0	167.6, F	0.275	80.706	
0	147.2, F	0.51	80.747	
0	92.4, F	1.092	80.789	
0	226.6, F	0.252	80.831	
0	119.8, F	0.904	80.872	
0	78.8, F	0.352	80.914	
0	125.3, F	0.348	80.956	
0	109.9, F	0.773	80.998	
0	149.0, F	0.531	81.039	
0	None	0	81.081	0.04200000000000159
0	108.9, F	1.032	81.123	
0	109.9, F	0.668	81.164	
0	49.3, F	0.483	81.206	
0	120.6, F	1.093	81.248	
0	86.6, F	0.307	81.290	
0	106.5, F	0.89	81.331	
0	122.3, F	0.455	81.373	
0	188.6, F	0.342	81.415	
0	88.3, F	0.823	81.456	
0	130.3, F	0.199	81.498	
0	107.6, F	0.367	81.540	
0	109.0, F	0.569	81.581	
0	184.1, F	0.504	81.623	
0	57.9, F	0.305	81.665	
0	90.0, F	0.342	81.707	
0	226.9, F	0.279	81.748	
0	120.7, F	1.071	81.790	
0	258.5, F	0.398	81.832	
0	110.7, F	0.397	81.873	
0	215.4, F	0.301	81.915	
0	98.0, F	0.968	81.957	
0	235.4, F	0.618	81.999	
0	146.9, F	0.465	82.040	
0	74.6, F	0.317	82.082	
0	201.6, F	0.61	82.124	
0	143.3, F	0.757	82.165	
0	175.5, F	0.424	82.207	
0	64.1, F	0.16	82.249	
0	145.9, F	0.75	82.291	
0	186.8, F	0.91	82.332	
0	357.1, F	0.357	82.374	
0	166.6, F	0.543	82.416	
0	122.6, F	0.379	82.457	
0	143.7, F	0.567	82.499	
0	324.5, F	0.405	82.541	
0	147.9, F	0.819	82.582	
0	172.7, F	0.165	82.624	
0	None	0	82.666	0.04200000000000159
0	10.1, F	0.714	82.708	
0	103.3, F	0.126	82.749	
0	113.3, F	0.304	82.791	
0	234.1, F	0.354	82.833	
0	99.4, F	0.55	82.874	
0	208.0, F	0.254	82.916	
0	12.7, F	0.612	82.958	
0	103.5, F	0.253	83.000	
0	109.1, F	0.342	83.041	
0	221.7, F	0.37	83.083	
0	203.9, F	0.252	83.125	
0	47.1, F	0.803	83.166	
0	196.5, F	0.208	83.208	
0	209.2, F	0.137	83.250	
0	167.6, F	0.21	83.292	
0	11.7, F	0.359	83.333	
0	158.0, F	0.333	83.375	
0	10.5, F	0.451	83.417	
0	235.3, F	0.512	83.458	
0	142.4, F	0.351	83.500	
0	14.7, F	0.491	83.542	
0	135.4, F	0.301	83.584	
0	240.6, F	0.635	83.625	
0	3.3, F	0.35	83.667	
0	158.0, F	0.329	83.709	
0	354.9, F	0.327	83.750	
0	171.3, F	0.405	83.792	
0	350.1, F	0.198	83.834	
0	358.5, F	0.156	83.875	
0	172.5, F	0.485	83.917	
0	55.2, F	0.16	83.959	
0	55.4, F	0.145	84.001	
0	279.3, F	0.41	84.042	
0	78.1, F	0.32	84.084	
0	85.2, F	0.553	84.126	
0	207.6, F	0.127	84.167	
0	None	0	84.209	0.04200000000000159
0	104.2, F	0.106	84.251	
0	120.4, F	0.225	84.293	
0	254.5, F	0.383	84.334	
0	126.4, F	0.278	84.376	
0	141.6, F	0.33	84.418	
0	332.1, F	0.581	84.459	
0	107.1, F	0.282	84.501	
0	250.4, F	0.308	84.543	
0	97.5, F	0.305	84.584	
0	257.0, F	0.267	84.626	
0	82.3, F	0.312	84.668	
0	267.5, F	0.273	84.710	
0	83.2, F	0.319	84.751	
0	293.2, F	0.234	84.793	
0	78.0, F	0.403	84.835	
0	304.7, F	0.146	84.876	
0	324.9, F	0.172	84.918	
0	348.7, F	0.2	84.960	
0	177.0, F	0.503	85.002	
0	357.7, F	0.199	85.043	
0	356.9, F	0.298	85.085	
0	351.3, F	0.33	85.127	
0	176.0, F	0.313	85.168	
0	181.7, F	0.207	85.210	
0	1.2, F	0.441	85.252	
0	184.8, F	0.12	85.294	
0	200.6, F	0.142	85.335	
0	352.2, F	0.451	85.377	
0	114.6, F	0.588	85.419	
0	232.6, F	0.476	85.460	
0	301.0, F	0.463	85.502	
0	161.7, F	0.347	85.544	
0	0.2, F	0.23	85.585	
0	227.0, F	0.676	85.627	
0	283.2, F	0.522	85.669	
0	336.2, F	0.275	85.711	
0	291.6, F	0.388	85.752	
0	234.7, F	0.774	85.794	
0	293.7, F	0.355	85.836	
0	279.5, F	0.449	85.877	
0	300.7, F	0.237	85.919	
0	271.4, F	0.68	85.961	
0	194.7, F	0.923	86.003	
0	317.9, F	0.538	86.044	
0	197.3, F	0.169	86.086	
0	230.9, F	0.363	86.128	
0	305.2, F	0.567	86.169	
0	205.7, F	0.281	86.211	
0	314.5, F	0.392	86.253	
0	246.8, F	0.929	86.295	
0	302.3, F	0.221	86.336	
0	52.2, F	0.204	86.378	
0	237.7, F	1.054	86.420	
0	30.2, F	0.227	86.461	
0	296.6, F	0.597	86.503	
0	352.6, F	0.401	86.545	
0	232.4, F	0.279	86.587	
0	277.2, F	0.558	86.628	
0	343.1, F	0.186	86.670	
0	316.8, F	0.159	86.712	
0	318.0, F	0.163	86.753	
0	96.0, F	0.22	86.795	
0	258.0, F	0.55	86.837	
0	149.0, F	0.175	86.878	
0	196.1, F	0.297	86.920	
0	218.1, F	0.618	86.962	
0	274.2, F	0.508	87.004	
0	None	0	87.045	0.04200000000000159
0	232.5, F	0.135	87.087	
0	232.1, F	0.42	87.129	
0	147.4, F	0.221	87.170	
0	15.2, F	0.321	87.212	
0	245.6, F	0.95	87.254	
0	80.0, F	0.5	87.296	
0	305.6, F	0.125	87.337	
0	191.2, F	0.681	87.379	
0	309.5, F	0.141	87.421	
0	244.3, F	0.12	87.462	
0	100.1, F	0.454	87.504	
0	224.5, F	0.234	87.546	
0	342.6, F	0.453	87.587	
0	214.1, F	0.22	87.629	
0	110.2, F	0.48	87.671	
0	214.9, F	0.203	87.713	
0	346.5, F	0.407	87.754	
0	205.3, F	0.315	87.796	
0	339.8, F	0.302	87.838	
0	116.8, F	0.517	87.879	
0	196.7, F	0.358	87.921	
0	341.0, F	0.242	87.963	
0	338.9, F	0.25	88.005	
0	194.5, F	0.434	88.046	
0	342.0, F	0.188	88.088	
0	75.2, F	0.621	88.130	
0	178.1, F	0.854	88.171	
0	9.8, F	0.633	88.213	
0	101.2, F	0.16	88.255	
0	240.9, F	0.37	88.297	
0	106.7, F	0.546	88.338	
0	172.3, F	0.41	88.380	
0	42.9, F	0.483	88.422	
0	123.7, F	0.694	88.463	
0	28.8, F	0.208	88.505	
0	48.9, F	0.279	88.547	
0	204.9, F	0.759	88.588	
0	75.0, F	0.694	88.630	
0	41.1, F	0.145	88.672	
0	64.6, F	0.24	88.714	
0	270.5, F	0.254	88.755	
0	80.7, F	0.54	88.797	
0	None	0	88.839	
0	None	0	88.880	0.08299999999999841
0	168.7, F	0.8	88.922	
0	26.0, F	0.763	88.964	
0	63.5, F	0.274	89.006	
0	210.7, F	0.633	89.047	
0	58.6, F	0.589	89.089	
0	357.0, F	0.27	89.131	
0	186.2, F	0.404	89.172	
0	16.4, F	0.33	89.214	
0	29.0, F	0.386	89.256	
0	141.8, F	0.41	89.298	
0	216.4, F	0.443	89.339	
0	53.4, F	0.623	89.381	
0	202.5, F	0.402	89.423	
0	8.5, F	0.283	89.464	
0	17.0, F	0.332	89.506	
0	170.9, F	0.329	89.548	
0	19.0, F	0.516	89.590	
0	115.7, F	0.226	89.631	
0	240.2, F	0.399	89.673	
0	88.5, F	0.312	89.715	
0	279.5, F	0.254	89.756	
0	57.7, F	0.548	89.798	
0	321.2, F	0.302	89.840	
0	324.0, F	0.334	89.881	
0	112.4, F	0.362	89.923	
0	265.3, F	0.267	89.965	
0	65.5, F	0.393	90.007	
0	315.8, F	0.308	90.048	
0	333.6, F	0.393	90.090	
0	96.6, F	0.357	90.132	
0	259.2, F	0.272	90.173	
0	15.7, F	1.054	90.215	
0	211.7, F	0.7	90.257	
0	48.3, F	0.609	90.299	
0	234.0, F	0.321	90.340	
0	336.6, F	0.439	90.382	
0	90.3, F	0.4	90.424	
0	318.9, F	0.167	90.465	
0	332.3, F	0.224	90.507	
0	347.1, F	0.358	90.549	
0	188.0, F	0.215	90.590	
0	36.1, F	0.958	90.632	
0	None	0	90.674	
0	None	0	90.716	
0	None	0	90.757	0.125
0	183.2, F	0.364	90.799	
0	15.0, F	0.335	90.841	
0	15.9, F	0.386	90.882	
0	246.0, F	0.725	90.924	
0	164.1, F	0.135	90.966	
0	13.4, F	0.544	91.008	
0	150.9, F	0.129	91.049	
0	None	0	91.091	0.04200000000000159
0	71.8, F	0.163	91.133	
0	69.5, F	0.232	91.174	
0	292.4, F	0.309	91.216	
0	61.5, F	0.386	91.258	
0	318.1, F	0.219	91.300	
0	118.9, F	0.647	91.341	
0	21.4, F	0.337	91.383	
0	129.8, F	0.226	91.425	
0	345.7, F	0.674	91.466	
0	92.5, F	0.551	91.508	
0	None	0	91.550	0.04099999999999682
0	64.1, F	0.229	91.591	
0	44.3, F	0.491	91.633	
0	165.9, F	0.372	91.675	
0	42.1, F	0.389	91.717	
0	130.3, F	0.312	91.758	
0	106.1, F	0.234	91.800	
0	60.6, F	0.924	91.842	
0	92.3, F	0.177	91.883	
0	72.0, F	0.486	91.925	
0	23.3, F	0.298	91.967	
0	110.1, F	0.455	92.009	
0	13.4, F	0.511	92.050	
0	67.2, F	0.309	92.092	
0	75.0, F	0.952	92.134	
0	188.9, F	0.194	92.175	
0	26.1, F	0.748	92.217	
0	301.8, F	0.158	92.259	
0	46.4, F	0.803	92.301	
0	108.1, F	0.145	92.342	
0	252.0, F	0.229	92.384	
0	71.5, F	0.652	92.426	
0	9.2, F	0.464	92.467	
0	None	0	92.509	0.04200000000000159
0	356.9, F	0.241	92.551	
0	11.9, F	0.44	92.593	
0	356.9, F	0.183	92.634	
0	353.3, F	0.423	92.676	
0	4.9, F	0.66	92.718	
0	338.2, F	0.226	92.759	
0	300.0, F	0.272	92.801	
0	326.7, F	0.383	92.843	
0	36.4, F	0.763	92.884	
0	301.9, F	0.259	92.926	
0	354.1, F	0.608	92.968	
0	274.4, F	0.129	93.010	
0	351.6, F	0.211	93.051	
0	3.7, F	0.445	93.093	
0	28.4, F	0.412	93.135	
0	34.1, F	0.496	93.176	
0	102.4, F	0.461	93.218	
0	257.1, F	0.152	93.260	
0	34.3, F	0.259	93.302	
0	51.6, F	0.471	93.343	
0	58.3, F	0.616	93.385	
0	160.8, F	0.177	93.427	
0	141.0, F	0.453	93.468	
0	58.2, F	0.621	93.510	
0	179.6, F	0.382	93.552	
0	48.9, F	0.288	93.593	
0	81.4, F	0.429	93.635	
0	218.6, F	0.152	93.677	
0	172.6, F	0.179	93.719	
0	144.8, F	0.224	93.760	
0	140.1, F	0.57	93.802	
0	350.3, F	0.143	93.844	
0	None	0	93.885	0.04200000000000159
0	171.5, F	0.646	93.927	
0	116.9, F	0.371	93.969	
0	49.5, F	0.635	94.011	
0	211.8, F	0.288	94.052	
0	204.6, F	0.238	94.094	
0	71.8, F	0.821	94.136	
0	178.4, F	0.289	94.177	
0	7.9, F	0.35	94.219	
0	239.7, F	0.745	94.261	
0	10.7, F	0.325	94.303	
0	175.7, F	0.334	94.344	
0	12.0, F	0.348	94.386	
0	174.9, F	0.268	94.428	
0	4.7, F	0.411	94.469	
0	167.7, F	0.16	94.511	
0	171.6, F	0.151	94.553	
0	176.8, F	0.247	94.594	
0	8.3, F	0.536	94.636	
0	175.6, F	0.169	94.678	
0	162.2, F	0.15	94.720	
0	6.4, F	0.487	94.761	
0	150.4, F	0.128	94.803	
0	118.1, F	0.146	94.845	
0	263.5, F	0.475	94.886	
0	106.9, F	0.165	94.928	
0	98.5, F	0.128	94.970	
0	100.9, F	0.132	95.012	
0	265.0, F	0.462	95.053	
0	85.1, F	0.189	95.095	
0	65.0, F	0.225	95.137	
0	51.9, F	0.281	95.178	
0	285.7, F	0.362	95.220	
0	41.2, F	0.348	95.262	
0	229.3, F	0.7	95.304	
0	26.2, F	0.381	95.345	
0	19.5, F	0.424	95.387	
0	161.1, F	0.278	95.429	
0	175.7, F	0.268	95.470	
0	17.3, F	0.435	95.512	
0	258.8, F	0.826	95.554	
0	103.4, F	0.596	95.596	
0	3.5, F	0.469	95.637	
0	221.7, F	0.149	95.679	
0	204.3, F	0.136	95.721	
0	195.1, F	0.146	95.762	
0	8.5, F	0.517	95.804	
0	174.5, F	0.157	95.846	
0	179.0, F	0.17	95.887	
0	177.9, F	0.165	95.929	
0	7.8, F	0.435	95.971	
0	183.1, F	0.262	96.013	
0	189.4, F	0.221	96.054	
0	12.5, F	0.325	96.096	
0	181.3, F	0.345	96.138	
0	8.0, F	0.287	96.179	
0	180.8, F	0.444	96.221	
0	355.7, F	0.145	96.263	
0	348.8, F	0.123	96.305	
0	182.9, F	0.591	96.346	
0	None	0	96.388	
0	None	0	96.430	
0	None	0	96.471	
0	None	0	96.513	0.1670000000000016
0	188.3, F	0.097	96.555	
0	11.2, F	0.555	96.596	
0	208.0, F	0.145	96.638	
0	199.9, F	0.215	96.680	
0	198.9, F	0.21	96.722	
0	353.3, F	0.406	96.763	
0	207.4, F	0.191	96.805	
0	217.3, F	0.175	96.847	
0	219.5, F	0.148	96.888	
0	4.2, F	0.518	96.930	
0	248.5, F	0.123	96.972	
0	248.7, F	0.107	97.014	
0	81.6, F	0.365	97.055	
0	287.9, F	0.202	97.097	
0	292.5, F	0.262	97.139	
0	65.3, F	0.366	97.180	
0	290.1, F	0.3	97.222	
0	148.1, F	0.56	97.264	
0	282.5, F	0.263	97.306	
0	80.5, F	0.326	97.347	
0	282.8, F	0.298	97.389	
0	82.7, F	0.298	97.431	
0	271.2, F	0.392	97.472	
0	90.8, F	0.219	97.514	
0	271.8, F	0.454	97.556	
0	86.2, F	0.135	97.597	
0	None	0	97.639	
0	None	0	97.681	
0	None	0	97.723	0.125
0	269.7, F	0.182	97.764	
0	268.2, F	0.279	97.806	
0	255.6, F	0.417	97.848	
0	117.8, F	0.187	97.889	
0	133.7, F	0.129	97.931	
0	232.7, F	0.248	97.973	
0	293.3, F	0.126	98.015	
0	288.4, F	0.717	98.056	
0	128.1, F	0.183	98.098	
0	236.3, F	0.169	98.140	
0	245.9, F	0.218	98.181	
0	242.2, F	0.313	98.223	
0	24.7, F	0.599	98.265	
0	250.6, F	0.736	98.307	
0	185.5, F	0.238	98.348	
0	192.6, F	0.293	98.390	
0	342.5, F	0.372	98.432	
0	125.4, F	0.663	98.473	
0	319.6, F	0.202	98.515	
0	None	0	98.557	0.04200000000000159
0	264.5, F	0.093	98.599	
0	175.9, F	0.269	98.640	
0	169.8, F	0.482	98.682	
0	53.9, F	0.187	98.724	
0	164.7, F	0.961	98.765	
0	212.8, F	0.332	98.807	
0	128.0, F	0.7	98.849	
0	166.3, F	0.165	98.890	
0	159.3, F	0.277	98.932	
0	159.1, F	1.052	98.974	
0	199.7, F	0.732	99.016	
0	119.2, F	0.472	99.057	
0	None	0	99.099	0.04200000000000159
0	174.3, F	0.76	99.141	
0	122.1, F	0.19	99.182	
0	124.9, F	0.234	99.224	
0	123.1, F	0.181	99.266	
0	239.8, F	1.09	99.308	
0	14.4, F	0.329	99.349	
0	176.8, F	0.471	99.391	
0	41.5, F	0.427	99.433	
0	151.4, F	0.155	99.474	
0	134.2, F	0.102	99.516	
0	130.4, F	0.131	99.558	
0	68.4, F	0.103	99.599	
0	136.3, F	0.192	99.641	
0	258.9, F	0.634	99.683	
0	143.1, F	0.266	99.725	
0	7.6, F	0.602	99.766	
0	149.6, F	0.202	99.808	
0	169.3, F	0.167	99.850	
0	168.8, F	0.169	99.891	
0	144.1, F	0.148	99.933	
0	1.9, F	0.549	99.975	
0	198.6, F	0.405	100.017	
0	300.9, F	0.553	100.058	
0	48.4, F	0.154	100.100	
0	54.4, F	0.143	100.142	
0	48.2, F	0.15	100.183	
0	49.1, F	0.139	100.225	
0	172.5, F	0.5	100.267	
0	24.5, F	0.294	100.309	
0	24.7, F	0.282	100.350	
0	244.5, F	0.719	100.392	
0	22.5, F	0.376	100.434	
0	158.6, F	0.31	100.475	
0	22.7, F	0.347	100.517	
0	162.0, F	0.298	100.559	
0	19.8, F	0.343	100.600	
0	260.1, F	0.766	100.642	
0	182.1, F	0.241	100.684	
0	0.5, F	0.325	100.726	
0	185.5, F	0.231	100.767	
0	355.8, F	0.368	100.809	
0	206.5, F	0.225	100.851	
0	100.8, F	0.529	100.892	
0	336.2, F	0.394	100.934	
0	207.3, F	0.405	100.976	
0	328.5, F	0.237	101.018	
0	121.3, F	0.533	101.059	
0	328.1, F	0.234	101.101	
0	207.3, F	0.458	101.143	
0	321.2, F	0.236	101.184	
0	60.6, F	0.513	101.226	
0	206.4, F	0.524	101.268	
0	298.3, F	0.101	101.310	
0	None	0	101.351	0.04200000000000159
0	77.2, F	0.596	101.393	
0	None	0	101.435	
0	None	0	101.476	
0	None	0	101.518	
0	None	0	101.560	0.1670000000000016
0	176.4, F	0.11	101.602	
0	163.3, F	0.128	101.643	
0	170.3, F	0.244	101.685	
0	11.2, F	0.323	101.727	
0	170.8, F	0.333	101.768	
0	10.3, F	0.32	101.810	
0	175.2, F	0.404	101.852	
0	287.1, F	0.738	101.893	
0	176.9, F	0.394	101.935	
0	354.6, F	0.202	101.977	
0	346.5, F	0.172	102.019	
0	161.9, F	0.409	102.060	
0	79.2, F	0.618	102.102	
0	224.2, F	0.311	102.144	
0	197.7, F	0.102	102.185	
0	191.4, F	0.213	102.227	
0	193.8, F	0.218	102.269	
0	337.2, F	0.24	102.311	
0	196.6, F	0.477	102.352	
0	293.2, F	0.155	102.394	
0	291.2, F	0.149	102.436	
0	109.5, F	0.479	102.477	
0	218.6, F	0.284	102.519	
0	210.6, F	0.359	102.561	
0	318.6, F	0.532	102.602	
0	156.1, F	0.605	102.644	
0	108.0, F	0.21	102.686	
0	271.2, F	0.53	102.728	
0	124.2, F	0.151	102.769	
0	159.2, F	0.29	102.811	
0	3.7, F	0.323	102.853	
0	171.0, F	0.379	102.894	
0	333.2, F	0.124	102.936	
0	305.4, F	0.161	102.978	
0	182.7, F	0.669	103.020	
0	298.9, F	0.201	103.061	
0	299.4, F	0.206	103.103	
0	261.2, F	0.286	103.145	
0	113.8, F	0.25	103.186	
0	251.3, F	0.406	103.228	
0	129.6, F	0.227	103.270	
0	16.9, F	0.478	103.312	
0	157.8, F	0.151	103.353	
0	182.4, F	0.17	103.395	
0	206.4, F	0.155	103.437	
0	336.2, F	0.352	103.478	
0	201.8, F	0.375	103.520	
0	323.0, F	0.264	103.562	
0	202.3, F	0.561	103.603	
0	267.6, F	0.377	103.645	
0	101.6, F	0.254	103.687	
0	101.9, F	0.228	103.729	
0	271.5, F	0.459	103.770	
0	92.0, F	0.142	103.812	
0	105.0, F	0.139	103.854	
0	None	0	103.895	
0	None	0	103.937	0.08400000000000318
0	269.4, F	0.825	103.979	
0	90.0, F	0.601	104.021	
0	None	0	104.062	0.04200000000000159
0	270.0, F	0.093	104.104	
0	292.1, F	0.149	104.146	
0	294.7, F	0.165	104.187	
0	302.4, F	0.153	104.229	
0	73.8, F	0.495	104.271	
0	313.3, F	0.21	104.313	
0	306.9, F	0.221	104.354	
0	311.4, F	0.268	104.396	
0	140.1, F	0.645	104.438	
0	315.3, F	0.29	104.479	
0	353.6, F	0.383	104.521	
0	143.6, F	0.636	104.563	
0	309.2, F	0.264	104.605	
0	312.6, F	0.248	104.646	
0	74.2, F	0.309	104.688	
0	209.1, F	0.201	104.730	
0	348.2, F	0.371	104.771	
0	189.2, F	0.332	104.813	
0	358.3, F	0.346	104.855	
0	177.3, F	0.297	104.896	
0	165.6, F	0.189	104.938	
0	15.6, F	0.399	104.980	
0	141.1, F	0.265	105.022	
0	113.7, F	0.335	105.063	
0	324.3, F	0.49	105.105	
0	97.5, F	0.477	105.147	
0	235.2, F	0.124	105.188	
0	None	0	105.230	
0	None	0	105.272	0.08399999999998897
0	108.4, F	0.133	105.314	
0	104.1, F	0.246	105.355	
0	88.6, F	0.323	105.397	
0	83.3, F	0.419	105.439	
0	None	0	105.480	0.04200000000000159
0	8.4, F	0.158	105.522	
0	26.7, F	0.2	105.564	
0	21.1, F	0.253	105.605	
0	20.2, F	0.243	105.647	
0	167.9, F	0.357	105.689	
0	10.0, F	0.247	105.731	
0	171.3, F	0.33	105.772	
0	291.7, F	0.761	105.814	
0	176.8, F	0.254	105.856	
0	357.4, F	0.434	105.897	
0	184.9, F	0.14	105.939	
0	172.3, F	0.18	105.981	
0	1.8, F	0.447	106.023	
0	165.5, F	0.176	106.064	
0	171.2, F	0.341	106.106	
0	0.1, F	0.385	106.148	
0	172.7, F	0.229	106.189	
0	165.9, F	0.209	106.231	
0	2.9, F	0.38	106.273	
0	176.1, F	0.351	106.315	
0	3.1, F	0.255	106.356	
0	189.3, F	0.416	106.398	
0	336.3, F	0.117	106.440	
0	266.0, F	0.156	106.481	
0	250.6, F	0.198	106.523	
0	95.5, F	0.283	106.565	
0	247.5, F	0.311	106.606	
0	None	0	106.648	
0	None	0	106.690	
0	None	0	106.732	
0	None	0	106.773	
0	None	0	106.815	
0	None	0	106.857	0.25
0	318.6, F	0.169	106.898	
0	279.0, F	0.148	106.940	
0	229.1, F	0.313	106.982	
0	127.4, F	0.569	107.024	
0	316.1, F	0.294	107.065	
0	211.8, F	0.545	107.107	
0	84.7, F	0.4	107.149	
0	259.2, F	0.31	107.190	
0	249.9, F	0.277	107.232	
0	106.2, F	0.436	107.274	
0	214.4, F	0.32	107.316	
0	69.0, F	0.626	107.357	
0	210.6, F	0.683	107.399	
0	353.5, F	0.256	107.441	
0	52.2, F	0.108	107.482	
0	59.1, F	0.189	107.524	
0	166.8, F	0.548	107.566	
0	286.4, F	0.436	107.608	
0	59.1, F	0.401	107.649	
0	65.0, F	0.463	107.691	
0	213.0, F	0.448	107.733	
0	320.3, F	0.216	107.774	
0	66.0, F	0.727	107.816	
0	205.5, F	0.479	107.858	
0	350.1, F	0.255	107.899	
0	349.3, F	0.243	107.941	
0	206.4, F	0.353	107.983	
0	347.3, F	0.345	108.025	
0	204.9, F	0.356	108.066	
0	56.2, F	0.753	108.108	
0	207.3, F	0.359	108.150	
0	347.1, F	0.318	108.191	
0	200.9, F	0.342	108.233	
0	356.8, F	0.271	108.275	
0	188.1, F	0.425	108.317	
0	None	0	108.358	
0	None	0	108.400	
0	None	0	108.442	0.125
0	186.1, F	0.64	108.483	
0	None	0	108.525	
0	None	0	108.567	
0	None	0	108.608	
0	None	0	108.650	
0	None	0	108.692	
0	None	0	108.734	
0	None	0	108.775	
0	None	0	108.817	
0	None	0	108.859	
0	None	0	108.900	
0	None	0	108.942	
0	None	0	108.984	
0	None	0	109.026	
0	None	0	109.067	
0	None	0	109.109	0.6259999999999906
0	185.6, F	0.134	109.151	
0	None	0	109.192	0.04200000000000159
0	183.2, F	0.109	109.234	
0	181.4, F	0.166	109.276	
0	165.0, F	0.22	109.318	
0	14.5, F	0.444	109.359	
0	169.2, F	0.268	109.401	
0	169.1, F	0.233	109.443	
0	13.2, F	0.395	109.484	
0	237.6, F	0.581	109.526	
0	17.1, F	0.275	109.568	
0	174.4, F	0.448	109.609	
0	32.3, F	0.241	109.651	
0	25.1, F	0.245	109.693	
0	176.5, F	0.464	109.735	
0	22.0, F	0.257	109.776	
0	294.6, F	0.536	109.818	
0	172.5, F	0.469	109.860	
0	18.3, F	0.369	109.901	
0	164.6, F	0.335	109.943	
0	14.9, F	0.322	109.985	
0	10.7, F	0.349	110.027	
0	164.0, F	0.257	110.068	
0	247.2, F	0.571	110.110	
0	11.6, F	0.504	110.152	
0	147.8, F	0.146	110.193	
0	150.0, F	0.128	110.235	
0	155.0, F	0.099	110.277	
0	None	0	110.319	
0	None	0	110.360	0.08299999999999841
0	357.7, F	0.762	110.402	
0	282.8, F	0.135	110.444	
0	197.3, F	0.611	110.485	
0	292.0, F	0.203	110.527	
0	83.4, F	0.438	110.569	
0	299.8, F	0.272	110.611	
0	300.8, F	0.325	110.652	
0	59.0, F	0.363	110.694	
0	214.4, F	0.486	110.736	
0	40.4, F	0.341	110.777	
0	296.7, F	0.516	110.819	
0	150.9, F	0.409	110.861	
0	24.0, F	0.322	110.902	
0	153.6, F	0.377	110.944	
0	291.5, F	0.523	110.986	
0	36.4, F	0.302	111.028	
0	152.2, F	0.469	111.069	
0	286.5, F	0.349	111.111	
0	50.9, F	0.308	111.153	
0	148.2, F	0.572	111.194	
0	289.1, F	0.299	111.236	
0	73.4, F	0.357	111.278	
0	260.6, F	0.252	111.320	
0	250.4, F	0.218	111.361	
0	92.8, F	0.429	111.403	
0	233.4, F	0.193	111.445	
0	227.3, F	0.158	111.486	
0	222.9, F	0.175	111.528	
0	99.7, F	0.568	111.570	
0	347.1, F	0.483	111.611	
0	186.1, F	0.284	111.653	
0	176.3, F	0.28	111.695	
0	2.3, F	0.348	111.737	
0	160.0, F	0.313	111.778	
0	24.5, F	0.349	111.820	
0	141.5, F	0.403	111.862	
0	314.3, F	0.495	111.903	
0	136.2, F	0.458	111.945	
0	324.5, F	0.453	111.987	
0	131.5, F	0.45	112.029	
0	327.0, F	0.468	112.070	
0	127.1, F	0.468	112.112	
0	225.3, F	0.387	112.154	
0	41.3, F	0.498	112.195	
0	229.9, F	0.343	112.237	
0	322.6, F	0.525	112.279	
0	122.0, F	0.459	112.321	
0	228.4, F	0.324	112.362	
0	30.8, F	0.553	112.404	
0	244.2, F	0.301	112.446	
0	113.4, F	0.375	112.487	
0	255.4, F	0.306	112.529	
0	102.7, F	0.268	112.571	
0	263.7, F	0.318	112.612	
0	14.6, F	0.708	112.654	
0	277.6, F	0.387	112.696	
0	103.2, F	0.224	112.738	
0	101.9, F	0.185	112.779	
0	269.9, F	0.661	112.821	
0	117.3, F	0.105	112.863	
0	193.4, F	0.116	112.904	
0	197.9, F	0.098	112.946	
0	219.2, F	0.139	112.988	
0	213.3, F	0.227	113.030	
0	249.0, F	0.24	113.071	
0	30.0, F	0.616	113.113	
0	247.6, F	0.421	113.155	
0	138.1, F	0.265	113.196	
0	135.9, F	0.23	113.238	
0	322.9, F	0.695	113.280	
0	135.4, F	0.231	113.322	
0	128.1, F	0.23	113.363	
0	133.3, F	0.21	113.405	
0	262.6, F	0.412	113.447	
0	113.8, F	0.184	113.488	
0	13.5, F	0.685	113.530	
0	255.4, F	0.424	113.572	
0	127.9, F	0.21	113.614	
0	154.7, F	0.248	113.655	
0	164.5, F	0.231	113.697	
0	7.0, F	0.459	113.739	
0	251.2, F	0.663	113.780	
0	192.0, F	0.187	113.822	
0	195.1, F	0.219	113.864	
0	356.1, F	0.444	113.905	
0	196.0, F	0.25	113.947	
0	53.6, F	0.794	113.989	
0	200.2, F	0.26	114.031	
0	201.8, F	0.24	114.072	
0	201.5, F	0.312	114.114	
0	343.5, F	0.38	114.156	
0	196.6, F	0.37	114.197	
0	338.1, F	0.233	114.239	
0	70.2, F	0.692	114.281	
0	191.0, F	0.476	114.323	
0	315.6, F	0.14	114.364	
0	321.8, F	0.131	114.406	
0	314.7, F	0.151	114.448	
0	185.5, F	0.701	114.489	
0	None	0	114.531	
0	None	0	114.573	
0	None	0	114.614	0.125
0	104.2, F	0.659	114.656	
0	347.4, F	0.532	114.698	
0	190.1, F	0.137	114.740	
0	200.9, F	0.194	114.781	
0	210.2, F	0.312	114.823	
0	330.5, F	0.437	114.865	
0	228.9, F	0.32	114.906	
0	98.0, F	0.452	114.948	
0	311.2, F	0.747	114.990	
0	207.9, F	0.113	115.032	
0	266.9, F	0.147	115.073	
0	258.6, F	0.162	115.115	
0	79.3, F	0.376	115.157	
0	304.2, F	0.452	115.198	
0	38.9, F	0.311	115.240	
0	313.2, F	0.676	115.282	
0	None	0	115.324	0.04099999999999682
0	310.6, F	0.343	115.365	
0	310.7, F	0.457	115.407	
0	147.1, F	0.155	115.449	
0	348.5, F	0.765	115.490	
0	285.9, F	0.438	115.532	
0	217.3, F	0.21	115.574	
0	350.8, F	0.604	115.615	
0	305.8, F	0.58	115.657	
0	294.7, F	1.112	115.699	
0	352.7, F	0.931	115.741	
0	211.7, F	0.438	115.782	
0	323.9, F	1.078	115.824	
0	40.0, F	0.977	115.866	
0	299.1, F	0.893	115.907	
0	145.0, F	2.194	115.949	
0	70.3, F	0.817	115.991	
0	232.3, F	0.216	116.033	
0	249.3, F	0.237	116.074	
0	343.5, F	0.98	116.116	
0	147.7, F	0.32	116.158	
0	320.2, F	0.647	116.199	
0	63.7, F	0.187	116.241	
0	47.1, F	0.351	116.283	
0	311.4, F	0.648	116.325	
0	69.5, F	0.169	116.366	
0	65.5, F	0.236	116.408	
0	307.5, F	0.521	116.450	
0	124.9, F	0.271	116.491	
0	17.4, F	0.741	116.533	
0	355.5, F	0.565	116.575	
0	None	0	116.617	0.04099999999999682
0	32.1, F	0.906	116.658	
0	97.3, F	0.691	116.700	
0	14.8, F	0.571	116.742	
0	68.2, F	0.409	116.783	
0	18.2, F	0.796	116.825	
0	76.0, F	0.64	116.867	
0	24.2, F	0.362	116.908	
0	121.3, F	0.293	116.950	
0	0.4, F	0.965	116.992	
0	139.8, F	0.307	117.034	
0	10.1, F	0.799	117.075	
0	68.8, F	0.356	117.117	
0	123.6, F	0.334	117.159	
0	318.5, F	0.681	117.200	
0	101.0, F	0.241	117.242	
0	272.7, F	0.42	117.284	
0	62.0, F	0.29	117.326	
0	60.2, F	0.304	117.367	
0	267.9, F	0.685	117.409	
0	147.9, F	0.352	117.451	
0	26.9, F	0.394	117.492	
0	158.8, F	0.257	117.534	
0	294.0, F	0.613	117.576	
0	152.0, F	0.33	117.617	
0	12.0, F	0.269	117.659	
0	171.8, F	0.316	117.701	
0	351.0, F	0.326	117.743	
0	188.7, F	0.411	117.784	
0	325.5, F	0.318	117.826	
0	198.8, F	0.36	117.868	
0	335.1, F	0.373	117.909	
0	138.5, F	0.541	117.951	
0	307.8, F	0.309	117.993	
0	305.2, F	0.302	118.035	
0	73.0, F	0.332	118.076	
0	203.6, F	0.604	118.118	
0	81.1, F	0.27	118.160	
0	281.4, F	0.39	118.201	
0	77.3, F	0.255	118.243	
0	279.5, F	0.351	118.285	
0	95.0, F	0.273	118.327	
0	86.7, F	0.279	118.368	
0	261.3, F	0.336	118.410	
0	98.3, F	0.376	118.452	
0	249.8, F	0.263	118.493	
0	246.3, F	0.246	118.535	
0	111.4, F	0.436	118.577	
0	233.1, F	0.246	118.618	
0	340.0, F	0.371	118.660	
0	123.5, F	0.58	118.702	
0	320.4, F	0.241	118.744	
0	200.6, F	0.401	118.785	
0	321.8, F	0.238	118.827	
0	72.5, F	0.502	118.869	
0	196.5, F	0.402	118.910	
0	311.3, F	0.174	118.952	
0	308.8, F	0.156	118.994	
0	309.3, F	0.15	119.036	
0	89.6, F	0.553	119.077	
0	310.9, F	0.15	119.119	
0	190.2, F	0.338	119.161	
0	356.0, F	0.228	119.202	
0	344.5, F	0.194	119.244	
0	189.9, F	0.441	119.286	
0	4.7, F	0.173	119.328	
0	10.4, F	0.167	119.369	
0	178.9, F	0.432	119.411	
0	26.9, F	0.157	119.453	
0	28.9, F	0.143	119.494	
0	37.3, F	0.143	119.536	
0	171.5, F	0.554	119.578	
0	46.7, F	0.121	119.620	
0	None	0	119.661	
0	None	0	119.703	0.08400000000000318
0	115.5, F	0.093	119.745	
0	254.6, F	0.656	119.786	
0	69.7, F	0.309	119.828	
0	17.6, F	0.553	119.870	
0	146.6, F	0.165	119.911	
0	139.0, F	0.163	119.953	
0	144.1, F	0.205	119.995	
0	132.2, F	0.278	120.037	
0	329.0, F	0.501	120.078	
0	126.6, F	0.297	120.120	
0	236.4, F	0.389	120.162	
0	36.4, F	0.709	120.203	
0	233.8, F	0.405	120.245	
0	121.5, F	0.377	120.287	
0	236.8, F	0.427	120.329	
0	34.9, F	0.603	120.370	
0	234.6, F	0.481	120.412	
0	124.0, F	0.344	120.454	
0	318.2, F	0.501	120.495	
0	133.2, F	0.294	120.537	
0	21.6, F	0.599	120.579	
0	253.8, F	0.584	120.621	
0	89.3, F	0.162	120.662	
0	41.3, F	0.253	120.704	
0	27.2, F	0.252	120.746	
0	235.5, F	1.036	120.787	
0	7.1, F	0.565	120.829	
0	43.4, F	0.256	120.871	
0	None	0	120.912	0.04199999999998738
0	316.8, F	0.204	120.954	
0	301.8, F	0.321	120.996	
0	None	0	121.038	0.04099999999999682
0	230.1, F	0.46	121.079	
0	36.2, F	0.386	121.121	
0	138.4, F	0.261	121.163	
0	327.8, F	0.591	121.204	
0	80.1, F	0.204	121.246	
0	78.6, F	0.248	121.288	
0	293.6, F	0.147	121.330	
0	312.7, F	0.158	121.371	
0	55.3, F	0.67	121.413	
0	206.6, F	0.463	121.455	
0	355.8, F	0.329	121.496	
0	206.8, F	0.202	121.538	
0	6.3, F	0.6	121.580	
0	327.1, F	0.118	121.621	
0	5.2, F	0.276	121.663	
0	204.9, F	0.335	121.705	
0	6.6, F	0.479	121.747	
0	261.5, F	0.203	121.788	
0	42.3, F	0.603	121.830	
0	288.6, F	0.553	121.872	
0	355.1, F	0.432	121.913	
0	276.7, F	0.332	121.955	
0	1.8, F	0.599	121.997	
0	303.6, F	0.347	122.039	
0	305.5, F	0.744	122.080	
0	333.6, F	0.498	122.122	
0	325.1, F	2.073	122.164	
0	223.7, F	0.284	122.205	
0	353.4, F	0.665	122.247	
0	311.2, F	0.787	122.289	
0	315.5, F	0.744	122.331	
0	293.6, F	0.997	122.372	
0	7.5, F	0.685	122.414	
0	299.1, F	0.315	122.456	
0	308.8, F	1.103	122.497	
0	295.9, F	0.558	122.539	
0	3.1, F	0.521	122.581	
0	283.0, F	0.493	122.623	
0	293.9, F	1.177	122.664	
0	168.0, F	0.13	122.706	
0	273.5, F	0.309	122.748	
0	286.2, F	0.592	122.789	
0	337.5, F	0.759	122.831	
0	283.4, F	0.652	122.873	
0	286.8, F	0.35	122.914	
0	202.2, F	0.297	122.956	
0	327.1, F	0.921	122.998	
0	350.1, F	0.14	123.040	
0	308.7, F	0.181	123.081	
0	233.3, F	0.39	123.123	
0	332.5, F	0.423	123.165	
0	272.8, F	0.329	123.206	
0	280.7, F	0.558	123.248	
0	314.4, F	0.32	123.290	
0	297.9, F	1.148	123.332	
0	216.9, F	0.288	123.373	
0	268.1, F	0.564	123.415	
0	257.4, F	0.215	123.457	
0	271.7, F	1.157	123.498	
0	245.2, F	0.162	123.540	
0	337.7, F	1.259	123.582	
0	248.7, F	0.766	123.624	
0	262.8, F	0.752	123.665	
0	277.9, F	0.24	123.707	
0	171.1, F	0.122	123.749	
0	338.3, F	0.741	123.790	
0	251.5, F	0.945	123.832	
0	304.3, F	0.369	123.874	
0	17.9, F	0.253	123.915	
0	229.5, F	0.209	123.957	
0	315.2, F	1.227	123.999	
0	211.3, F	0.377	124.041	
0	319.1, F	0.561	124.082	
0	None	0	124.124	0.04200000000000159
0	314.3, F	0.428	124.166	
0	320.2, F	0.569	124.207	
0	144.3, F	0.214	124.249	
0	317.2, F	1.012	124.291	
0	5.6, F	0.532	124.333	
0	129.0, F	0.534	124.374	
0	334.8, F	0.667	124.416	
0	263.3, F	0.334	124.458	
0	356.2, F	0.271	124.499	
0	250.3, F	0.327	124.541	
0	309.7, F	0.452	124.583	
0	284.5, F	0.853	124.624	
0	11.9, F	0.863	124.666	
0	311.1, F	0.763	124.708	
0	358.4, F	0.105	124.750	
0	348.3, F	0.439	124.791	
0	354.8, F	0.416	124.833	
0	356.0, F	0.638	124.875	
0	48.6, F	0.171	124.916	
0	15.2, F	0.371	124.958	
0	56.1, F	0.577	125.000	
0	7.0, F	0.491	125.042	
0	54.2, F	0.251	125.083	
0	71.6, F	0.349	125.125	
0	52.2, F	0.424	125.167	
0	222.3, F	0.748	125.208	
0	54.6, F	0.758	125.250	
0	258.8, F	0.108	125.292	
0	1.2, F	0.696	125.334	
0	180.0, F	0.264	125.375	
0	74.5, F	0.332	125.417	
0	63.2, F	0.55	125.459	
0	144.2, F	0.415	125.500	
0	81.5, F	0.636	125.542	
0	46.0, F	0.6	125.584	
0	79.7, F	0.568	125.626	
0	136.5, F	0.418	125.667	
0	356.5, F	0.399	125.709	
0	134.2, F	0.149	125.751	
0	132.3, F	0.517	125.792	
0	53.2, F	0.504	125.834	
0	171.3, F	0.198	125.876	
0	346.3, F	0.447	125.917	
0	65.7, F	0.277	125.959	
0	62.8, F	1.077	126.001	
0	111.6, F	0.639	126.043	
0	17.1, F	0.377	126.084	
0	117.5, F	0.669	126.126	
0	35.9, F	0.681	126.168	
0	64.4, F	1.17	126.209	
0	148.0, F	0.185	126.251	
0	99.2, F	0.305	126.293	
0	59.6, F	1.314	126.335	
0	4.8, F	0.738	126.376	
0	83.6, F	0.698	126.418	
0	110.3, F	0.76	126.460	
0	37.3, F	1.583	126.501	
0	117.1, F	0.482	126.543	
0	None	0	126.585	0.04100000000001103
0	32.9, F	1.114	126.626	
0	95.8, F	1.395	126.668	
0	125.7, F	0.368	126.710	
0	2.6, F	0.877	126.752	
0	66.2, F	0.339	126.793	
0	94.0, F	1.193	126.835	
0	3.9, F	0.608	126.877	
0	70.7, F	0.466	126.918	
0	74.4, F	1.144	126.960	
0	148.1, F	0.51	127.002	
0	67.0, F	0.625	127.044	
0	145.7, F	0.486	127.085	
0	78.5, F	0.675	127.127	
0	78.6, F	1.052	127.169	
0	180.6, F	0.691	127.210	
0	86.6, F	0.237	127.252	
0	81.1, F	0.852	127.294	
0	84.9, F	1.016	127.336	
0	88.4, F	0.503	127.377	
0	46.2, F	0.139	127.419	
0	63.7, F	0.465	127.461	
0	47.9, F	0.353	127.502	
0	126.2, F	0.833	127.544	
0	11.3, F	0.356	127.586	
0	137.1, F	0.636	127.627	
0	11.9, F	0.373	127.669	
0	51.0, F	1.438	127.711	
0	163.0, F	0.711	127.753	
0	357.5, F	0.18	127.794	
0	51.0, F	1.079	127.836	
0	92.2, F	0.255	127.878	
0	85.3, F	1.155	127.919	
0	336.2, F	0.292	127.961	
0	76.3, F	1.437	128.003	
0	185.3, F	0.153	128.045	
0	93.1, F	0.335	128.086	
0	None	0	128.128	0.04200000000000159
0	79.0, F	0.885	128.170	
0	11.5, F	0.236	128.211	
0	43.2, F	0.402	128.253	
0	71.5, F	0.91	128.295	
0	154.1, F	0.284	128.337	
0	226.6, F	0.311	128.378	
0	55.3, F	0.725	128.420	
0	211.0, F	0.181	128.462	
0	113.4, F	0.247	128.503	
0	21.7, F	0.644	128.545	
0	262.2, F	0.213	128.587	
0	99.5, F	0.484	128.629	
0	None	0	128.670	
0	None	0	128.712	
0	None	0	128.754	0.125
0	96.8, F	0.11	128.795	
0	95.5, F	0.4	128.837	
0	269.3, F	0.343	128.879	
0	91.6, F	0.497	128.920	
0	265.9, F	0.224	128.962	
0	90.7, F	0.953	129.004	
0	264.2, F	0.505	129.046	
0	None	0	129.087	0.04200000000000159
0	134.5, F	0.161	129.129	
0	113.2, F	0.375	129.171	
0	264.4, F	0.144	129.212	
0	70.6, F	0.914	129.254	
0	175.6, F	0.354	129.296	
0	119.2, F	0.242	129.338	
0	266.1, F	0.148	129.379	
0	136.4, F	0.209	129.421	
0	119.6, F	0.524	129.463	
0	159.5, F	0.7	129.504	
0	90.7, F	0.691	129.546	
0	144.5, F	0.15	129.588	
0	107.5, F	0.593	129.630	
0	131.5, F	0.664	129.671	
0	80.1, F	0.987	129.713	
0	319.5, F	0.402	129.755	
0	106.5, F	0.708	129.796	
0	31.1, F	1.069	129.838	
0	151.2, F	0.35	129.880	
0	51.1, F	0.845	129.921	
0	None	0	129.963	0.04200000000000159
0	71.3, F	1.061	130.005	
0	338.1, F	0.463	130.047	
0	86.4, F	1.055	130.088	
0	355.2, F	0.239	130.130	
0	41.4, F	1.795	130.172	
0	71.2, F	0.896	130.213	
0	81.8, F	0.591	130.255	
0	60.8, F	0.384	130.297	
0	29.7, F	0.928	130.339	
0	82.0, F	0.995	130.380	
0	353.2, F	0.448	130.422	
0	104.6, F	1.097	130.464	
0	11.8, F	1.112	130.505	
0	127.4, F	1.049	130.547	
0	9.4, F	0.903	130.589	
0	107.1, F	1.276	130.630	
0	82.1, F	0.899	130.672	
0	19.0, F	0.862	130.714	
0	61.0, F	0.225	130.756	
0	99.7, F	0.782	130.797	
0	64.0, F	1.029	130.839	
0	22.7, F	1.175	130.881	
0	116.1, F	0.432	130.922	
0	98.9, F	0.93	130.964	
0	10.2, F	1.336	131.006	
0	82.5, F	0.731	131.048	
0	57.9, F	0.632	131.089	
0	102.2, F	0.236	131.131	
0	84.3, F	0.842	131.173	
0	55.5, F	0.893	131.214	
0	None	0	131.256	0.04200000000000159
0	50.7, F	0.442	131.298	
0	69.6, F	1.232	131.340	
0	273.2, F	0.213	131.381	
0	36.6, F	0.287	131.423	
0	42.5, F	0.655	131.465	
0	41.8, F	0.479	131.506	
0	44.5, F	0.959	131.548	
0	14.3, F	0.304	131.590	
0	34.6, F	0.803	131.631	
0	10.6, F	0.665	131.673	
0	62.9, F	0.253	131.715	
0	66.2, F	0.871	131.757	
0	55.0, F	0.256	131.798	
0	38.8, F	1.26	131.840	
0	46.7, F	0.802	131.882	
0	349.1, F	0.35	131.923	
0	11.0, F	0.905	131.965	
0	66.3, F	0.742	132.007	
0	13.6, F	0.99	132.049	
0	313.4, F	0.857	132.090	
0	82.0, F	0.41	132.132	
0	26.3, F	0.625	132.174	
0	2.3, F	0.581	132.215	
0	41.0, F	0.404	132.257	
0	18.7, F	0.591	132.299	
0	26.5, F	0.564	132.341	
0	3.2, F	0.954	132.382	
0	None	0	132.424	0.04200000000000159
0	16.5, F	0.327	132.466	
0	22.4, F	1.111	132.507	
0	39.7, F	0.802	132.549	
0	12.3, F	0.635	132.591	
0	14.5, F	0.689	132.632	
0	16.6, F	1.116	132.674	
0	1.9, F	1.281	132.716	
0	8.6, F	0.597	132.758	
0	8.8, F	0.581	132.799	
0	9.1, F	0.981	132.841	
0	13.8, F	0.862	132.883	
0	296.1, F	0.4	132.924	
0	29.1, F	0.833	132.966	
0	351.9, F	0.926	133.008	
0	19.3, F	0.936	133.050	
0	336.2, F	0.458	133.091	
0	44.4, F	0.695	133.133	
0	319.9, F	0.855	133.175	
0	345.3, F	0.88	133.216	
0	55.6, F	0.862	133.258	
0	358.8, F	0.421	133.300	
0	6.1, F	1.744	133.342	
0	350.6, F	1.172	133.383	
0	56.4, F	0.552	133.425	
0	8.9, F	1.006	133.467	
0	None	0	133.508	0.04200000000000159
0	11.3, F	0.658	133.550	
0	26.0, F	0.541	133.592	
0	356.0, F	1.184	133.633	
0	50.2, F	0.758	133.675	
0	8.6, F	1.193	133.717	
0	77.5, F	0.369	133.759	
0	3.5, F	0.524	133.800	
0	21.3, F	0.734	133.842	
0	21.7, F	0.689	133.884	
0	345.7, F	0.308	133.925	
0	358.9, F	0.633	133.967	
0	358.3, F	1.039	134.009	
0	8.1, F	0.632	134.051	
0	9.2, F	0.144	134.092	
0	14.3, F	0.572	134.134	
0	19.7, F	0.585	134.176	
0	48.7, F	0.221	134.217	
0	32.1, F	0.514	134.259	
0	315.2, F	0.503	134.301	
0	32.9, F	0.407	134.343	
0	346.6, F	1.075	134.384	
0	114.4, F	0.407	134.426	
0	311.5, F	0.56	134.468	
0	11.4, F	1.096	134.509	
0	22.3, F	1.385	134.551	
0	358.3, F	0.717	134.593	
0	40.6, F	0.669	134.635	
0	16.8, F	1.471	134.676	
0	61.8, F	0.752	134.718	
0	16.1, F	0.971	134.760	
0	359.0, F	0.783	134.801	
0	43.9, F	1.654	134.843	
0	22.4, F	0.173	134.885	
0	12.8, F	0.627	134.926	
0	88.8, F	0.391	134.968	
0	7.4, F	0.703	135.010	
0	47.0, F	0.431	135.052	
0	43.5, F	0.671	135.093	
0	48.2, F	0.18	135.135	
0	57.7, F	1.16	135.177	
0	58.0, F	0.488	135.218	
0	35.0, F	0.414	135.260	
0	99.9, F	0.589	135.302	
0	56.9, F	0.449	135.344	
0	4.6, F	0.376	135.385	
0	126.1, F	0.296	135.427	
0	31.4, F	0.795	135.469	
0	353.5, F	0.307	135.510	
0	103.3, F	1.01	135.552	
0	333.3, F	0.734	135.594	
0	82.9, F	0.284	135.636	
0	21.5, F	0.259	135.677	
0	126.2, F	0.193	135.719	
0	19.6, F	0.763	135.761	
0	63.7, F	0.335	135.802	
0	212.4, F	0.262	135.844	
0	3.5, F	0.955	135.886	
0	158.7, F	0.45	135.927	
0	83.7, F	0.146	135.969	
0	51.9, F	0.473	136.011	
0	352.1, F	0.689	136.053	
0	69.6, F	0.886	136.094	
0	234.1, F	0.256	136.136	
0	35.2, F	1.769	136.178	
0	298.6, F	0.163	136.219	
0	99.1, F	0.972	136.261	
0	354.1, F	0.89	136.303	
0	46.3, F	1.395	136.345	
0	89.3, F	0.764	136.386	
0	74.4, F	0.615	136.428	
0	31.6, F	0.682	136.470	
0	62.4, F	1.087	136.511	
0	338.0, F	0.708	136.553	
0	64.5, F	0.835	136.595	
0	None	0	136.636	0.04200000000000159
0	23.2, F	0.789	136.678	
0	330.6, F	0.474	136.720	
0	54.9, F	0.788	136.762	
0	41.7, F	0.4	136.803	
0	37.2, F	1.433	136.845	
0	279.4, F	0.226	136.887	
0	66.6, F	0.972	136.928	
0	None	0	136.970	0.04200000000000159
0	73.0, F	1.356	137.012	
0	23.3, F	0.985	137.054	
0	359.1, F	0.492	137.095	
0	56.7, F	0.425	137.137	
0	53.7, F	1.59	137.179	
0	338.0, F	0.27	137.220	
0	181.1, F	0.203	137.262	
0	103.0, F	0.205	137.304	
0	38.3, F	1.127	137.346	
0	159.0, F	0.288	137.387	
0	48.9, F	0.856	137.429	
0	308.5, F	0.174	137.471	
0	47.2, F	0.593	137.512	
0	103.4, F	0.727	137.554	
0	5.0, F	0.835	137.596	
0	150.5, F	0.495	137.637	
0	353.5, F	1.021	137.679	
0	42.1, F	0.595	137.721	
0	71.9, F	0.558	137.763	
0	23.4, F	0.491	137.804	
0	65.2, F	1.361	137.846	
0	81.9, F	0.135	137.888	
0	79.3, F	1.086	137.929	
0	21.7, F	0.919	137.971	
0	75.8, F	0.948	138.013	
0	355.4, F	0.861	138.055	
0	98.8, F	0.829	138.096	
0	43.9, F	0.671	138.138	
0	24.4, F	0.327	138.180	
0	27.5, F	0.658	138.221	
0	67.9, F	0.359	138.263	
0	3.3, F	0.14	138.305	
0	20.4, F	1.084	138.347	
0	107.6, F	1.045	138.388	
0	66.1, F	1.27	138.430	
0	None	0	138.472	0.04099999999999682
0	68.7, F	1.125	138.513	
0	77.5, F	0.628	138.555	
0	24.3, F	0.286	138.597	
0	62.6, F	0.814	138.638	
0	92.0, F	0.397	138.680	
0	None	0	138.722	0.04200000000000159
0	39.2, F	0.16	138.764	
0	57.0, F	0.484	138.805	
0	65.4, F	0.892	138.847	
0	81.6, F	0.309	138.889	
0	302.9, F	0.3	138.930	
0	12.2, F	0.298	138.972	
0	33.7, F	0.957	139.014	
0	64.4, F	1.012	139.056	
0	279.2, F	0.436	139.097	
0	55.0, F	0.851	139.139	
0	38.6, F	0.85	139.181	
0	28.2, F	0.318	139.222	
0	15.1, F	0.85	139.264	
0	63.6, F	1.08	139.306	
0	61.4, F	1.007	139.348	
0	324.8, F	1.036	139.389	
0	41.7, F	0.597	139.431	
0	91.9, F	0.795	139.473	
0	12.1, F	0.79	139.514	
0	280.1, F	0.097	139.556	
0	81.3, F	0.889	139.598	
0	305.8, F	0.588	139.639	
0	78.5, F	0.453	139.681	
0	298.6, F	0.113	139.723	
0	82.9, F	0.922	139.765	
0	311.5, F	0.335	139.806	
0	62.7, F	1.256	139.848	
0	322.1, F	0.138	139.890	
0	349.0, F	0.226	139.931	
0	157.9, F	0.245	139.973	
0	37.7, F	0.726	140.015	
0	88.7, F	0.671	140.057	
0	68.9, F	0.217	140.098	
0	343.6, F	0.167	140.140	
0	70.0, F	1.215	140.182	
0	303.6, F	0.242	140.223	
0	346.7, F	0.473	140.265	
0	70.2, F	0.316	140.307	
0	52.8, F	1.258	140.349	
0	53.0, F	0.588	140.390	
0	358.3, F	0.715	140.432	
0	39.1, F	0.471	140.474	
0	72.9, F	0.996	140.515	
0	326.6, F	0.684	140.557	
0	47.0, F	0.364	140.599	
0	49.7, F	0.606	140.641	
0	338.4, F	0.28	140.682	
0	347.9, F	1.029	140.724	
0	217.0, F	0.143	140.766	
0	18.0, F	1.445	140.807	
0	25.6, F	0.717	140.849	
0	32.9, F	0.716	140.891	
0	278.5, F	0.434	140.932	
0	349.4, F	1.247	140.974	
0	84.9, F	1.284	141.016	
0	43.1, F	0.763	141.058	
0	347.5, F	1.086	141.099	
0	74.1, F	0.869	141.141	
0	13.2, F	1.643	141.183	
0	344.7, F	0.958	141.224	
0	285.0, F	0.298	141.266	
0	24.0, F	0.705	141.308	
0	343.0, F	1.295	141.350	
0	355.3, F	1.017	141.391	
0	310.0, F	0.468	141.433	
0	0.4, F	0.94	141.475	
0	337.1, F	1.343	141.516	
0	300.0, F	0.799	141.558	
0	348.7, F	1.137	141.600	
0	268.1, F	0.495	141.642	
0	343.1, F	1.204	141.683	
0	13.0, F	0.965	141.725	
0	258.2, F	0.691	141.767	
0	359.4, F	1.061	141.808	
0	340.2, F	0.698	141.850	
0	30.9, F	0.7	141.892	
0	317.4, F	0.665	141.933	
0	1.7, F	0.654	141.975	
0	1.4, F	0.985	142.017	
0	345.6, F	0.658	142.059	
0	332.2, F	0.545	142.100	
0	233.7, F	0.411	142.142	
0	10.4, F	0.97	142.184	
0	287.6, F	0.591	142.225	
0	351.3, F	0.711	142.267	
0	342.8, F	0.376	142.309	
0	348.7, F	1.179	142.351	
0	65.7, F	0.565	142.392	
0	337.1, F	0.748	142.434	
0	348.2, F	0.352	142.476	
0	27.4, F	0.966	142.517	
0	355.5, F	0.833	142.559	
0	352.0, F	0.739	142.601	
0	357.1, F	0.823	142.642	
0	354.6, F	1.344	142.684	
0	333.7, F	0.643	142.726	
0	27.1, F	0.491	142.768	
0	338.0, F	1.418	142.809	
0	354.1, F	0.947	142.851	
0	336.8, F	0.685	142.893	
0	56.1, F	0.352	142.934	
0	345.8, F	1.016	142.976	
0	351.9, F	0.518	143.018	
0	352.2, F	1.022	143.060	
0	266.2, F	0.228	143.101	
0	311.6, F	0.29	143.143	
0	357.3, F	1.038	143.185	
0	46.1, F	1.048	143.226	
0	7.0, F	0.642	143.268	
0	320.6, F	0.672	143.310	
0	22.4, F	0.839	143.352	
0	28.5, F	0.611	143.393	
0	352.5, F	1.109	143.435	
0	246.5, F	0.166	143.477	
0	67.0, F	0.481	143.518	
0	343.7, F	0.693	143.560	
0	331.1, F	0.316	143.602	
0	340.6, F	0.572	143.643	
0	70.6, F	0.705	143.685	
0	321.4, F	0.465	143.727	
0	276.8, F	0.244	143.769	
0	67.5, F	0.703	143.810	
0	340.6, F	1.005	143.852	
0	247.1, F	0.175	143.894	
0	351.9, F	0.361	143.935	
0	None	0	143.977	0.04200000000000159
0	17.7, F	1.225	144.019	
0	194.4, F	0.347	144.061	
0	354.4, F	1.205	144.102	
0	346.0, F	0.605	144.144	
0	356.9, F	2.264	144.186	
0	28.1, F	0.689	144.227	
0	335.6, F	0.636	144.269	
0	33.4, F	0.671	144.311	
0	350.5, F	1.849	144.353	
0	330.9, F	1.274	144.394	
0	347.0, F	0.306	144.436	
0	347.2, F	0.705	144.478	
0	351.8, F	1.255	144.519	
0	325.4, F	0.425	144.561	
0	327.9, F	0.87	144.603	
0	10.8, F	0.662	144.644	
0	339.4, F	1.184	144.686	
0	324.8, F	1.269	144.728	
0	None	0	144.770	0.04099999999999682
0	330.6, F	0.473	144.811	
0	334.8, F	1.093	144.853	
0	49.1, F	0.388	144.895	
0	19.6, F	0.837	144.936	
0	307.9, F	0.691	144.978	
0	27.3, F	0.583	145.020	
0	20.5, F	0.824	145.062	
0	338.4, F	0.744	145.103	
0	25.8, F	0.604	145.145	
0	324.1, F	0.65	145.187	
0	89.2, F	0.281	145.228	
0	331.9, F	0.636	145.270	
0	15.6, F	0.81	145.312	
0	5.2, F	0.88	145.354	
0	267.3, F	0.486	145.395	
0	18.2, F	0.377	145.437	
0	8.7, F	0.878	145.479	
0	17.7, F	0.478	145.520	
0	74.6, F	0.242	145.562	
0	255.3, F	0.293	145.604	
0	84.1, F	0.321	145.645	
0	290.7, F	0.3	145.687	
0	76.2, F	0.449	145.729	
0	336.2, F	0.48	145.771	
0	291.8, F	0.194	145.812	
0	10.6, F	7.376	145.854	
0	352.2, F	0.985	145.896	
0	220.3, F	0.199	145.937	
0	320.8, F	0.215	145.979	
0	348.6, F	0.913	146.021	
0	324.7, F	0.286	146.063	
0	24.7, F	0.674	146.104	
0	205.0, F	0.367	146.146	
0	28.2, F	0.37	146.188	
0	None	0	146.229	0.04199999999997317
0	10.0, F	0.133	146.271	
0	None	0	146.313	0.04200000000000159
0	170.9, F	0.509	146.355	
0	124.5, F	0.155	146.396	
0	139.0, F	0.181	146.438	
0	250.4, F	0.517	146.480	
0	20.9, F	0.456	146.521	
0	150.1, F	0.253	146.563	
0	130.6, F	0.174	146.605	
0	2.6, F	0.489	146.647	
0	139.2, F	0.184	146.688	
0	259.7, F	0.43	146.730	
0	116.9, F	0.175	146.772	
0	117.4, F	0.152	146.813	
0	None	0	146.855	
0	None	0	146.897	0.08299999999999841
0	348.4, F	15.616	146.938	
0	None	0	146.980	
0	None	0	147.022	
0	None	0	147.064	0.125
0	0.3, F	0.604	147.105	
0	187.1, F	0.106	147.147	
0	None	0	147.189	
0	None	0	147.230	0.08299999999999841
0	343.7, F	0.135	147.272	
0	309.3, F	0.093	147.314	
0	213.5, F	0.354	147.356	
0	219.7, F	0.961	147.397	
0	76.3, F	0.449	147.439	
0	205.9, F	0.699	147.481	
0	80.7, F	0.502	147.522	
0	281.4, F	0.304	147.564	
0	85.5, F	0.396	147.606	
0	270.0, F	0.376	147.648	
0	88.8, F	0.339	147.689	
0	270.8, F	0.411	147.731	
0	86.6, F	0.304	147.773	
0	270.3, F	0.438	147.814	
0	95.8, F	0.319	147.856	
0	263.7, F	0.426	147.898	
0	100.0, F	0.323	147.939	
0	99.9, F	0.296	147.981	
0	13.6, F	18.394	148.023	
0	27.0, F	1.314	148.065	
0	314.7, F	0.442	148.106	
0	255.8, F	0.33	148.148	
0	1.4, F	1.114	148.190	
0	None	0	148.231	0.04200000000000159
0	316.9, F	1.252	148.273	
0	21.9, F	1.211	148.315	
0	306.8, F	1.487	148.357	
0	125.2, F	0.392	148.398	
0	215.0, F	0.448	148.440	
0	127.7, F	4.44	148.482	
0	7.1, F	1.11	148.523	
0	277.3, F	0.379	148.565	
0	331.9, F	0.837	148.607	
0	3.1, F	1.267	148.648	
0	350.5, F	0.637	148.690	
0	325.6, F	0.515	148.732	
0	342.4, F	1.15	148.774	
0	76.6, F	0.482	148.815	
0	330.7, F	6.352	148.857	
0	308.4, F	0.515	148.899	
0	244.7, F	0.267	148.940	
0	306.6, F	0.35	148.982	
0	9.9, F	1.748	149.024	
0	3.1, F	1.152	149.066	
0	15.0, F	0.817	149.107	
0	345.5, F	0.502	149.149	
0	331.6, F	1.763	149.191	
0	37.8, F	0.175	149.232	
0	335.4, F	0.468	149.274	
0	337.8, F	1.08	149.316	
0	16.9, F	0.506	149.358	
0	322.1, F	1.218	149.399	
0	356.8, F	0.484	149.441	
0	313.5, F	0.243	149.483	
0	4.3, F	1.234	149.524	
0	339.5, F	0.582	149.566	
0	11.8, F	0.279	149.608	
0	353.9, F	0.737	149.649	
0	337.9, F	0.622	149.691	
0	302.0, F	0.398	149.733	
0	32.2, F	0.448	149.775	
0	263.3, F	0.421	149.816	
0	41.0, F	0.737	149.858	
0	335.7, F	0.347	149.900	
0	195.9, F	0.649	149.941	
0	50.0, F	0.658	149.983	
0	339.4, F	5.982	150.025	
0	254.8, F	0.107	150.067	
0	329.7, F	0.264	150.108	
0	337.9, F	0.659	150.150	
0	331.9, F	0.871	150.192	
0	19.6, F	0.573	150.233	
0	34.7, F	0.214	150.275	
0	2.9, F	0.602	150.317	
0	350.6, F	0.69	150.359	
0	345.1, F	0.384	150.400	
0	346.5, F	0.83	150.442	
0	326.1, F	0.53	150.484	
0	321.8, F	0.79	150.525	
0	16.9, F	0.436	150.567	
0	3.4, F	0.936	150.609	
0	7.2, F	0.629	150.650	
0	4.4, F	1.019	150.692	
0	67.1, F	0.188	150.734	
0	344.9, F	0.526	150.776	
0	32.9, F	1.199	150.817	
0	32.2, F	0.854	150.859	
0	351.9, F	0.347	150.901	
0	358.3, F	0.887	150.942	
0	24.5, F	0.507	150.984	
0	28.0, F	0.98	151.026	
0	344.6, F	0.449	151.068	
0	85.2, F	0.684	151.109	
0	5.0, F	0.542	151.151	
0	14.9, F	0.571	151.193	
0	325.9, F	1.41	151.234	
0	None	0	151.276	0.04200000000000159
0	356.6, F	0.335	151.318	
0	349.3, F	1.342	151.360	
0	47.2, F	0.612	151.401	
0	272.2, F	0.394	151.443	
0	26.5, F	0.685	151.485	
0	350.9, F	1.934	151.526	
0	42.2, F	0.559	151.568	
0	298.9, F	0.281	151.610	
0	14.5, F	1.027	151.651	
0	338.8, F	1.072	151.693	
0	12.8, F	0.905	151.735	
0	229.5, F	0.518	151.777	
0	13.0, F	1.111	151.818	
0	62.7, F	0.629	151.860	
0	338.7, F	0.736	151.902	
0	13.2, F	0.403	151.943	
0	5.1, F	0.719	151.985	
0	22.5, F	0.873	152.027	
0	41.9, F	0.66	152.069	
0	335.3, F	0.155	152.110	
0	357.8, F	0.689	152.152	
0	7.1, F	1.042	152.194	
0	68.5, F	0.251	152.235	
0	31.0, F	0.738	152.277	
0	329.6, F	0.464	152.319	
0	354.2, F	1.519	152.361	
0	56.7, F	0.835	152.402	
0	338.8, F	0.279	152.444	
0	3.0, F	0.606	152.486	
0	11.5, F	0.756	152.527	
0	37.1, F	0.441	152.569	
0	334.8, F	0.697	152.611	
0	57.0, F	0.496	152.653	
0	290.2, F	0.153	152.694	
0	329.8, F	0.326	152.736	
0	44.5, F	0.832	152.778	
0	275.7, F	0.161	152.819	
0	324.5, F	0.598	152.861	
0	334.1, F	0.917	152.903	
0	146.2, F	0.302	152.944	
0	11.8, F	0.578	152.986	
0	353.1, F	0.391	153.028	
0	345.4, F	0.855	153.070	
0	231.4, F	0.366	153.111	
