4	46.6, F	0.887	0.042	
4	116.8, F	1.169	0.083	
4	144.1, F	0.93	0.125	
4	None	0	0.167	0.04199999999999998
4	106.3, F	1.102	0.209	
4	292.2, F	3.03	0.250	
4	93.6, F	0.352	0.292	
4	114.9, F	3.119	0.334	
4	98.7, F	1.646	0.375	
4	201.4, F	0.34	0.417	
4	79.0, F	1.243	0.459	
4	38.7, F	1.132	0.500	
4	196.1, F	1.08	0.542	
4	35.5, F	0.728	0.584	
4	95.4, F	0.953	0.626	
4	278.4, F	0.151	0.667	
4	94.7, F	0.185	0.709	
4	81.0, F	0.417	0.751	
4	132.7, F	0.441	0.792	
4	53.0, F	0.9	0.834	
4	192.8, F	1.342	0.876	
4	82.8, F	2.438	0.918	
4	233.4, F	0.32	0.959	
4	105.7, F	0.962	1.001	
4	62.7, F	0.89	1.043	
4	178.6, F	0.672	1.084	
4	35.9, F	0.305	1.126	
4	79.4, F	0.447	1.168	
4	168.8, F	0.637	1.210	
4	171.1, F	0.903	1.251	
4	123.1, F	0.308	1.293	
4	141.4, F	0.453	1.335	
4	272.7, F	0.336	1.376	
4	113.8, F	0.557	1.418	
4	203.4, F	0.615	1.460	
4	146.4, F	1.113	1.502	
4	204.5, F	0.737	1.543	
4	270.9, F	0.253	1.585	
4	202.5, F	0.393	1.627	
4	130.6, F	0.949	1.668	
4	206.0, F	0.292	1.710	
4	184.1, F	0.423	1.752	
4	0.5, F	0.25	1.793	
4	175.8, F	0.963	1.835	
4	138.8, F	0.296	1.877	
4	20.1, F	0.595	1.919	
4	166.0, F	0.546	1.960	
4	287.6, F	0.737	2.002	
4	152.2, F	0.962	2.044	
4	88.6, F	0.296	2.085	
4	264.5, F	0.522	2.127	
4	106.3, F	0.466	2.169	
4	261.8, F	0.524	2.211	
4	113.4, F	0.369	2.252	
4	23.9, F	0.822	2.294	
4	225.4, F	0.565	2.336	
4	119.0, F	0.524	2.377	
4	229.4, F	0.557	2.419	
4	36.2, F	0.761	2.461	
4	234.3, F	0.636	2.502	
4	39.1, F	0.539	2.544	
4	222.3, F	0.91	2.586	
4	56.8, F	0.381	2.628	
4	61.6, F	0.345	2.669	
4	216.9, F	1.122	2.711	
4	70.7, F	0.284	2.753	
4	76.4, F	0.195	2.794	
4	82.9, F	0.17	2.836	
4	258.3, F	0.802	2.878	
4	128.8, F	0.241	2.920	
4	12.3, F	0.759	2.961	
4	152.9, F	0.32	3.003	
4	166.6, F	0.394	3.045	
4	169.8, F	0.436	3.086	
4	356.9, F	0.374	3.128	
4	179.2, F	0.579	3.170	
4	4.2, F	0.368	3.212	
4	20.6, F	0.256	3.253	
4	227.9, F	1.167	3.295	
4	45.2, F	0.163	3.337	
4	68.1, F	0.105	3.378	
4	66.6, F	0.136	3.420	
4	102.3, F	0.113	3.462	
4	121.7, F	0.126	3.503	
4	139.3, F	0.216	3.545	
4	141.0, F	0.27	3.587	
4	312.8, F	1.027	3.629	
4	133.6, F	0.48	3.670	
4	135.0, F	0.986	3.712	
4	318.3, F	0.135	3.754	
4	144.9, F	0.103	3.795	
4	143.0, F	0.443	3.837	
4	141.2, F	1.086	3.879	
4	None	0	3.921	0.04100000000000037
4	146.5, F	0.335	3.962	
4	146.4, F	0.783	4.004	
4	96.6, F	0.979	4.046	
4	157.6, F	0.518	4.087	
4	274.4, F	0.56	4.129	
4	99.3, F	0.799	4.171	
4	166.9, F	0.624	4.213	
4	156.5, F	0.873	4.254	
4	89.0, F	0.465	4.296	
4	253.3, F	0.285	4.338	
4	109.5, F	0.981	4.379	
4	184.5, F	0.535	4.421	
4	6.7, F	0.224	4.463	
4	None	0	4.505	0.04100000000000037
4	163.9, F	0.299	4.546	
4	165.7, F	0.477	4.588	
4	233.8, F	1.123	4.630	
4	45.3, F	0.158	4.671	
4	173.2, F	0.453	4.713	
4	181.2, F	0.793	4.755	
4	None	0	4.796	0.041999999999999815
4	164.4, F	0.365	4.838	
4	214.3, F	0.13	4.880	
4	171.2, F	0.339	4.922	
4	193.4, F	0.69	4.963	
4	265.0, F	0.196	5.005	
4	216.9, F	0.73	5.047	
4	157.0, F	1.224	5.088	
4	258.9, F	0.437	5.130	
4	68.7, F	0.278	5.172	
4	174.7, F	1.414	5.214	
4	286.3, F	1.022	5.255	
4	None	0	5.297	0.0420000000000007
4	181.1, F	1.003	5.339	
4	1.6, F	0.51	5.380	
4	164.1, F	0.397	5.422	
4	177.5, F	0.393	5.464	
4	312.1, F	0.5	5.505	
4	157.9, F	1.269	5.547	
4	327.0, F	0.852	5.589	
4	136.7, F	0.621	5.631	
4	229.8, F	0.855	5.672	
4	47.3, F	0.482	5.714	
4	74.4, F	0.339	5.756	
4	212.7, F	1.073	5.797	
4	79.6, F	0.544	5.839	
4	213.9, F	0.258	5.881	
4	169.8, F	0.372	5.923	
4	0.1, F	0.393	5.964	
4	169.9, F	0.807	6.006	
4	92.5, F	0.788	6.048	
4	174.9, F	0.204	6.089	
4	28.4, F	0.334	6.131	
4	149.2, F	0.902	6.173	
4	97.2, F	1.369	6.215	
4	210.0, F	0.401	6.256	
4	70.5, F	1.029	6.298	
4	162.4, F	0.842	6.340	
4	103.7, F	0.165	6.381	
4	115.0, F	0.638	6.423	
4	121.6, F	0.768	6.465	
4	347.1, F	0.382	6.506	
4	166.2, F	0.975	6.548	
4	126.0, F	0.374	6.590	
4	129.1, F	0.835	6.632	
4	299.3, F	0.194	6.673	
4	194.9, F	0.424	6.715	
4	194.3, F	0.507	6.757	
4	23.2, F	0.198	6.798	
4	166.3, F	0.093	6.840	
4	167.7, F	0.738	6.882	
4	176.2, F	0.997	6.924	
4	163.2, F	0.484	6.965	
4	76.6, F	0.247	7.007	
4	161.0, F	0.876	7.049	
4	231.3, F	0.57	7.090	
4	159.5, F	1.121	7.132	
4	218.7, F	0.604	7.174	
4	149.3, F	0.788	7.216	
4	204.2, F	1.138	7.257	
4	144.4, F	0.87	7.299	
4	258.6, F	0.212	7.341	
4	140.0, F	1.356	7.382	
4	174.4, F	0.331	7.424	
4	176.8, F	0.697	7.466	
4	63.4, F	0.145	7.507	
4	224.8, F	0.93	7.549	
4	93.9, F	0.467	7.591	
4	100.8, F	0.605	7.633	
4	214.9, F	0.718	7.674	
4	172.9, F	1.185	7.716	
4	38.1, F	0.626	7.758	
4	126.8, F	0.996	7.799	
4	None	0	7.841	0.041999999999999815
4	125.2, F	1.059	7.883	
4	158.2, F	0.847	7.925	
4	93.9, F	0.876	7.966	
4	141.9, F	0.48	8.008	
4	134.3, F	1.324	8.050	
4	126.4, F	0.354	8.091	
4	334.8, F	0.72	8.133	
4	130.2, F	0.954	8.175	
4	153.2, F	0.375	8.217	
4	166.3, F	0.681	8.258	
4	82.2, F	0.289	8.300	
4	239.3, F	0.623	8.342	
4	160.2, F	0.951	8.383	
4	128.0, F	0.445	8.425	
4	231.6, F	0.915	8.467	
4	97.4, F	0.294	8.508	
4	167.1, F	1.066	8.550	
4	239.0, F	0.733	8.592	
4	166.7, F	1.026	8.634	
4	142.3, F	0.404	8.675	
4	168.7, F	1.315	8.717	
4	277.6, F	0.753	8.759	
4	127.3, F	0.386	8.800	
4	161.5, F	0.651	8.842	
4	166.3, F	1.102	8.884	
4	245.5, F	0.78	8.926	
4	19.5, F	0.377	8.967	
4	171.4, F	0.928	9.009	
4	153.4, F	0.344	9.051	
4	12.0, F	0.617	9.092	
4	171.1, F	0.66	9.134	
4	279.0, F	0.839	9.176	
4	146.1, F	0.293	9.218	
4	144.0, F	0.499	9.259	
4	156.7, F	0.666	9.301	
4	54.2, F	0.488	9.343	
4	259.3, F	0.367	9.384	
4	211.7, F	0.251	9.426	
4	113.8, F	1.051	9.468	
4	169.6, F	0.657	9.509	
4	106.8, F	0.397	9.551	
4	224.1, F	0.344	9.593	
4	175.2, F	0.482	9.635	
4	97.2, F	0.193	9.676	
4	129.7, F	1.163	9.718	
4	75.5, F	0.164	9.760	
4	151.6, F	1.182	9.801	
4	46.4, F	1.128	9.843	
4	157.2, F	0.851	9.885	
4	303.0, F	0.354	9.927	
4	138.0, F	1.372	9.968	
4	155.8, F	0.243	10.010	
4	159.6, F	3.169	10.052	
4	14.0, F	0.388	10.093	
4	87.0, F	1.142	10.135	
4	223.9, F	0.855	10.177	
4	245.9, F	0.404	10.219	
4	119.9, F	0.458	10.260	
4	210.3, F	0.82	10.302	
4	76.0, F	0.53	10.344	
4	199.6, F	0.971	10.385	
4	54.7, F	0.833	10.427	
4	180.9, F	1.346	10.469	
4	19.8, F	0.349	10.511	
4	157.8, F	1.488	10.552	
4	285.6, F	0.464	10.594	
4	223.9, F	0.251	10.636	
4	122.5, F	1.168	10.677	
4	177.9, F	1.445	10.719	
4	65.2, F	0.117	10.761	
4	266.0, F	0.817	10.802	
4	165.3, F	0.626	10.844	
4	159.9, F	1.052	10.886	
4	34.9, F	0.967	10.928	
4	227.6, F	1.154	10.969	
4	172.8, F	1.079	11.011	
4	48.0, F	0.455	11.053	
4	146.2, F	0.848	11.094	
4	282.8, F	0.619	11.136	
4	111.2, F	0.707	11.178	
4	154.8, F	0.596	11.220	
4	47.4, F	0.499	11.261	
4	194.8, F	0.906	11.303	
4	90.0, F	0.977	11.345	
4	131.5, F	1.018	11.386	
4	61.5, F	0.149	11.428	
4	111.1, F	0.554	11.470	
4	200.4, F	0.526	11.511	
4	157.0, F	1.095	11.553	
4	125.7, F	0.619	11.595	
4	68.3, F	0.707	11.637	
4	248.2, F	0.232	11.678	
4	172.3, F	0.44	11.720	
4	165.1, F	0.665	11.762	
4	69.8, F	0.229	11.803	
4	99.4, F	0.252	11.845	
4	205.8, F	0.819	11.887	
4	149.5, F	1.15	11.929	
4	232.0, F	0.385	11.970	
4	64.5, F	0.809	12.012	
4	197.9, F	1.053	12.054	
4	228.5, F	0.41	12.095	
4	307.1, F	0.385	12.137	
4	144.5, F	1.191	12.179	
4	208.6, F	0.682	12.221	
4	245.3, F	0.302	12.262	
4	128.0, F	0.731	12.304	
4	211.3, F	1.003	12.346	
4	163.6, F	0.702	12.387	
4	258.8, F	0.7	12.429	
4	150.9, F	0.476	12.471	
4	8.6, F	0.127	12.512	
4	176.7, F	1.386	12.554	
4	324.9, F	0.189	12.596	
4	172.4, F	0.121	12.638	
4	178.1, F	0.447	12.679	
4	170.6, F	1.293	12.721	
4	155.2, F	0.532	12.763	
4	274.6, F	0.571	12.804	
4	123.8, F	0.556	12.846	
4	190.0, F	1.006	12.888	
4	112.6, F	0.888	12.930	
4	331.9, F	0.361	12.971	
4	176.9, F	0.899	13.013	
4	159.8, F	0.93	13.055	
4	102.9, F	0.661	13.096	
4	190.1, F	0.615	13.138	
4	93.5, F	0.116	13.180	
4	155.9, F	0.836	13.222	
4	121.1, F	0.566	13.263	
4	212.1, F	0.61	13.305	
4	188.5, F	0.847	13.347	
4	126.0, F	1.027	13.388	
4	26.4, F	0.131	13.430	
4	134.5, F	0.261	13.472	
4	147.5, F	0.528	13.513	
4	225.0, F	0.985	13.555	
4	71.4, F	0.254	13.597	
4	89.1, F	0.194	13.639	
4	126.1, F	0.141	13.680	
4	265.5, F	0.912	13.722	
4	193.5, F	0.141	13.764	
4	180.5, F	0.243	13.805	
4	211.7, F	0.401	13.847	
4	None	0	13.889	0.041999999999999815
4	243.9, F	0.382	13.931	
4	220.1, F	0.869	13.972	
4	73.6, F	0.287	14.014	
4	245.8, F	0.916	14.056	
4	178.9, F	0.62	14.097	
4	293.3, F	0.151	14.139	
4	185.6, F	1.083	14.181	
4	226.1, F	0.47	14.223	
4	125.1, F	0.579	14.264	
4	212.3, F	0.732	14.306	
4	81.5, F	0.455	14.348	
4	210.5, F	0.805	14.389	
4	318.3, F	3.729	14.431	
4	2.2, F	0.589	14.473	
4	178.6, F	0.633	14.514	
4	36.4, F	0.152	14.556	
4	101.6, F	0.125	14.598	
4	69.7, F	0.164	14.640	
4	6.9, F	0.366	14.681	
4	303.8, F	0.167	14.723	
4	351.8, F	0.21	14.765	
4	349.9, F	0.279	14.806	
4	15.9, F	0.124	14.848	
4	170.5, F	0.808	14.890	
4	55.1, F	0.21	14.932	
4	279.8, F	0.801	14.973	
4	68.8, F	0.323	15.015	
4	57.9, F	0.286	15.057	
4	67.7, F	0.274	15.098	
4	285.6, F	0.76	15.140	
4	165.9, F	0.864	15.182	
4	20.0, F	0.266	15.224	
4	23.0, F	0.146	15.265	
4	358.8, F	0.147	15.307	
4	340.5, F	0.24	15.349	
4	317.3, F	0.122	15.390	
4	186.0, F	0.833	15.432	
4	329.5, F	0.13	15.474	
4	252.5, F	0.159	15.515	
4	242.2, F	0.266	15.557	
4	101.2, F	0.745	15.599	
4	117.1, F	25.366	15.641	
4	91.4, F	0.787	15.682	
4	F	1.793	15.724	
4	98.5, F	1.549	15.766	
4	130.9, F	0.609	15.807	
4	67.2, F	1.616	15.849	
4	102.2, F	0.932	15.891	
4	117.8, F	0.644	15.933	
4	66.1, F	1.271	15.974	
4	169.2, F	0.734	16.016	
4	96.1, F	1.908	16.058	
4	108.1, F	0.877	16.099	
4	110.2, F	1.937	16.141	
4	62.6, F	0.658	16.183	
4	90.8, F	1.324	16.225	
4	95.4, F	1.135	16.266	
4	102.7, F	1.006	16.308	
4	121.6, F	0.797	16.350	
4	115.3, F	1.781	16.391	
4	84.3, F	1.216	16.433	
4	151.0, F	0.417	16.475	
4	104.1, F	0.914	16.517	
4	56.0, F	1.108	16.558	
4	153.0, F	0.477	16.600	
4	106.6, F	0.866	16.642	
4	43.9, F	0.779	16.683	
4	88.4, F	1.869	16.725	
4	64.9, F	0.792	16.767	
4	86.3, F	0.264	16.808	
4	66.7, F	1.051	16.850	
4	98.2, F	1.722	16.892	
4	27.2, F	0.793	16.934	
4	94.1, F	0.876	16.975	
4	88.0, F	0.737	17.017	
4	80.9, F	1.338	17.059	
4	74.9, F	1.103	17.100	
4	130.1, F	1.078	17.142	
4	78.0, F	0.775	17.184	
4	93.1, F	1.714	17.226	
4	87.3, F	1.438	17.267	
4	85.0, F	0.273	17.309	
4	93.0, F	1.084	17.351	
4	98.1, F	1.691	17.392	
4	129.7, F	0.602	17.434	
4	65.9, F	1.314	17.476	
4	178.7, F	0.582	17.517	
4	100.1, F	1.751	17.559	
4	113.3, F	1.6	17.601	
4	73.0, F	0.335	17.643	
4	144.5, F	1.688	17.684	
4	77.0, F	1.242	17.726	
4	93.1, F	0.784	17.768	
4	96.7, F	0.437	17.809	
4	152.2, F	0.332	17.851	
4	110.1, F	1.77	17.893	
4	63.1, F	1.186	17.935	
4	104.9, F	0.95	17.976	
4	113.5, F	0.838	18.018	
4	66.4, F	1.656	18.060	
4	114.1, F	0.698	18.101	
4	100.0, F	1.365	18.143	
4	131.9, F	0.599	18.185	
4	68.9, F	1.977	18.227	
4	93.9, F	0.73	18.268	
4	98.1, F	0.575	18.310	
4	87.8, F	1.351	18.352	
4	113.8, F	1.311	18.393	
4	73.3, F	0.989	18.435	
4	134.7, F	1.167	18.477	
4	83.6, F	0.758	18.518	
4	92.6, F	2.205	18.560	
4	107.3, F	1.077	18.602	
4	56.7, F	1.081	18.644	
4	117.7, F	0.709	18.685	
4	124.4, F	1.216	18.727	
4	93.1, F	0.834	18.769	
4	114.1, F	0.745	18.810	
4	145.5, F	0.616	18.852	
4	88.7, F	1.78	18.894	
4	105.0, F	0.469	18.936	
4	99.6, F	1.015	18.977	
4	104.9, F	0.849	19.019	
4	104.4, F	1.367	19.061	
4	62.8, F	1.205	19.102	
4	115.8, F	0.933	19.144	
4	49.0, F	0.91	19.186	
4	102.4, F	1.533	19.228	
4	93.6, F	1.185	19.269	
4	65.5, F	0.099	19.311	
4	82.4, F	1.105	19.353	
4	72.5, F	2.011	19.394	
4	49.8, F	1.106	19.436	
4	89.2, F	1.517	19.478	
4	78.1, F	0.452	19.520	
4	86.3, F	2.266	19.561	
4	72.1, F	0.394	19.603	
4	90.3, F	1.092	19.645	
4	88.6, F	0.912	19.686	
4	125.5, F	1.878	19.728	
4	24.2, F	0.916	19.770	
4	97.3, F	1.203	19.811	
4	87.1, F	0.978	19.853	
4	86.3, F	1.852	19.895	
4	84.8, F	0.834	19.937	
4	85.8, F	0.79	19.978	
4	18.6, F	1.432	20.020	
4	79.0, F	1.829	20.062	
4	58.0, F	0.644	20.103	
4	64.3, F	2.492	20.145	
4	136.3, F	0.379	20.187	
4	35.0, F	2.097	20.229	
4	73.7, F	0.418	20.270	
4	85.1, F	0.52	20.312	
4	299.7, F	0.719	20.354	
4	56.9, F	2.753	20.395	
4	58.2, F	1.069	20.437	
4	102.9, F	0.701	20.479	
4	54.5, F	2.481	20.520	
4	83.0, F	1.36	20.562	
4	351.2, F	0.328	20.604	
4	11.9, F	0.33	20.646	
4	94.3, F	1.229	20.687	
4	82.6, F	1.568	20.729	
4	77.1, F	1.316	20.771	
4	72.7, F	1.185	20.812	
4	76.8, F	0.201	20.854	
4	82.3, F	2.191	20.896	
4	91.6, F	0.178	20.938	
4	20.3, F	0.894	20.979	
4	69.6, F	1.088	21.021	
4	48.5, F	2.157	21.063	
4	56.3, F	0.531	21.104	
4	115.5, F	0.445	21.146	
4	41.6, F	2.489	21.188	
4	46.0, F	1.397	21.230	
4	101.4, F	0.572	21.271	
4	27.9, F	1.087	21.313	
4	60.1, F	0.706	21.355	
4	72.9, F	0.605	21.396	
4	54.2, F	1.124	21.438	
4	6.3, F	1.114	21.480	
4	27.7, F	0.876	21.521	
4	8.9, F	2.732	21.563	
4	159.6, F	2.823	21.605	
4	51.8, F	1.015	21.647	
4	7.6, F	0.586	21.688	
4	30.9, F	0.72	21.730	
4	51.3, F	0.602	21.772	
4	49.4, F	2.496	21.813	
4	72.2, F	0.582	21.855	
4	49.3, F	1.907	21.897	
4	350.3, F	0.786	21.939	
4	60.7, F	0.77	21.980	
4	91.1, F	1.224	22.022	
4	61.1, F	1.234	22.064	
4	156.2, F	1.842	22.105	
4	14.6, F	0.673	22.147	
4	29.5, F	1.082	22.189	
4	39.4, F	2.732	22.231	
4	79.8, F	1.683	22.272	
4	240.1, F	0.568	22.314	
4	59.8, F	0.241	22.356	
4	47.8, F	2.638	22.397	
4	337.8, F	0.951	22.439	
4	58.5, F	1.909	22.481	
4	320.1, F	0.349	22.523	
4	33.4, F	2.147	22.564	
4	17.1, F	0.18	22.606	
4	27.4, F	0.997	22.648	
4	66.4, F	1.06	22.689	
4	35.8, F	2.009	22.731	
4	142.7, F	0.562	22.773	
4	12.9, F	1.678	22.814	
4	79.8, F	1.184	22.856	
4	51.4, F	2.03	22.898	
4	72.7, F	0.256	22.940	
4	40.9, F	0.821	22.981	
4	45.1, F	1.819	23.023	
4	55.2, F	0.436	23.065	
4	49.1, F	1.918	23.106	
4	1.7, F	0.41	23.148	
4	87.4, F	0.583	23.190	
4	77.3, F	2.003	23.232	
4	75.3, F	0.437	23.273	
4	52.1, F	1.175	23.315	
4	71.0, F	1.45	23.357	
4	350.3, F	0.822	23.398	
4	55.5, F	0.824	23.440	
4	36.6, F	0.944	23.482	
4	52.2, F	2.171	23.523	
4	127.0, F	0.274	23.565	
4	61.8, F	1.063	23.607	
4	26.1, F	1.267	23.649	
4	3.9, F	0.85	23.690	
4	42.8, F	1.858	23.732	
4	96.1, F	0.822	23.774	
4	17.3, F	1.285	23.815	
4	98.8, F	0.783	23.857	
4	44.5, F	0.986	23.899	
4	35.6, F	1.846	23.941	
4	100.7, F	0.477	23.982	
4	76.7, F	0.977	24.024	
4	52.1, F	2.64	24.066	
4	94.3, F	0.336	24.107	
4	75.3, F	0.805	24.149	
4	10.5, F	0.929	24.191	
4	62.6, F	1.896	24.233	
4	36.5, F	0.604	24.274	
4	54.0, F	1.286	24.316	
4	82.4, F	0.769	24.358	
4	59.5, F	1.727	24.399	
4	97.4, F	0.402	24.441	
4	90.3, F	1.431	24.483	
4	99.5, F	0.394	24.524	
4	53.8, F	1.66	24.566	
4	61.4, F	1.448	24.608	
4	341.2, F	0.843	24.650	
4	78.4, F	1.712	24.691	
4	47.0, F	0.996	24.733	
4	66.3, F	0.619	24.775	
4	61.4, F	1.123	24.816	
4	78.0, F	0.588	24.858	
4	22.2, F	1.542	24.900	
4	41.0, F	1.147	24.942	
4	39.9, F	0.497	24.983	
4	89.5, F	0.896	25.025	
4	41.5, F	1.734	25.067	
4	336.6, F	1.099	25.108	
4	59.6, F	1.387	25.150	
4	106.6, F	0.999	25.192	
4	41.2, F	2.512	25.234	
4	22.8, F	0.303	25.275	
4	99.6, F	0.587	25.317	
4	14.8, F	1.475	25.359	
4	75.1, F	1.379	25.400	
4	41.6, F	0.844	25.442	
4	83.2, F	0.421	25.484	
4	57.9, F	0.835	25.525	
4	48.2, F	1.42	25.567	
4	63.8, F	1.019	25.609	
4	125.2, F	0.993	25.651	
4	23.9, F	0.946	25.692	
4	58.2, F	1.681	25.734	
4	334.6, F	0.581	25.776	
4	73.6, F	1.159	25.817	
4	83.2, F	0.963	25.859	
4	43.1, F	2.234	25.901	
4	None	0	25.943	0.04100000000000037
4	54.6, F	0.476	25.984	
4	52.9, F	1.186	26.026	
4	30.8, F	1.133	26.068	
4	58.2, F	0.248	26.109	
4	38.6, F	0.835	26.151	
4	2.7, F	1.051	26.193	
4	43.9, F	2.084	26.235	
4	100.9, F	0.769	26.276	
4	81.1, F	0.37	26.318	
4	77.2, F	1.125	26.360	
4	51.3, F	2.61	26.401	
4	115.4, F	0.487	26.443	
4	355.8, F	1.138	26.485	
4	109.3, F	0.523	26.526	
4	46.3, F	2.737	26.568	
4	54.7, F	0.344	26.610	
4	106.7, F	1.242	26.652	
4	339.6, F	1.148	26.693	
4	73.0, F	2.038	26.735	
4	104.8, F	0.692	26.777	
4	99.6, F	0.478	26.818	
4	85.2, F	1.389	26.860	
4	70.1, F	1.279	26.902	
4	71.1, F	0.902	26.944	
4	35.4, F	0.805	26.985	
4	103.8, F	0.968	27.027	
4	59.0, F	1.43	27.069	
4	104.1, F	0.997	27.110	
4	352.5, F	1.096	27.152	
4	66.9, F	0.959	27.194	
4	59.0, F	0.6	27.236	
4	11.8, F	0.863	27.277	
4	93.1, F	0.967	27.319	
4	41.8, F	0.375	27.361	
4	45.2, F	2.352	27.402	
4	175.1, F	0.093	27.444	
4	83.5, F	0.72	27.486	
4	60.9, F	1.522	27.527	
4	95.1, F	0.735	27.569	
4	67.0, F	1.641	27.611	
4	7.3, F	0.601	27.653	
4	88.4, F	0.8	27.694	
4	45.2, F	0.911	27.736	
4	54.1, F	2.367	27.778	
4	180.0, F	0.111	27.819	
4	44.4, F	0.283	27.861	
4	23.1, F	0.874	27.903	
4	70.5, F	1.192	27.945	
4	49.1, F	0.861	27.986	
4	72.5, F	0.356	28.028	
4	61.0, F	1.706	28.070	
4	108.8, F	0.447	28.111	
4	43.9, F	2.192	28.153	
4	274.2, F	0.29	28.195	
4	58.5, F	2.379	28.237	
4	343.5, F	0.78	28.278	
4	92.5, F	0.599	28.320	
4	1.8, F	0.588	28.362	
4	72.2, F	1.097	28.403	
4	25.2, F	0.926	28.445	
4	58.4, F	0.739	28.487	
4	8.4, F	0.99	28.528	
4	30.7, F	1.563	28.570	
4	6.6, F	0.73	28.612	
4	25.9, F	0.477	28.654	
4	43.5, F	0.296	28.695	
4	33.0, F	2.009	28.737	
4	111.6, F	0.196	28.779	
4	356.2, F	0.849	28.820	
4	37.7, F	0.515	28.862	
4	39.5, F	2.072	28.904	
4	78.0, F	0.801	28.946	
4	0.2, F	1.195	28.987	
4	124.8, F	0.504	29.029	
4	43.0, F	2.0	29.071	
4	None	0	29.112	0.04200000000000159
4	54.7, F	0.61	29.154	
4	50.8, F	1.082	29.196	
4	113.5, F	1.181	29.238	
4	110.1, F	0.998	29.279	
4	52.1, F	1.045	29.321	
4	79.8, F	0.493	29.363	
4	61.6, F	0.975	29.404	
4	38.5, F	0.641	29.446	
4	86.6, F	1.015	29.488	
4	82.4, F	0.596	29.529	
4	58.5, F	0.806	29.571	
4	10.6, F	0.381	29.613	
4	94.2, F	0.934	29.655	
4	78.2, F	0.284	29.696	
4	82.5, F	1.966	29.738	
4	44.5, F	0.701	29.780	
4	60.1, F	1.702	29.821	
4	None	0	29.863	0.04200000000000159
4	84.4, F	1.601	29.905	
4	110.6, F	0.233	29.947	
4	100.2, F	0.975	29.988	
4	118.4, F	0.531	30.030	
4	91.4, F	2.165	30.072	
4	90.0, F	0.996	30.113	
4	79.5, F	0.721	30.155	
4	27.3, F	0.318	30.197	
4	75.8, F	1.86	30.239	
4	102.8, F	0.554	30.280	
4	83.3, F	0.359	30.322	
4	92.4, F	1.21	30.364	
4	93.0, F	2.106	30.405	
4	74.0, F	1.362	30.447	
4	101.8, F	0.415	30.489	
4	101.1, F	1.274	30.530	
4	92.4, F	0.784	30.572	
4	40.2, F	0.57	30.614	
4	126.4, F	0.614	30.656	
4	206.0, F	0.682	30.697	
4	74.2, F	0.83	30.739	
4	110.1, F	1.387	30.781	
4	180.1, F	0.452	30.822	
4	62.9, F	1.039	30.864	
4	134.2, F	2.648	30.906	
4	99.0, F	1.921	30.948	
4	159.2, F	0.732	30.989	
4	323.1, F	0.518	31.031	
4	79.3, F	1.457	31.073	
4	220.8, F	0.798	31.114	
4	92.0, F	14.976	31.156	
4	5.5, F	0.966	31.198	
4	182.3, F	0.127	31.240	
4	None	0	31.281	0.04200000000000159
4	120.8, F	0.109	31.323	
4	119.4, F	0.173	31.365	
4	155.8, F	0.203	31.406	
4	166.4, F	0.178	31.448	
4	148.8, F	0.205	31.490	
4	None	0	31.531	0.04200000000000159
4	146.5, F	0.103	31.573	
4	5.6, F	0.767	31.615	
4	155.7, F	0.19	31.657	
4	148.1, F	0.144	31.698	
4	260.9, F	0.947	31.740	
4	172.1, F	0.284	31.782	
4	59.3, F	0.576	31.823	
4	190.3, F	0.382	31.865	
4	342.6, F	0.606	31.907	
4	178.3, F	0.559	31.949	
4	207.0, F	0.52	31.990	
4	322.0, F	0.614	32.032	
4	120.9, F	0.647	32.074	
4	336.0, F	0.674	32.115	
4	221.0, F	0.566	32.157	
4	48.5, F	0.795	32.199	
4	247.9, F	0.681	32.241	
4	140.7, F	0.538	32.282	
4	309.3, F	1.045	32.324	
4	148.8, F	0.226	32.366	
4	112.6, F	0.301	32.407	
4	107.9, F	0.296	32.449	
4	79.3, F	17.192	32.491	
4	56.7, F	1.184	32.532	
4	41.5, F	1.199	32.574	
4	137.2, F	0.144	32.616	
4	79.9, F	0.477	32.658	
4	235.6, F	3.822	32.699	
4	62.2, F	4.971	32.741	
4	17.4, F	1.549	32.783	
4	90.5, F	0.33	32.824	
4	52.9, F	2.162	32.866	
4	213.9, F	0.871	32.908	
4	124.3, F	0.869	32.950	
4	347.6, F	0.367	32.991	
4	74.3, F	1.405	33.033	
4	83.7, F	0.779	33.075	
4	222.0, F	0.38	33.116	
4	52.8, F	1.611	33.158	
4	240.0, F	0.627	33.200	
4	108.6, F	1.824	33.242	
4	328.5, F	0.346	33.283	
4	134.3, F	1.001	33.325	
4	93.7, F	0.947	33.367	
4	137.9, F	0.346	33.408	
4	122.3, F	1.07	33.450	
4	57.9, F	0.355	33.492	
4	118.1, F	1.243	33.533	
4	105.0, F	0.801	33.575	
4	118.4, F	0.183	33.617	
4	101.6, F	0.549	33.659	
4	56.6, F	1.042	33.700	
4	148.0, F	1.176	33.742	
4	42.1, F	0.309	33.784	
4	78.7, F	0.624	33.825	
4	156.0, F	0.496	33.867	
4	59.0, F	0.667	33.909	
4	90.8, F	1.082	33.951	
4	211.9, F	0.446	33.992	
4	115.3, F	1.462	34.034	
4	111.1, F	0.131	34.076	
4	74.0, F	0.381	34.117	
4	155.3, F	0.753	34.159	
4	102.1, F	0.877	34.201	
4	76.1, F	1.366	34.243	
4	199.2, F	1.024	34.284	
4	83.5, F	1.088	34.326	
4	112.2, F	0.735	34.368	
4	126.4, F	1.381	34.409	
4	79.2, F	0.399	34.451	
4	154.3, F	0.616	34.493	
4	74.0, F	0.21	34.535	
4	141.4, F	1.595	34.576	
4	48.7, F	0.391	34.618	
4	103.4, F	0.366	34.660	
4	194.7, F	0.768	34.701	
4	157.3, F	1.49	34.743	
4	307.6, F	0.349	34.785	
4	236.1, F	0.638	34.826	
4	80.3, F	0.637	34.868	
4	208.3, F	1.066	34.910	
4	125.8, F	0.636	34.952	
4	222.5, F	0.877	34.993	
4	92.1, F	0.275	35.035	
4	236.1, F	0.846	35.077	
4	165.1, F	0.772	35.118	
4	None	0	35.160	0.04200000000000159
4	173.5, F	0.29	35.202	
4	176.2, F	0.717	35.244	
4	321.3, F	0.117	35.285	
4	254.3, F	0.118	35.327	
4	204.0, F	0.236	35.369	
4	174.1, F	0.598	35.410	
4	18.9, F	0.287	35.452	
4	55.1, F	0.241	35.494	
4	159.7, F	0.945	35.535	
4	239.4, F	0.224	35.577	
4	102.2, F	0.954	35.619	
4	5.5, F	0.619	35.661	
4	149.3, F	0.537	35.702	
4	186.8, F	0.644	35.744	
4	53.6, F	0.202	35.786	
4	77.0, F	0.466	35.827	
4	103.2, F	0.843	35.869	
4	140.3, F	0.864	35.911	
4	1.9, F	0.122	35.953	
4	92.1, F	0.35	35.994	
4	97.6, F	0.874	36.036	
4	137.1, F	0.979	36.078	
4	126.9, F	1.303	36.119	
4	275.9, F	0.621	36.161	
4	98.7, F	0.844	36.203	
4	148.5, F	0.707	36.245	
4	60.5, F	0.671	36.286	
4	307.4, F	0.183	36.328	
4	179.4, F	0.865	36.370	
4	111.4, F	0.326	36.411	
4	137.3, F	0.527	36.453	
4	56.9, F	0.447	36.495	
4	279.2, F	0.443	36.536	
4	135.4, F	0.949	36.578	
4	194.4, F	0.954	36.620	
4	207.2, F	0.317	36.662	
4	133.3, F	1.035	36.703	
4	222.2, F	0.51	36.745	
4	304.9, F	0.283	36.787	
4	192.3, F	1.154	36.828	
4	132.3, F	1.034	36.870	
4	183.7, F	0.514	36.912	
4	122.5, F	0.121	36.954	
4	160.0, F	0.615	36.995	
4	161.5, F	0.97	37.037	
4	201.5, F	1.007	37.079	
4	113.7, F	0.798	37.120	
4	354.1, F	0.322	37.162	
4	173.8, F	0.87	37.204	
4	136.8, F	0.485	37.246	
4	138.7, F	1.105	37.287	
4	286.8, F	0.121	37.329	
4	133.8, F	0.101	37.371	
4	130.9, F	0.703	37.412	
4	358.0, F	0.465	37.454	
4	152.4, F	0.665	37.496	
4	75.1, F	0.633	37.538	
4	None	0	37.579	0.04200000000000159
4	90.0, F	0.131	37.621	
4	115.9, F	0.249	37.663	
4	111.6, F	0.435	37.704	
4	130.2, F	1.017	37.746	
4	295.1, F	0.198	37.788	
4	187.7, F	1.077	37.829	
4	346.1, F	0.688	37.871	
4	188.0, F	0.857	37.913	
4	241.7, F	0.249	37.955	
4	122.6, F	0.768	37.996	
4	207.4, F	0.831	38.038	
4	244.6, F	0.764	38.080	
4	166.2, F	0.835	38.121	
4	167.0, F	0.272	38.163	
4	186.3, F	0.714	38.205	
4	214.9, F	0.707	38.247	
4	266.1, F	0.648	38.288	
4	161.2, F	0.538	38.330	
4	177.6, F	0.936	38.372	
4	203.9, F	0.795	38.413	
4	256.0, F	0.509	38.455	
4	129.5, F	0.522	38.497	
4	218.3, F	0.918	38.538	
4	144.3, F	0.674	38.580	
4	280.2, F	0.542	38.622	
4	125.6, F	0.618	38.664	
4	205.0, F	0.827	38.705	
4	125.7, F	1.035	38.747	
4	182.7, F	1.007	38.789	
4	159.2, F	0.372	38.830	
4	69.5, F	0.302	38.872	
4	158.9, F	1.873	38.914	
4	223.5, F	0.243	38.956	
4	173.0, F	0.658	38.997	
4	98.0, F	0.187	39.039	
4	146.6, F	1.248	39.081	
4	193.8, F	0.51	39.122	
4	91.6, F	0.177	39.164	
4	145.3, F	0.482	39.206	
4	152.7, F	1.32	39.248	
4	198.2, F	0.616	39.289	
4	284.2, F	0.151	39.331	
4	215.3, F	0.255	39.373	
4	139.6, F	1.315	39.414	
4	201.2, F	0.454	39.456	
4	190.1, F	0.83	39.498	
4	225.2, F	0.251	39.539	
4	196.6, F	1.045	39.581	
4	130.4, F	0.653	39.623	
4	247.6, F	3.804	39.665	
4	136.7, F	1.114	39.706	
4	232.0, F	0.842	39.748	
4	271.9, F	0.885	39.790	
4	182.8, F	0.566	39.831	
4	198.0, F	1.005	39.873	
4	177.4, F	0.962	39.915	
4	248.4, F	0.446	39.957	
4	210.9, F	0.944	39.998	
4	81.9, F	0.263	40.040	
4	112.3, F	0.7	40.082	
4	88.9, F	0.723	40.123	
4	225.8, F	0.537	40.165	
4	289.0, F	0.498	40.207	
4	166.9, F	1.629	40.249	
4	282.3, F	0.649	40.290	
4	121.8, F	0.335	40.332	
4	147.4, F	0.575	40.374	
4	257.7, F	0.551	40.415	
4	134.4, F	0.768	40.457	
4	198.0, F	0.949	40.499	
4	105.3, F	0.728	40.541	
4	186.2, F	0.955	40.582	
4	177.9, F	0.329	40.624	
4	54.4, F	0.178	40.666	
4	166.3, F	1.195	40.707	
4	97.2, F	0.535	40.749	
4	228.9, F	0.516	40.791	
4	138.5, F	1.061	40.832	
4	232.7, F	0.238	40.874	
4	185.6, F	0.935	40.916	
4	211.3, F	0.277	40.958	
4	194.5, F	0.591	40.999	
4	292.8, F	0.142	41.041	
4	137.6, F	0.483	41.083	
4	226.5, F	1.137	41.124	
4	None	0	41.166	0.04200000000000159
4	224.7, F	0.31	41.208	
4	217.6, F	0.988	41.250	
4	75.4, F	0.278	41.291	
4	38.1, F	0.846	41.333	
4	214.3, F	1.0	41.375	
4	339.7, F	0.794	41.416	
4	192.3, F	0.936	41.458	
4	225.6, F	0.54	41.500	
4	160.9, F	0.461	41.541	
4	328.1, F	1.146	41.583	
4	142.6, F	0.56	41.625	
4	284.4, F	0.534	41.667	
4	232.6, F	0.573	41.708	
4	152.4, F	0.192	41.750	
4	204.0, F	1.374	41.792	
4	24.6, F	0.661	41.833	
4	208.7, F	0.402	41.875	
4	159.1, F	0.721	41.917	
4	256.7, F	0.782	41.959	
4	63.0, F	0.271	42.000	
4	162.1, F	0.107	42.042	
4	198.9, F	0.284	42.084	
4	196.1, F	1.222	42.125	
4	105.7, F	0.413	42.167	
4	273.2, F	0.287	42.209	
4	122.5, F	0.372	42.251	
4	258.3, F	0.306	42.292	
4	125.3, F	0.352	42.334	
4	333.4, F	0.912	42.376	
4	182.0, F	0.721	42.417	
4	138.7, F	0.285	42.459	
4	327.3, F	1.122	42.501	
4	145.1, F	0.294	42.542	
4	156.3, F	0.311	42.584	
4	153.9, F	0.243	42.626	
4	152.7, F	0.218	42.668	
4	6.6, F	0.756	42.709	
4	269.1, F	0.648	42.751	
4	179.1, F	0.194	42.793	
4	183.5, F	0.181	42.834	
4	195.5, F	0.231	42.876	
4	0.5, F	0.749	42.918	
4	195.4, F	0.229	42.960	
4	200.0, F	0.208	43.001	
4	203.5, F	0.283	43.043	
4	198.4, F	0.365	43.085	
4	55.3, F	0.993	43.126	
4	208.7, F	0.354	43.168	
4	335.8, F	0.681	43.210	
4	218.3, F	0.403	43.252	
4	226.5, F	0.473	43.293	
4	44.9, F	0.769	43.335	
4	229.0, F	0.655	43.377	
4	144.6, F	0.868	43.418	
4	306.6, F	0.604	43.460	
4	75.4, F	0.374	43.502	
4	298.7, F	0.683	43.544	
4	176.4, F	1.251	43.585	
4	5.8, F	0.628	43.627	
4	185.6, F	0.133	43.669	
4	249.7, F	0.213	43.710	
4	263.4, F	0.467	43.752	
4	277.5, F	0.738	43.794	
4	217.0, F	0.276	43.835	
4	231.8, F	0.444	43.877	
4	44.9, F	0.784	43.919	
4	244.1, F	0.881	43.961	
4	148.0, F	0.457	44.002	
4	25.2, F	0.272	44.044	
4	339.4, F	0.433	44.086	
4	232.0, F	0.38	44.127	
4	247.1, F	0.403	44.169	
4	315.2, F	0.793	44.211	
4	262.2, F	0.302	44.253	
4	273.2, F	0.652	44.294	
4	70.9, F	0.226	44.336	
4	359.5, F	0.125	44.378	
4	311.2, F	0.549	44.419	
4	230.0, F	0.851	44.461	
4	327.6, F	0.551	44.503	
4	303.9, F	0.707	44.544	
4	171.0, F	0.373	44.586	
4	334.3, F	0.647	44.628	
4	232.9, F	0.553	44.670	
4	237.8, F	0.833	44.711	
4	314.2, F	1.243	44.753	
4	171.7, F	0.446	44.795	
4	208.6, F	0.625	44.836	
4	307.4, F	0.776	44.878	
4	223.1, F	1.44	44.920	
4	148.6, F	0.267	44.962	
4	329.0, F	0.343	45.003	
4	215.9, F	0.583	45.045	
4	248.2, F	1.058	45.087	
4	206.0, F	0.939	45.128	
4	124.4, F	0.458	45.170	
4	252.3, F	0.968	45.212	
4	205.0, F	0.717	45.254	
4	213.9, F	1.234	45.295	
4	220.4, F	0.441	45.337	
4	278.0, F	0.643	45.379	
4	193.6, F	0.611	45.420	
4	206.2, F	1.26	45.462	
4	279.1, F	0.227	45.504	
4	221.3, F	0.586	45.545	
4	256.9, F	1.049	45.587	
4	189.3, F	0.526	45.629	
4	201.4, F	0.922	45.671	
4	None	0	45.712	0.041999999999994486
4	193.2, F	0.667	45.754	
4	273.6, F	0.548	45.796	
4	267.1, F	0.715	45.837	
4	158.7, F	0.151	45.879	
4	235.8, F	0.382	45.921	
4	252.5, F	0.675	45.963	
4	1.9, F	0.709	46.004	
4	215.0, F	0.482	46.046	
4	237.0, F	1.251	46.088	
4	3.1, F	0.52	46.129	
4	213.9, F	0.785	46.171	
4	36.7, F	0.512	46.213	
4	280.6, F	1.161	46.255	
4	147.4, F	1.023	46.296	
4	290.0, F	0.773	46.338	
4	16.0, F	0.207	46.380	
4	311.4, F	0.512	46.421	
4	193.5, F	0.798	46.463	
4	297.8, F	0.682	46.505	
4	224.0, F	0.203	46.547	
4	231.3, F	0.415	46.588	
4	241.7, F	0.616	46.630	
4	75.2, F	0.215	46.672	
4	162.0, F	0.329	46.713	
4	179.2, F	0.704	46.755	
4	330.8, F	0.27	46.797	
4	192.3, F	1.161	46.838	
4	310.5, F	0.47	46.880	
4	208.0, F	0.793	46.922	
4	188.6, F	0.421	46.964	
4	187.5, F	0.662	47.005	
4	291.7, F	0.214	47.047	
4	206.6, F	0.432	47.089	
4	208.7, F	0.641	47.130	
4	98.2, F	0.729	47.172	
4	240.6, F	0.548	47.214	
4	236.4, F	0.675	47.256	
4	32.7, F	0.573	47.297	
4	161.2, F	0.789	47.339	
4	289.6, F	1.019	47.381	
4	None	0	47.422	0.04200000000000159
4	190.8, F	0.112	47.464	
4	203.2, F	0.259	47.506	
4	193.6, F	0.374	47.547	
4	186.2, F	0.442	47.589	
4	303.8, F	0.2	47.631	
4	89.6, F	0.413	47.673	
4	269.8, F	0.238	47.714	
4	260.7, F	0.317	47.756	
4	117.5, F	0.318	47.798	
4	130.9, F	0.287	47.839	
4	241.4, F	0.572	47.881	
4	161.4, F	0.43	47.923	
4	348.9, F	0.405	47.965	
4	178.7, F	0.557	48.006	
4	336.6, F	0.411	48.048	
4	193.6, F	0.866	48.090	
4	301.2, F	0.417	48.131	
4	299.4, F	0.373	48.173	
4	79.3, F	0.724	48.215	
4	303.5, F	0.469	48.257	
4	195.2, F	0.957	48.298	
4	92.6, F	0.673	48.340	
4	298.8, F	0.413	48.382	
4	285.4, F	0.339	48.423	
4	94.0, F	0.793	48.465	
4	266.4, F	0.288	48.507	
4	259.6, F	0.299	48.548	
4	117.3, F	0.867	48.590	
4	311.6, F	0.492	48.632	
4	205.6, F	0.4	48.674	
4	309.3, F	0.517	48.715	
4	132.2, F	1.046	48.757	
4	282.3, F	0.347	48.799	
4	249.1, F	0.322	48.840	
4	88.6, F	0.995	48.882	
4	None	0	48.924	0.04200000000000159
4	268.9, F	0.603	48.966	
4	None	0	49.007	
4	None	0	49.049	0.08400000000000318
4	111.8, F	0.469	49.091	
4	113.3, F	0.657	49.132	
4	4.8, F	0.706	49.174	
4	142.2, F	0.371	49.216	
4	119.0, F	0.813	49.258	
4	358.7, F	0.524	49.299	
4	148.8, F	0.511	49.341	
4	48.3, F	0.703	49.383	
4	156.8, F	0.576	49.424	
4	58.1, F	0.936	49.466	
4	197.5, F	0.538	49.508	
4	33.3, F	0.438	49.550	
4	148.0, F	1.065	49.591	
4	65.4, F	0.842	49.633	
4	75.3, F	0.787	49.675	
4	287.0, F	0.305	49.716	
4	90.0, F	0.137	49.758	
4	77.5, F	0.308	49.800	
4	154.9, F	1.275	49.841	
4	8.2, F	0.542	49.883	
4	128.7, F	0.473	49.925	
4	126.3, F	0.547	49.967	
4	273.1, F	0.752	50.008	
4	80.8, F	0.436	50.050	
4	101.3, F	0.535	50.092	
4	245.0, F	0.943	50.133	
4	126.6, F	0.598	50.175	
4	125.1, F	0.733	50.217	
4	269.7, F	0.623	50.259	
4	94.1, F	0.734	50.300	
4	241.6, F	0.567	50.342	
4	230.9, F	0.643	50.384	
4	101.0, F	0.7	50.425	
4	232.3, F	0.582	50.467	
4	129.1, F	0.688	50.509	
4	285.4, F	0.626	50.550	
4	162.0, F	1.497	50.592	
4	292.2, F	0.877	50.634	
4	162.2, F	0.783	50.676	
4	148.5, F	0.306	50.717	
4	176.5, F	0.799	50.759	
4	None	0	50.801	0.04099999999999682
4	223.2, F	0.276	50.842	
4	225.2, F	0.454	50.884	
4	258.8, F	0.508	50.926	
4	163.6, F	0.429	50.968	
4	182.4, F	0.66	51.009	
4	311.8, F	0.217	51.051	
4	276.4, F	0.277	51.093	
4	221.5, F	0.483	51.134	
4	221.1, F	0.552	51.176	
4	137.7, F	1.103	51.218	
4	253.9, F	0.448	51.260	
4	250.9, F	0.544	51.301	
4	25.5, F	0.692	51.343	
4	132.9, F	0.529	51.385	
4	250.7, F	0.725	51.426	
4	16.6, F	0.435	51.468	
4	173.2, F	0.688	51.510	
4	10.7, F	0.409	51.551	
4	176.0, F	0.583	51.593	
4	5.3, F	0.366	51.635	
4	349.2, F	0.361	51.677	
4	184.6, F	0.703	51.718	
4	346.9, F	0.304	51.760	
4	346.5, F	0.329	51.802	
4	187.7, F	0.535	51.843	
4	346.5, F	0.588	51.885	
4	192.9, F	0.431	51.927	
4	341.6, F	0.487	51.969	
4	195.1, F	0.476	52.010	
4	345.2, F	0.489	52.052	
4	129.4, F	0.961	52.094	
4	3.9, F	0.413	52.135	
4	176.2, F	0.508	52.177	
4	6.0, F	0.394	52.219	
4	9.9, F	0.506	52.261	
4	155.4, F	0.441	52.302	
4	238.4, F	0.87	52.344	
4	26.3, F	0.44	52.386	
4	23.8, F	0.385	52.427	
4	168.4, F	0.562	52.469	
4	8.4, F	0.497	52.511	
4	166.8, F	0.659	52.552	
4	359.6, F	0.262	52.594	
4	3.0, F	0.228	52.636	
4	179.0, F	0.814	52.678	
4	278.4, F	1.175	52.719	
4	81.9, F	0.868	52.761	
4	335.2, F	0.133	52.803	
4	None	0	52.844	0.04200000000000159
4	274.5, F	0.102	52.886	
4	None	0	52.928	0.04200000000000159
4	209.7, F	0.139	52.970	
4	249.3, F	0.122	53.011	
4	225.0, F	0.19	53.053	
4	225.2, F	0.224	53.095	
4	103.6, F	0.751	53.136	
4	204.2, F	0.266	53.178	
4	329.6, F	0.357	53.220	
4	196.6, F	0.505	53.262	
4	305.6, F	0.321	53.303	
4	93.1, F	0.476	53.345	
4	289.5, F	0.3	53.387	
4	259.0, F	0.35	53.428	
4	121.0, F	0.453	53.470	
4	240.7, F	0.445	53.512	
4	136.4, F	0.545	53.553	
4	225.9, F	0.477	53.595	
4	36.6, F	0.593	53.637	
4	214.8, F	0.568	53.679	
4	46.0, F	0.547	53.720	
4	209.1, F	0.643	53.762	
4	56.0, F	0.452	53.804	
4	316.0, F	0.57	53.845	
4	163.9, F	0.99	53.887	
4	308.2, F	0.464	53.929	
4	58.2, F	0.46	53.971	
4	303.9, F	0.427	54.012	
4	169.5, F	1.1	54.054	
4	325.6, F	0.786	54.096	
4	117.9, F	0.282	54.137	
4	114.0, F	0.266	54.179	
4	265.0, F	0.472	54.221	
4	118.8, F	0.203	54.263	
4	121.0, F	0.192	54.304	
4	270.1, F	0.506	54.346	
4	132.2, F	0.309	54.388	
4	12.0, F	0.52	54.429	
4	162.1, F	0.325	54.471	
4	151.6, F	0.324	54.513	
4	311.1, F	0.734	54.554	
4	167.6, F	0.315	54.596	
4	173.9, F	0.319	54.638	
4	353.1, F	0.281	54.680	
4	342.3, F	0.244	54.721	
4	190.9, F	0.46	54.763	
4	353.5, F	0.239	54.805	
4	350.5, F	0.213	54.846	
4	183.6, F	0.514	54.888	
4	335.5, F	0.256	54.930	
4	304.4, F	0.191	54.972	
4	190.4, F	0.685	55.013	
4	80.4, F	0.832	55.055	
4	294.8, F	0.34	55.097	
4	282.2, F	0.331	55.138	
4	275.0, F	0.4	55.180	
4	96.3, F	0.473	55.222	
4	285.3, F	0.503	55.264	
4	70.8, F	0.46	55.305	
4	294.6, F	0.557	55.347	
4	142.9, F	0.676	55.389	
4	292.8, F	0.629	55.430	
4	65.8, F	0.449	55.472	
4	138.8, F	0.645	55.514	
4	292.6, F	0.717	55.555	
4	51.0, F	0.351	55.597	
4	147.1, F	0.568	55.639	
4	288.0, F	0.801	55.681	
4	51.8, F	0.276	55.722	
4	163.9, F	0.6	55.764	
4	31.9, F	0.1	55.806	
4	17.7, F	0.122	55.847	
4	18.6, F	0.132	55.889	
4	278.5, F	1.132	55.931	
4	75.9, F	0.791	55.973	
4	180.9, F	0.386	56.014	
4	340.8, F	0.316	56.056	
4	232.9, F	0.419	56.098	
4	317.1, F	0.529	56.139	
4	151.5, F	0.4	56.181	
4	299.3, F	0.61	56.223	
4	188.6, F	0.308	56.265	
4	348.5, F	0.201	56.306	
4	168.2, F	0.395	56.348	
4	357.6, F	0.381	56.390	
4	263.3, F	0.333	56.431	
4	344.0, F	1.285	56.473	
4	143.0, F	0.839	56.515	
4	313.3, F	0.809	56.556	
4	None	0	56.598	0.04200000000000159
4	319.5, F	0.218	56.640	
4	339.1, F	0.548	56.682	
4	324.7, F	0.77	56.723	
4	341.6, F	0.554	56.765	
4	341.0, F	0.674	56.807	
4	250.7, F	0.509	56.848	
4	284.9, F	0.417	56.890	
4	49.4, F	0.695	56.932	
4	265.2, F	0.761	56.974	
4	22.8, F	0.633	57.015	
4	66.4, F	0.407	57.057	
4	291.2, F	1.197	57.099	
4	126.4, F	0.916	57.140	
4	352.8, F	0.64	57.182	
4	195.3, F	0.194	57.224	
4	262.0, F	0.404	57.266	
4	340.8, F	1.286	57.307	
4	166.3, F	0.689	57.349	
4	306.8, F	0.154	57.391	
4	329.9, F	0.295	57.432	
4	311.5, F	0.288	57.474	
4	216.7, F	0.278	57.516	
4	329.7, F	0.54	57.557	
4	231.1, F	0.307	57.599	
4	97.1, F	0.883	57.641	
4	319.3, F	0.616	57.683	
4	236.8, F	0.35	57.724	
4	91.0, F	0.8	57.766	
4	280.6, F	0.462	57.808	
4	280.9, F	0.47	57.849	
4	97.8, F	0.784	57.891	
4	269.5, F	0.318	57.933	
4	274.7, F	0.34	57.975	
4	111.4, F	0.866	58.016	
4	261.5, F	0.353	58.058	
4	301.7, F	0.445	58.100	
4	223.7, F	0.393	58.141	
4	59.2, F	0.58	58.183	
4	228.0, F	0.495	58.225	
4	61.9, F	0.501	58.267	
4	241.9, F	0.604	58.308	
4	63.9, F	0.3	58.350	
4	277.7, F	0.798	58.392	
4	158.1, F	0.249	58.433	
4	4.0, F	0.217	58.475	
4	202.8, F	0.23	58.517	
4	332.3, F	0.299	58.558	
4	257.4, F	0.483	58.600	
4	359.4, F	0.099	58.642	
4	329.6, F	0.205	58.684	
4	333.8, F	0.389	58.725	
4	334.3, F	0.56	58.767	
4	211.3, F	0.487	58.809	
4	45.0, F	1.018	58.850	
4	272.9, F	0.414	58.892	
4	277.7, F	0.593	58.934	
4	80.3, F	0.542	58.976	
4	270.5, F	0.629	59.017	
4	77.0, F	0.535	59.059	
4	275.0, F	0.668	59.101	
4	58.5, F	0.564	59.142	
4	99.0, F	0.793	59.184	
4	350.0, F	0.639	59.226	
4	27.5, F	0.286	59.268	
4	46.6, F	0.473	59.309	
4	202.9, F	0.246	59.351	
4	29.8, F	1.321	59.393	
4	121.6, F	0.601	59.434	
4	334.4, F	0.581	59.476	
4	72.6, F	0.999	59.518	
4	358.0, F	0.341	59.559	
4	26.3, F	1.358	59.601	
4	180.9, F	0.545	59.643	
4	61.8, F	0.186	59.685	
4	55.1, F	0.343	59.726	
4	28.8, F	0.58	59.768	
4	290.2, F	0.905	59.810	
4	30.8, F	0.468	59.851	
4	156.4, F	0.871	59.893	
4	11.8, F	0.521	59.935	
4	11.6, F	0.65	59.977	
4	254.8, F	1.136	60.018	
4	119.8, F	0.585	60.060	
4	348.6, F	0.802	60.102	
4	207.8, F	0.538	60.143	
4	217.0, F	0.598	60.185	
4	9.5, F	0.729	60.227	
4	182.0, F	0.488	60.269	
4	353.5, F	0.716	60.310	
4	190.4, F	0.487	60.352	
4	198.6, F	0.562	60.394	
4	346.6, F	0.808	60.435	
4	200.8, F	0.592	60.477	
4	346.7, F	0.854	60.519	
4	115.1, F	0.872	60.560	
4	211.5, F	0.249	60.602	
4	223.7, F	0.24	60.644	
4	350.1, F	0.981	60.686	
4	204.1, F	0.313	60.727	
4	209.8, F	0.232	60.769	
4	111.3, F	0.795	60.811	
4	223.1, F	0.315	60.852	
4	344.9, F	0.934	60.894	
4	222.3, F	0.419	60.936	
4	114.8, F	0.804	60.978	
4	255.6, F	0.345	61.019	
4	244.6, F	0.221	61.061	
4	227.1, F	0.138	61.103	
4	357.6, F	1.03	61.144	
4	213.7, F	0.148	61.186	
4	101.5, F	0.955	61.228	
4	190.3, F	0.19	61.270	
4	177.7, F	0.225	61.311	
4	168.6, F	0.203	61.353	
4	141.2, F	0.216	61.395	
4	335.0, F	1.322	61.436	
4	159.3, F	0.582	61.478	
4	94.0, F	0.227	61.520	
4	67.7, F	0.33	61.561	
4	246.7, F	0.111	61.603	
4	204.0, F	0.108	61.645	
4	191.2, F	0.123	61.687	
4	150.5, F	0.098	61.728	
4	113.6, F	0.172	61.770	
4	139.6, F	0.184	61.812	
4	106.9, F	0.127	61.853	
4	125.5, F	0.274	61.895	
4	19.8, F	0.947	61.937	
4	244.2, F	0.592	61.979	
4	116.5, F	0.477	62.020	
4	102.9, F	0.463	62.062	
4	242.5, F	0.5	62.104	
4	25.3, F	1.164	62.145	
4	197.2, F	1.146	62.187	
4	342.6, F	0.851	62.229	
4	97.2, F	0.622	62.271	
4	230.0, F	0.383	62.312	
4	228.5, F	0.305	62.354	
4	98.7, F	0.909	62.396	
4	227.9, F	0.197	62.437	
4	351.5, F	1.197	62.479	
4	189.7, F	0.893	62.521	
4	157.8, F	0.288	62.562	
4	12.9, F	1.024	62.604	
4	112.0, F	0.266	62.646	
4	85.3, F	0.427	62.688	
4	281.7, F	0.129	62.729	
4	17.7, F	0.184	62.771	
4	181.6, F	0.175	62.813	
4	28.7, F	0.634	62.854	
4	82.0, F	0.286	62.896	
4	56.7, F	0.508	62.938	
4	299.4, F	0.669	62.980	
4	149.5, F	0.796	63.021	
4	303.7, F	0.846	63.063	
4	24.1, F	0.813	63.105	
4	129.6, F	0.34	63.146	
4	121.8, F	0.387	63.188	
4	268.3, F	0.78	63.230	
4	58.1, F	0.352	63.272	
4	18.2, F	0.387	63.313	
4	358.4, F	0.545	63.355	
4	194.5, F	0.144	63.397	
4	356.4, F	0.459	63.438	
4	347.5, F	0.936	63.480	
4	214.2, F	0.29	63.522	
4	219.1, F	0.267	63.563	
4	276.6, F	0.435	63.605	
4	7.6, F	0.775	63.647	
4	296.9, F	1.072	63.689	
4	331.6, F	0.468	63.730	
4	17.0, F	0.742	63.772	
4	254.6, F	1.211	63.814	
4	133.9, F	0.417	63.855	
4	343.0, F	1.038	63.897	
4	217.8, F	0.147	63.939	
4	216.2, F	0.325	63.981	
4	253.9, F	0.252	64.022	
4	251.4, F	0.389	64.064	
4	117.3, F	0.829	64.106	
4	341.5, F	1.274	64.147	
4	215.3, F	0.866	64.189	
4	119.7, F	0.545	64.231	
4	257.0, F	0.688	64.273	
4	121.6, F	0.497	64.314	
4	291.4, F	1.089	64.356	
4	157.6, F	0.544	64.398	
4	338.2, F	0.741	64.439	
4	154.5, F	0.783	64.481	
4	317.0, F	0.734	64.523	
4	162.5, F	0.73	64.564	
4	307.7, F	0.879	64.606	
4	166.9, F	0.601	64.648	
4	348.1, F	0.582	64.690	
4	350.1, F	0.579	64.731	
4	170.0, F	0.813	64.773	
4	358.4, F	0.358	64.815	
4	168.0, F	0.59	64.856	
4	352.5, F	0.414	64.898	
4	51.5, F	0.331	64.940	
4	157.8, F	0.996	64.982	
4	307.3, F	0.449	65.023	
4	95.2, F	0.537	65.065	
4	None	0	65.107	0.04099999999999682
4	350.5, F	0.994	65.148	
4	130.0, F	0.226	65.190	
4	115.4, F	0.212	65.232	
4	115.9, F	0.635	65.274	
4	56.5, F	0.885	65.315	
4	192.0, F	0.405	65.357	
4	173.2, F	0.527	65.399	
4	40.6, F	0.387	65.440	
4	63.7, F	0.458	65.482	
4	191.6, F	0.824	65.524	
4	326.2, F	0.178	65.566	
4	0.9, F	0.189	65.607	
4	15.3, F	0.273	65.649	
4	None	0	65.691	0.04099999999999682
4	141.0, F	0.582	65.732	
4	41.8, F	0.559	65.774	
4	232.8, F	0.313	65.816	
4	45.5, F	0.716	65.857	
4	230.9, F	0.491	65.899	
4	37.8, F	0.958	65.941	
4	None	0	65.983	0.04099999999999682
4	227.6, F	0.297	66.024	
4	45.4, F	1.406	66.066	
4	215.3, F	0.648	66.108	
4	92.8, F	0.123	66.149	
4	214.4, F	0.349	66.191	
4	62.0, F	0.421	66.233	
4	351.5, F	0.728	66.275	
4	114.0, F	1.04	66.316	
4	36.5, F	0.101	66.358	
4	None	0	66.400	0.04099999999999682
4	3.1, F	0.277	66.441	
4	16.9, F	0.414	66.483	
4	293.8, F	1.043	66.525	
4	166.2, F	0.786	66.566	
4	8.8, F	0.423	66.608	
4	14.0, F	0.468	66.650	
4	164.3, F	0.785	66.692	
4	17.8, F	0.398	66.733	
4	155.5, F	0.68	66.775	
4	309.4, F	1.099	66.817	
4	143.3, F	0.54	66.858	
4	25.3, F	0.676	66.900	
4	141.8, F	0.519	66.942	
4	315.6, F	1.08	66.984	
4	138.9, F	0.493	67.025	
4	141.7, F	0.481	67.067	
4	315.6, F	1.14	67.109	
4	125.7, F	0.418	67.150	
4	125.4, F	0.336	67.192	
4	122.4, F	0.259	67.234	
4	275.3, F	0.657	67.276	
4	81.0, F	0.197	67.317	
4	67.2, F	0.273	67.359	
4	83.4, F	0.303	67.401	
4	286.2, F	0.534	67.442	
4	71.6, F	0.329	67.484	
4	85.4, F	0.252	67.526	
4	279.5, F	0.555	67.567	
4	77.1, F	0.214	67.609	
4	107.5, F	0.139	67.651	
4	276.3, F	0.696	67.693	
4	None	0	67.734	0.04200000000000159
4	80.1, F	0.128	67.776	
4	88.3, F	0.133	67.818	
4	97.3, F	0.118	67.859	
4	132.8, F	0.165	67.901	
4	172.2, F	0.304	67.943	
4	162.7, F	0.212	67.985	
4	253.8, F	1.09	68.026	
4	61.3, F	0.765	68.068	
4	182.6, F	0.535	68.110	
4	334.1, F	0.231	68.151	
4	299.9, F	0.122	68.193	
4	269.4, F	0.1	68.235	
4	226.1, F	0.151	68.277	
4	206.8, F	0.264	68.318	
4	206.7, F	0.349	68.360	
4	144.2, F	0.613	68.402	
4	295.1, F	0.392	68.443	
4	112.0, F	0.201	68.485	
4	263.2, F	0.355	68.527	
4	129.3, F	0.464	68.569	
4	226.3, F	0.443	68.610	
4	140.7, F	0.586	68.652	
4	333.9, F	0.713	68.694	
4	148.4, F	0.683	68.735	
4	299.0, F	0.497	68.777	
4	163.8, F	0.943	68.819	
4	282.4, F	0.511	68.860	
4	17.0, F	0.164	68.902	
4	None	0	68.944	
4	None	0	68.986	
4	None	0	69.027	
4	None	0	69.069	
4	None	0	69.111	0.2079999999999984
4	183.9, F	0.102	69.152	
4	None	0	69.194	0.04200000000000159
4	359.5, F	0.115	69.236	
4	None	0	69.278	0.04099999999999682
4	328.5, F	0.233	69.319	
4	299.2, F	0.226	69.361	
4	298.5, F	0.283	69.403	
4	303.4, F	0.356	69.444	
4	141.4, F	0.845	69.486	
4	293.5, F	0.454	69.528	
4	78.1, F	0.524	69.569	
4	288.9, F	0.535	69.611	
4	75.5, F	0.472	69.653	
4	230.0, F	0.842	69.695	
4	54.2, F	0.395	69.736	
4	292.4, F	0.851	69.778	
4	141.4, F	0.553	69.820	
4	52.1, F	0.415	69.861	
4	48.8, F	0.492	69.903	
4	248.8, F	0.843	69.945	
4	63.2, F	0.473	69.987	
4	144.4, F	0.656	70.028	
4	303.8, F	0.893	70.070	
4	127.9, F	0.586	70.112	
4	333.8, F	0.721	70.153	
4	117.5, F	0.601	70.195	
4	238.1, F	0.349	70.237	
4	61.0, F	1.165	70.279	
4	219.7, F	0.131	70.320	
4	161.7, F	0.153	70.362	
4	154.5, F	0.221	70.404	
4	226.2, F	0.543	70.445	
4	359.5, F	1.018	70.487	
4	146.4, F	0.269	70.529	
4	133.8, F	0.1	70.570	
4	252.2, F	0.232	70.612	
4	265.9, F	0.466	70.654	
4	271.9, F	0.977	70.696	
4	134.7, F	0.118	70.737	
4	255.1, F	0.322	70.779	
4	48.9, F	0.434	70.821	
4	261.1, F	0.595	70.862	
4	328.8, F	0.184	70.904	
4	289.5, F	0.278	70.946	
4	296.3, F	0.309	70.988	
4	291.2, F	0.53	71.029	
4	74.8, F	0.64	71.071	
4	245.3, F	0.987	71.113	
4	38.4, F	0.526	71.154	
4	150.2, F	0.213	71.196	
4	33.0, F	0.582	71.238	
4	279.6, F	0.972	71.280	
4	3.7, F	0.312	71.321	
4	2.7, F	0.277	71.363	
4	184.9, F	0.618	71.405	
4	359.8, F	0.507	71.446	
4	195.8, F	0.482	71.488	
4	47.2, F	0.914	71.530	
4	191.6, F	0.418	71.572	
4	344.7, F	0.645	71.613	
4	188.9, F	0.446	71.655	
4	333.9, F	0.475	71.697	
4	197.7, F	0.564	71.738	
4	56.8, F	0.535	71.780	
4	194.7, F	0.859	71.822	
4	300.1, F	0.211	71.863	
4	78.8, F	0.447	71.905	
4	280.0, F	0.283	71.947	
4	286.7, F	0.366	71.989	
4	70.6, F	0.352	72.030	
4	302.4, F	0.424	72.072	
4	74.3, F	0.133	72.114	
4	168.5, F	0.983	72.155	
4	269.7, F	0.553	72.197	
4	132.5, F	0.161	72.239	
4	8.0, F	0.698	72.281	
4	165.6, F	0.185	72.322	
4	175.5, F	0.166	72.364	
4	171.6, F	0.204	72.406	
4	None	0	72.447	0.04200000000000159
4	208.6, F	0.115	72.489	
4	1.4, F	0.64	72.531	
4	186.6, F	0.218	72.572	
4	None	0	72.614	0.04200000000000159
4	320.4, F	0.157	72.656	
4	262.0, F	0.143	72.698	
4	257.5, F	0.212	72.739	
4	327.2, F	0.242	72.781	
4	330.4, F	0.257	72.823	
4	323.2, F	0.274	72.864	
4	129.2, F	1.02	72.906	
4	312.4, F	0.341	72.948	
4	318.8, F	0.354	72.990	
4	215.2, F	0.705	73.031	
4	65.2, F	0.679	73.073	
4	308.0, F	0.365	73.115	
4	302.7, F	0.378	73.156	
4	143.6, F	0.768	73.198	
4	290.8, F	0.333	73.240	
4	67.6, F	0.522	73.282	
4	292.9, F	0.34	73.323	
4	289.7, F	0.327	73.365	
4	141.5, F	0.835	73.407	
4	292.1, F	0.314	73.448	
4	76.1, F	0.633	73.490	
4	294.1, F	0.338	73.532	
4	293.9, F	0.343	73.573	
4	73.4, F	0.715	73.615	
4	212.8, F	0.708	73.657	
4	314.0, F	0.366	73.699	
4	318.8, F	0.413	73.740	
4	130.5, F	0.809	73.782	
4	323.6, F	0.462	73.824	
4	213.7, F	0.539	73.865	
4	64.8, F	0.832	73.907	
4	328.6, F	0.551	73.949	
4	215.4, F	0.423	73.991	
4	210.8, F	0.389	74.032	
4	60.3, F	1.152	74.074	
4	223.9, F	0.303	74.116	
4	216.2, F	0.24	74.157	
4	348.1, F	0.725	74.199	
4	207.2, F	0.25	74.241	
4	207.6, F	0.225	74.283	
4	217.8, F	0.219	74.324	
4	51.0, F	1.372	74.366	
4	260.1, F	0.869	74.408	
4	216.1, F	0.132	74.449	
4	214.8, F	0.116	74.491	
4	217.5, F	0.125	74.533	
4	95.5, F	1.112	74.575	
4	264.6, F	0.771	74.616	
4	211.6, F	0.107	74.658	
4	None	0	74.700	
4	None	0	74.741	
4	None	0	74.783	
4	None	0	74.825	
4	None	0	74.866	
4	None	0	74.908	
4	None	0	74.950	0.2920000000000016
4	359.6, F	0.139	74.992	
4	355.5, F	0.102	75.033	
4	None	0	75.075	0.04200000000000159
4	340.5, F	0.146	75.117	
4	354.4, F	0.145	75.158	
4	349.7, F	0.179	75.200	
4	199.6, F	0.456	75.242	
4	80.5, F	1.102	75.284	
4	283.9, F	0.855	75.325	
4	337.0, F	0.202	75.367	
4	202.2, F	0.457	75.409	
4	76.9, F	0.959	75.450	
4	328.8, F	0.24	75.492	
4	210.5, F	0.426	75.534	
4	326.7, F	0.195	75.575	
4	321.5, F	0.267	75.617	
4	209.9, F	0.456	75.659	
4	319.4, F	0.24	75.701	
4	79.3, F	0.806	75.742	
4	220.1, F	0.537	75.784	
4	310.6, F	0.344	75.826	
4	313.7, F	0.349	75.867	
4	120.9, F	0.836	75.909	
4	307.7, F	0.391	75.951	
4	304.2, F	0.407	75.993	
4	123.2, F	0.819	76.034	
4	296.9, F	0.419	76.076	
4	295.1, F	0.468	76.118	
4	139.6, F	0.695	76.159	
4	283.8, F	0.517	76.201	
4	79.7, F	0.374	76.243	
4	271.4, F	0.545	76.285	
4	103.0, F	0.288	76.326	
4	111.0, F	0.344	76.368	
4	254.4, F	0.622	76.410	
4	136.4, F	0.385	76.451	
4	143.8, F	0.413	76.493	
4	305.3, F	0.873	76.535	
4	156.2, F	0.572	76.576	
4	45.5, F	0.39	76.618	
4	161.6, F	0.708	76.660	
4	291.4, F	0.879	76.702	
4	46.4, F	0.26	76.743	
4	50.4, F	0.121	76.785	
4	174.2, F	0.846	76.827	
4	106.3, F	0.1	76.868	
4	None	0	76.910	0.04200000000000159
4	112.1, F	0.104	76.952	
4	166.9, F	0.132	76.994	
4	7.2, F	0.644	77.035	
4	257.4, F	1.142	77.077	
4	120.3, F	0.731	77.119	
4	341.0, F	0.313	77.160	
4	204.4, F	0.446	77.202	
4	321.3, F	0.327	77.244	
4	209.9, F	0.672	77.286	
4	69.6, F	0.497	77.327	
4	285.4, F	0.424	77.369	
4	73.1, F	0.3	77.411	
4	262.0, F	0.477	77.452	
4	106.0, F	0.302	77.494	
4	117.6, F	0.308	77.536	
4	237.7, F	0.636	77.578	
4	131.4, F	0.456	77.619	
4	48.0, F	0.6	77.661	
4	219.4, F	0.774	77.703	
4	43.8, F	0.538	77.744	
4	232.4, F	0.675	77.786	
4	38.2, F	0.601	77.828	
4	231.5, F	0.686	77.869	
4	35.7, F	0.491	77.911	
4	154.1, F	0.481	77.953	
4	306.1, F	0.546	77.995	
4	153.5, F	0.46	78.036	
4	17.1, F	0.461	78.078	
4	161.9, F	0.336	78.120	
4	308.6, F	0.826	78.161	
4	173.1, F	0.348	78.203	
4	345.1, F	0.355	78.245	
4	190.5, F	0.656	78.287	
4	350.6, F	0.197	78.328	
4	346.7, F	0.161	78.370	
4	336.1, F	0.165	78.412	
4	194.3, F	0.974	78.453	
4	91.8, F	0.665	78.495	
4	285.4, F	0.306	78.537	
4	267.8, F	0.398	78.578	
4	85.6, F	0.301	78.620	
4	263.8, F	0.812	78.662	
4	100.6, F	0.18	78.704	
4	66.3, F	0.097	78.745	
4	None	0	78.787	0.04199999999998738
4	258.1, F	0.213	78.829	
4	254.9, F	0.28	78.870	
4	261.8, F	0.442	78.912	
4	22.5, F	0.932	78.954	
4	73.3, F	0.149	78.996	
4	267.9, F	0.706	79.037	
4	41.2, F	0.108	79.079	
4	335.1, F	0.166	79.121	
4	185.6, F	0.806	79.162	
4	304.1, F	0.3	79.204	
4	297.6, F	0.336	79.246	
4	86.3, F	0.615	79.288	
4	297.0, F	0.364	79.329	
4	305.3, F	0.39	79.371	
4	139.4, F	1.067	79.413	
4	302.3, F	0.449	79.454	
4	300.0, F	0.515	79.496	
4	47.0, F	0.657	79.538	
4	230.4, F	0.826	79.579	
4	27.3, F	0.597	79.621	
4	151.1, F	0.23	79.663	
4	7.2, F	0.758	79.705	
4	None	0	79.746	0.04200000000000159
4	290.1, F	0.151	79.788	
4	295.8, F	0.2	79.830	
4	310.6, F	0.265	79.871	
4	211.1, F	0.614	79.913	
4	319.4, F	0.586	79.955	
4	35.9, F	0.632	79.997	
4	250.2, F	0.58	80.038	
4	81.0, F	0.224	80.080	
4	54.3, F	0.235	80.122	
4	42.3, F	0.258	80.163	
4	288.7, F	0.604	80.205	
4	33.4, F	0.414	80.247	
4	155.2, F	0.379	80.289	
4	23.0, F	0.603	80.330	
4	239.2, F	0.671	80.372	
4	122.6, F	0.277	80.414	
4	26.9, F	0.975	80.455	
4	239.8, F	0.414	80.497	
4	98.7, F	0.389	80.539	
4	249.0, F	0.351	80.581	
4	88.5, F	0.484	80.622	
4	278.8, F	0.294	80.664	
4	284.1, F	0.311	80.706	
4	77.5, F	0.492	80.747	
4	280.8, F	0.292	80.789	
4	292.2, F	0.244	80.831	
4	75.9, F	0.583	80.872	
4	331.6, F	0.336	80.914	
4	203.2, F	0.236	80.956	
4	356.8, F	0.588	80.998	
4	191.1, F	0.136	81.039	
4	None	0	81.081	
4	None	0	81.123	
4	None	0	81.164	0.125
4	95.6, F	0.775	81.206	
4	None	0	81.248	
4	None	0	81.290	
4	None	0	81.331	0.125
4	284.3, F	0.109	81.373	
4	279.4, F	0.159	81.415	
4	272.8, F	0.266	81.456	
4	266.5, F	0.299	81.498	
4	121.8, F	0.267	81.540	
4	129.7, F	0.221	81.581	
4	312.3, F	0.717	81.623	
4	164.6, F	0.271	81.665	
4	174.5, F	0.221	81.707	
4	1.8, F	0.288	81.748	
4	165.4, F	0.409	81.790	
4	8.1, F	0.24	81.832	
4	171.6, F	0.477	81.873	
4	None	0	81.915	
4	None	0	81.957	
4	None	0	81.999	
4	None	0	82.040	
4	None	0	82.082	
4	None	0	82.124	
4	None	0	82.165	
4	None	0	82.207	0.333999999999989
4	166.4, F	0.205	82.249	
4	None	0	82.291	0.04099999999999682
4	209.9, F	0.122	82.332	
4	205.5, F	0.119	82.374	
4	None	0	82.416	0.04099999999999682
4	307.9, F	0.143	82.457	
4	319.9, F	0.148	82.499	
4	325.3, F	0.178	82.541	
4	345.8, F	0.268	82.582	
4	345.1, F	0.351	82.624	
4	212.8, F	0.382	82.666	
4	60.2, F	1.084	82.708	
4	224.0, F	0.39	82.749	
4	230.6, F	0.335	82.791	
4	340.7, F	0.655	82.833	
4	240.3, F	0.337	82.874	
4	99.1, F	0.699	82.916	
4	296.2, F	0.222	82.958	
4	338.7, F	0.212	83.000	
4	353.9, F	0.151	83.041	
4	30.6, F	0.202	83.083	
4	51.3, F	0.446	83.125	
4	157.2, F	0.616	83.166	
4	54.5, F	0.425	83.208	
4	294.3, F	0.335	83.250	
4	73.9, F	0.615	83.292	
4	195.3, F	0.721	83.333	
4	351.3, F	0.246	83.375	
4	1.8, F	0.217	83.417	
4	9.1, F	0.266	83.458	
4	183.2, F	0.65	83.500	
4	10.5, F	0.347	83.542	
4	12.2, F	0.407	83.584	
4	182.1, F	0.591	83.625	
4	17.5, F	0.293	83.667	
4	9.2, F	0.331	83.709	
4	184.1, F	0.672	83.750	
4	18.8, F	0.096	83.792	
4	None	0	83.834	0.04099999999999682
4	348.6, F	0.274	83.875	
4	196.9, F	0.633	83.917	
4	351.9, F	0.548	83.959	
4	207.0, F	0.579	84.001	
4	337.5, F	0.504	84.042	
4	149.9, F	0.503	84.084	
4	308.0, F	0.566	84.126	
4	19.7, F	0.511	84.167	
4	176.6, F	0.459	84.209	
4	17.1, F	0.382	84.251	
4	187.6, F	0.626	84.293	
4	355.1, F	0.456	84.334	
4	190.4, F	0.525	84.376	
4	356.2, F	0.348	84.418	
4	348.3, F	0.416	84.459	
4	200.0, F	0.594	84.501	
4	341.1, F	0.481	84.543	
4	207.8, F	0.589	84.584	
4	47.4, F	0.742	84.626	
4	220.8, F	0.605	84.668	
4	328.6, F	0.632	84.710	
4	146.8, F	0.446	84.751	
4	316.4, F	0.857	84.793	
4	167.0, F	0.347	84.835	
4	174.4, F	0.336	84.876	
4	0.2, F	0.654	84.918	
4	193.6, F	0.301	84.960	
4	194.7, F	0.323	85.002	
4	355.0, F	0.717	85.043	
4	191.8, F	0.309	85.085	
4	187.1, F	0.301	85.127	
4	177.5, F	0.364	85.168	
4	13.5, F	0.552	85.210	
4	166.3, F	0.4	85.252	
4	21.7, F	0.425	85.294	
4	164.9, F	0.564	85.335	
4	48.7, F	0.325	85.377	
4	277.5, F	0.536	85.419	
4	92.9, F	0.28	85.460	
4	111.3, F	0.317	85.502	
4	258.5, F	0.47	85.544	
4	110.1, F	0.495	85.585	
4	222.0, F	0.366	85.627	
4	111.4, F	0.621	85.669	
4	229.2, F	0.372	85.711	
4	335.0, F	0.514	85.752	
4	121.9, F	0.616	85.794	
4	332.4, F	0.449	85.836	
4	212.1, F	0.448	85.877	
4	118.2, F	0.897	85.919	
4	347.2, F	0.292	85.961	
4	344.5, F	0.228	86.003	
4	199.6, F	0.418	86.044	
4	341.5, F	0.356	86.086	
4	221.8, F	0.542	86.128	
4	311.0, F	0.497	86.169	
4	43.3, F	0.354	86.211	
4	158.2, F	0.326	86.253	
4	296.2, F	0.935	86.295	
4	183.2, F	0.304	86.336	
4	182.0, F	0.313	86.378	
4	357.8, F	0.387	86.420	
4	201.2, F	0.324	86.461	
4	340.0, F	0.272	86.503	
4	124.2, F	0.744	86.545	
4	353.0, F	0.213	86.587	
4	358.2, F	0.195	86.628	
4	186.6, F	0.606	86.670	
4	341.2, F	0.102	86.712	
4	None	0	86.753	
4	None	0	86.795	0.08400000000000318
4	217.1, F	0.098	86.837	
4	190.8, F	0.176	86.878	
4	190.9, F	0.185	86.920	
4	161.4, F	0.232	86.962	
4	17.5, F	0.754	87.004	
4	135.0, F	0.387	87.045	
4	128.3, F	0.471	87.087	
4	220.8, F	0.456	87.129	
4	46.8, F	1.162	87.170	
4	205.7, F	0.256	87.212	
4	193.7, F	0.224	87.254	
4	183.5, F	0.28	87.296	
4	2.1, F	0.544	87.337	
4	172.7, F	0.364	87.379	
4	9.7, F	0.588	87.421	
4	156.0, F	0.667	87.462	
4	38.2, F	0.615	87.504	
4	206.1, F	0.739	87.546	
4	317.7, F	0.389	87.587	
4	133.4, F	0.826	87.629	
4	317.1, F	0.236	87.671	
4	324.5, F	0.153	87.713	
4	322.1, F	0.148	87.754	
4	0.5, F	0.375	87.796	
4	176.0, F	0.692	87.838	
4	41.5, F	0.23	87.879	
4	66.4, F	0.285	87.921	
4	61.3, F	0.594	87.963	
4	132.7, F	0.807	88.005	
4	328.0, F	0.462	88.046	
4	332.0, F	0.356	88.088	
4	194.9, F	0.45	88.130	
4	350.2, F	0.53	88.171	
4	109.4, F	1.018	88.213	
4	192.6, F	0.411	88.255	
4	359.0, F	0.552	88.297	
4	181.9, F	0.36	88.338	
4	3.6, F	0.525	88.380	
4	179.7, F	0.433	88.422	
4	14.2, F	0.591	88.463	
4	228.8, F	0.742	88.505	
4	149.1, F	0.316	88.547	
4	13.2, F	0.833	88.588	
4	156.0, F	0.374	88.630	
4	147.3, F	0.415	88.672	
4	334.9, F	0.622	88.714	
4	113.1, F	0.463	88.755	
4	217.0, F	0.228	88.797	
4	219.1, F	0.235	88.839	
4	354.9, F	0.887	88.880	
4	97.8, F	0.496	88.922	
4	268.4, F	0.253	88.964	
4	281.3, F	0.276	89.006	
4	63.8, F	0.469	89.047	
4	287.4, F	0.311	89.089	
4	205.4, F	0.794	89.131	
4	83.3, F	0.465	89.172	
4	227.7, F	0.134	89.214	
4	None	0	89.256	0.04200000000000159
4	96.5, F	0.098	89.298	
4	101.3, F	0.158	89.339	
4	78.2, F	0.372	89.381	
4	81.3, F	0.424	89.423	
4	289.8, F	0.216	89.464	
4	88.9, F	0.975	89.506	
4	None	0	89.548	
4	None	0	89.590	0.08299999999999841
4	79.3, F	0.464	89.631	
4	304.8, F	0.175	89.673	
4	323.8, F	0.144	89.715	
4	339.1, F	0.16	89.756	
4	157.5, F	0.623	89.798	
4	49.6, F	0.301	89.840	
4	63.8, F	0.4	89.881	
4	72.1, F	0.521	89.923	
4	309.0, F	0.367	89.965	
4	200.5, F	0.477	90.007	
4	80.3, F	0.961	90.048	
4	347.2, F	0.212	90.090	
4	171.1, F	0.476	90.132	
4	39.2, F	0.188	90.173	
4	278.7, F	0.552	90.215	
4	41.6, F	0.325	90.257	
4	139.5, F	0.545	90.299	
4	301.0, F	0.441	90.340	
4	52.4, F	0.551	90.382	
4	225.2, F	0.525	90.424	
4	41.5, F	0.562	90.465	
4	229.2, F	0.403	90.507	
4	108.6, F	0.485	90.549	
4	340.2, F	0.58	90.590	
4	237.0, F	0.288	90.632	
4	94.9, F	0.517	90.674	
4	269.8, F	0.281	90.716	
4	271.1, F	0.257	90.757	
4	85.7, F	0.522	90.799	
4	284.2, F	0.306	90.841	
4	282.8, F	0.298	90.882	
4	73.1, F	0.488	90.924	
4	311.6, F	0.361	90.966	
4	66.0, F	0.524	91.008	
4	199.4, F	0.805	91.049	
4	306.7, F	0.395	91.091	
4	45.8, F	0.62	91.133	
4	320.0, F	0.564	91.174	
4	138.8, F	0.536	91.216	
4	317.8, F	0.597	91.258	
4	126.4, F	0.355	91.300	
4	255.2, F	0.576	91.341	
4	121.0, F	0.254	91.383	
4	8.7, F	1.057	91.425	
4	329.5, F	0.138	91.466	
4	193.6, F	0.64	91.508	
4	322.6, F	0.372	91.550	
4	328.8, F	0.462	91.591	
4	255.1, F	0.498	91.633	
4	109.4, F	0.365	91.675	
4	317.4, F	0.869	91.717	
4	123.9, F	0.154	91.758	
4	358.0, F	0.115	91.800	
4	338.2, F	0.224	91.842	
4	317.1, F	0.25	91.883	
4	316.7, F	0.35	91.925	
4	202.1, F	0.553	91.967	
4	46.4, F	0.613	92.009	
4	220.3, F	0.592	92.050	
4	309.1, F	0.547	92.092	
4	147.8, F	0.352	92.134	
4	8.6, F	0.554	92.175	
4	169.1, F	0.28	92.217	
4	354.6, F	0.565	92.259	
4	206.1, F	0.243	92.301	
4	248.9, F	0.234	92.342	
4	260.1, F	0.361	92.384	
4	270.1, F	0.467	92.426	
4	80.3, F	0.238	92.467	
4	68.0, F	0.096	92.509	
4	272.5, F	1.102	92.551	
4	83.2, F	0.655	92.593	
4	276.7, F	0.317	92.634	
4	270.0, F	0.439	92.676	
4	66.4, F	0.14	92.718	
4	83.9, F	0.094	92.759	
4	269.3, F	0.81	92.801	
4	274.3, F	0.119	92.843	
4	246.7, F	0.266	92.884	
4	100.5, F	0.539	92.926	
4	252.0, F	0.531	92.968	
4	129.0, F	0.319	93.010	
4	326.4, F	0.862	93.051	
4	131.1, F	0.248	93.093	
4	179.3, F	0.239	93.135	
4	185.7, F	0.343	93.176	
4	352.4, F	0.448	93.218	
4	196.5, F	0.48	93.260	
4	330.5, F	0.36	93.302	
4	195.9, F	0.661	93.343	
4	323.4, F	0.337	93.385	
4	293.3, F	0.266	93.427	
4	88.2, F	0.45	93.468	
4	260.7, F	0.414	93.510	
4	101.4, F	0.192	93.552	
4	258.2, F	0.62	93.593	
4	177.8, F	0.105	93.635	
4	195.0, F	0.263	93.677	
4	212.6, F	0.256	93.719	
4	224.1, F	0.418	93.760	
4	60.0, F	0.747	93.802	
4	224.6, F	0.574	93.844	
4	306.8, F	0.538	93.885	
4	149.9, F	0.495	93.927	
4	290.2, F	0.794	93.969	
4	347.6, F	0.168	94.011	
4	192.0, F	0.561	94.052	
4	282.7, F	0.192	94.094	
4	91.6, F	0.471	94.136	
4	245.0, F	0.374	94.177	
4	251.3, F	0.372	94.219	
4	112.9, F	0.314	94.261	
4	252.7, F	0.565	94.303	
4	125.3, F	0.26	94.344	
4	23.5, F	0.751	94.386	
4	146.4, F	0.374	94.428	
4	231.2, F	0.607	94.469	
4	32.9, F	0.602	94.511	
4	225.7, F	0.556	94.553	
4	139.2, F	0.555	94.594	
4	315.4, F	0.542	94.636	
4	45.3, F	0.571	94.678	
4	210.5, F	0.591	94.720	
4	55.8, F	0.633	94.761	
4	210.4, F	0.561	94.803	
4	52.5, F	0.668	94.845	
4	211.5, F	0.553	94.886	
4	321.5, F	0.533	94.928	
4	131.8, F	0.628	94.970	
4	328.9, F	0.513	95.012	
4	208.9, F	0.493	95.053	
4	49.6, F	0.753	95.095	
4	181.0, F	0.577	95.137	
4	4.7, F	0.32	95.178	
4	1.1, F	0.252	95.220	
4	174.6, F	0.597	95.262	
4	359.0, F	0.174	95.304	
4	None	0	95.345	0.04200000000000159
4	336.3, F	0.109	95.387	
4	352.9, F	0.145	95.429	
4	179.9, F	0.88	95.470	
4	347.0, F	0.103	95.512	
4	None	0	95.554	0.04200000000000159
4	348.8, F	0.15	95.596	
4	None	0	95.637	
4	None	0	95.679	
4	None	0	95.721	
4	None	0	95.762	
4	None	0	95.804	0.20900000000000318
4	163.5, F	0.092	95.846	
4	137.4, F	0.149	95.887	
4	126.8, F	0.257	95.929	
4	127.3, F	0.32	95.971	
4	35.9, F	0.534	96.013	
4	234.8, F	0.619	96.054	
4	37.7, F	0.599	96.096	
4	127.3, F	0.517	96.138	
4	239.2, F	0.465	96.179	
4	46.7, F	0.806	96.221	
4	221.9, F	0.494	96.263	
4	204.3, F	0.444	96.305	
4	64.7, F	0.896	96.346	
4	200.4, F	0.497	96.388	
4	357.3, F	0.271	96.430	
4	355.0, F	0.185	96.471	
4	192.0, F	0.558	96.513	
4	None	0	96.555	0.04099999999999682
4	37.3, F	0.106	96.596	
4	63.4, F	0.136	96.638	
4	52.4, F	0.208	96.680	
4	73.4, F	0.196	96.722	
4	284.6, F	0.479	96.763	
4	87.5, F	0.252	96.805	
4	81.2, F	0.3	96.847	
4	213.1, F	0.778	96.888	
4	76.6, F	0.345	96.930	
4	267.4, F	0.352	96.972	
4	84.1, F	0.301	97.014	
4	84.7, F	0.282	97.055	
4	266.8, F	0.381	97.097	
4	84.6, F	0.295	97.139	
4	269.3, F	0.403	97.180	
4	84.7, F	0.279	97.222	
4	269.8, F	0.357	97.264	
4	90.6, F	0.371	97.306	
4	276.4, F	0.295	97.347	
4	81.9, F	0.403	97.389	
4	274.1, F	0.351	97.431	
4	77.5, F	0.361	97.472	
4	265.0, F	0.276	97.514	
4	74.6, F	0.342	97.556	
4	278.3, F	0.297	97.597	
4	58.1, F	0.271	97.639	
4	280.7, F	0.478	97.681	
4	179.0, F	0.465	97.723	
4	33.1, F	0.267	97.764	
4	23.9, F	0.218	97.806	
4	185.6, F	0.526	97.848	
4	45.0, F	0.112	97.889	
4	None	0	97.931	0.04200000000000159
4	263.4, F	0.743	97.973	
4	190.8, F	0.155	98.015	
4	211.9, F	0.131	98.056	
4	236.6, F	0.105	98.098	
4	227.5, F	0.239	98.140	
4	88.6, F	0.635	98.181	
4	267.5, F	0.256	98.223	
4	254.3, F	0.152	98.265	
4	281.2, F	0.284	98.307	
4	76.6, F	0.625	98.348	
4	244.2, F	0.138	98.390	
4	286.7, F	0.149	98.432	
4	294.5, F	0.123	98.473	
4	339.1, F	0.157	98.515	
4	357.5, F	0.137	98.557	
4	350.5, F	0.116	98.599	
4	298.3, F	0.16	98.640	
4	78.6, F	0.917	98.682	
4	272.0, F	0.433	98.724	
4	268.5, F	0.458	98.765	
4	70.2, F	0.547	98.807	
4	221.2, F	0.728	98.849	
4	54.1, F	0.411	98.890	
4	277.7, F	0.553	98.932	
4	53.7, F	0.346	98.974	
4	140.8, F	0.381	99.016	
4	277.9, F	0.634	99.057	
4	46.6, F	0.303	99.099	
4	153.8, F	0.527	99.141	
4	261.7, F	0.647	99.182	
4	63.8, F	0.233	99.224	
4	74.3, F	0.211	99.266	
4	86.0, F	0.229	99.308	
4	258.1, F	0.724	99.349	
4	99.5, F	0.224	99.391	
4	96.9, F	0.198	99.433	
4	104.9, F	0.214	99.474	
4	102.6, F	0.188	99.516	
4	264.9, F	0.777	99.558	
4	98.9, F	0.29	99.599	
4	99.7, F	0.35	99.641	
4	246.2, F	0.463	99.683	
4	92.9, F	0.503	99.725	
4	228.4, F	0.277	99.766	
4	43.9, F	1.216	99.808	
4	222.1, F	0.252	99.850	
4	217.6, F	0.18	99.891	
4	204.5, F	0.19	99.933	
4	None	0	99.975	
4	None	0	100.017	0.08300000000001262
4	12.6, F	0.137	100.058	
4	19.8, F	0.118	100.100	
4	165.7, F	0.17	100.142	
4	174.6, F	0.193	100.183	
4	160.5, F	0.197	100.225	
4	169.3, F	0.188	100.267	
4	10.5, F	0.739	100.309	
4	136.9, F	0.24	100.350	
4	134.3, F	0.281	100.392	
4	224.1, F	0.589	100.434	
4	24.3, F	0.655	100.475	
4	227.2, F	0.51	100.517	
4	128.1, F	0.352	100.559	
4	33.9, F	0.663	100.600	
4	206.3, F	0.537	100.642	
4	331.1, F	0.275	100.684	
4	128.9, F	0.601	100.726	
4	336.4, F	0.45	100.767	
4	179.9, F	0.44	100.809	
4	6.7, F	0.448	100.851	
4	153.6, F	0.429	100.892	
4	27.2, F	0.684	100.934	
4	134.3, F	0.578	100.976	
4	317.8, F	0.324	101.018	
4	140.4, F	0.917	101.059	
4	335.3, F	0.225	101.101	
4	356.2, F	0.299	101.143	
4	184.0, F	0.625	101.184	
4	None	0	101.226	0.04200000000000159
4	21.1, F	0.242	101.268	
4	45.3, F	0.239	101.310	
4	168.8, F	0.959	101.351	
4	56.2, F	0.284	101.393	
4	279.9, F	0.373	101.435	
4	76.9, F	0.477	101.476	
4	244.9, F	0.191	101.518	
4	213.9, F	0.202	101.560	
4	96.6, F	0.67	101.602	
4	164.5, F	0.214	101.643	
4	12.6, F	0.612	101.685	
4	155.0, F	0.182	101.727	
4	149.4, F	0.185	101.768	
4	137.3, F	0.193	101.810	
4	268.9, F	1.001	101.852	
4	107.9, F	0.166	101.893	
4	14.1, F	0.866	101.935	
4	69.1, F	0.154	101.977	
4	51.3, F	0.129	102.019	
4	45.6, F	0.127	102.060	
4	181.1, F	0.97	102.102	
4	26.7, F	0.167	102.144	
4	19.3, F	0.218	102.185	
4	353.1, F	0.191	102.227	
4	305.0, F	0.094	102.269	
4	285.6, F	0.201	102.311	
4	276.9, F	0.306	102.352	
4	276.0, F	0.456	102.394	
4	79.3, F	0.211	102.436	
4	277.8, F	0.811	102.477	
4	18.0, F	0.171	102.519	
4	181.1, F	0.846	102.561	
4	5.5, F	0.189	102.602	
4	9.5, F	0.219	102.644	
4	6.3, F	0.182	102.686	
4	6.0, F	0.24	102.728	
4	183.0, F	0.664	102.769	
4	357.9, F	0.279	102.811	
4	1.1, F	0.305	102.853	
4	186.4, F	0.671	102.894	
4	354.2, F	0.299	102.936	
4	354.8, F	0.383	102.978	
4	186.0, F	0.523	103.020	
4	354.4, F	0.422	103.061	
4	356.4, F	0.435	103.103	
4	194.2, F	0.549	103.145	
4	58.5, F	0.922	103.186	
4	200.3, F	0.59	103.228	
4	328.6, F	0.43	103.270	
4	208.8, F	0.619	103.312	
4	322.0, F	0.412	103.353	
4	46.5, F	0.738	103.395	
4	224.3, F	0.719	103.437	
4	38.9, F	0.618	103.478	
4	228.9, F	0.823	103.520	
4	35.8, F	0.52	103.562	
4	157.7, F	0.633	103.603	
4	295.2, F	0.771	103.645	
4	159.7, F	0.61	103.687	
4	27.3, F	0.501	103.729	
4	25.5, F	0.481	103.770	
4	235.4, F	0.919	103.812	
4	25.6, F	0.433	103.854	
4	176.0, F	0.657	103.895	
4	17.3, F	0.296	103.937	
4	3.1, F	0.225	103.979	
4	189.7, F	0.831	104.021	
4	334.9, F	0.203	104.062	
4	316.9, F	0.212	104.104	
4	274.9, F	0.224	104.146	
4	264.5, F	0.239	104.187	
4	74.2, F	0.441	104.229	
4	261.5, F	0.223	104.271	
4	258.5, F	0.235	104.313	
4	83.6, F	0.447	104.354	
4	255.5, F	0.191	104.396	
4	250.8, F	0.17	104.438	
4	69.1, F	0.515	104.479	
4	284.8, F	0.094	104.521	
4	325.0, F	0.131	104.563	
4	341.7, F	0.118	104.605	
4	4.2, F	0.178	104.646	
4	192.2, F	0.746	104.688	
4	353.3, F	0.259	104.730	
4	53.9, F	0.725	104.771	
4	194.4, F	0.495	104.813	
4	345.4, F	0.484	104.855	
4	201.8, F	0.418	104.896	
4	348.0, F	0.506	104.938	
4	213.0, F	0.371	104.980	
4	29.0, F	0.708	105.022	
4	237.3, F	0.359	105.063	
4	110.3, F	0.423	105.105	
4	244.8, F	0.406	105.147	
4	93.7, F	0.341	105.188	
4	326.2, F	0.771	105.230	
4	100.4, F	0.333	105.272	
4	250.4, F	0.504	105.314	
4	110.1, F	0.314	105.355	
4	121.3, F	0.266	105.397	
4	247.6, F	0.571	105.439	
4	15.1, F	0.845	105.480	
4	122.4, F	0.269	105.522	
4	238.5, F	0.565	105.564	
4	129.7, F	0.351	105.605	
4	128.8, F	0.386	105.647	
4	313.1, F	0.448	105.689	
4	135.6, F	0.467	105.731	
4	308.0, F	0.472	105.772	
4	151.2, F	0.533	105.814	
4	279.9, F	0.593	105.856	
4	55.1, F	0.294	105.897	
4	71.1, F	0.25	105.939	
4	100.4, F	0.21	105.981	
4	262.1, F	0.588	106.023	
4	73.6, F	0.269	106.064	
4	81.5, F	0.304	106.106	
4	262.9, F	0.228	106.148	
4	69.0, F	0.412	106.189	
4	197.8, F	0.901	106.231	
4	270.5, F	0.124	106.273	
4	64.8, F	0.495	106.315	
4	245.0, F	0.111	106.356	
4	251.0, F	0.105	106.398	
4	249.0, F	0.139	106.440	
4	247.8, F	0.106	106.481	
4	76.8, F	0.434	106.523	
4	249.6, F	0.146	106.565	
4	253.6, F	0.134	106.606	
4	265.8, F	0.206	106.648	
4	87.1, F	0.429	106.690	
4	255.1, F	0.261	106.732	
4	253.1, F	0.286	106.773	
4	93.5, F	0.43	106.815	
4	254.2, F	0.322	106.857	
4	93.1, F	0.404	106.898	
4	259.0, F	0.326	106.940	
4	343.2, F	0.632	106.982	
4	91.1, F	0.37	107.024	
4	261.9, F	0.485	107.065	
4	89.2, F	0.297	107.107	
4	264.3, F	0.661	107.149	
4	98.3, F	0.283	107.190	
4	108.9, F	0.247	107.232	
4	108.6, F	0.213	107.274	
4	257.0, F	0.909	107.316	
4	125.2, F	0.166	107.357	
4	13.9, F	0.793	107.399	
4	152.1, F	0.094	107.441	
4	231.7, F	0.279	107.482	
4	222.7, F	0.328	107.524	
4	240.6, F	0.356	107.566	
4	106.5, F	0.557	107.608	
4	336.0, F	0.607	107.649	
4	250.1, F	0.462	107.691	
4	107.1, F	0.498	107.733	
4	258.0, F	0.428	107.774	
4	115.2, F	0.498	107.816	
4	339.6, F	0.692	107.858	
4	107.6, F	0.512	107.899	
4	251.2, F	0.401	107.941	
4	248.0, F	0.19	107.983	
4	98.9, F	0.614	108.025	
4	245.6, F	0.128	108.066	
4	354.4, F	0.729	108.108	
4	251.0, F	0.095	108.150	
4	None	0	108.191	
4	None	0	108.233	
4	None	0	108.275	0.12599999999999056
4	99.7, F	0.569	108.317	
4	243.3, F	0.234	108.358	
4	239.7, F	0.265	108.400	
4	263.0, F	0.288	108.442	
4	91.2, F	0.477	108.483	
4	258.9, F	0.308	108.525	
4	94.4, F	0.496	108.567	
4	258.8, F	0.191	108.608	
4	284.3, F	0.13	108.650	
4	293.8, F	0.111	108.692	
4	288.6, F	0.129	108.734	
4	88.8, F	0.604	108.775	
4	265.2, F	0.157	108.817	
4	247.7, F	0.137	108.859	
4	243.8, F	0.138	108.900	
4	226.8, F	0.137	108.942	
4	353.9, F	0.638	108.984	
4	100.5, F	0.651	109.026	
4	200.6, F	0.182	109.067	
4	197.7, F	0.211	109.109	
4	171.1, F	0.175	109.151	
4	318.8, F	0.311	109.192	
4	301.2, F	0.27	109.234	
4	146.7, F	0.811	109.276	
4	262.1, F	0.621	109.318	
4	88.5, F	0.465	109.359	
4	278.7, F	0.476	109.401	
4	92.1, F	0.471	109.443	
4	256.9, F	0.611	109.484	
4	115.4, F	0.496	109.526	
4	244.8, F	0.619	109.568	
4	36.2, F	0.845	109.609	
4	240.3, F	0.655	109.651	
4	126.9, F	0.453	109.693	
4	131.5, F	0.431	109.735	
4	314.4, F	0.803	109.776	
4	139.8, F	0.443	109.818	
4	149.8, F	0.523	109.860	
4	321.5, F	0.795	109.901	
4	39.9, F	0.438	109.943	
4	161.7, F	0.684	109.985	
4	290.7, F	0.798	110.027	
4	59.0, F	0.349	110.068	
4	160.6, F	0.734	110.110	
4	139.6, F	0.24	110.152	
4	276.8, F	0.487	110.193	
4	91.4, F	0.398	110.235	
4	270.9, F	0.444	110.277	
4	95.5, F	0.416	110.319	
4	263.4, F	0.41	110.360	
4	100.6, F	0.422	110.402	
4	253.1, F	0.414	110.444	
4	107.0, F	0.456	110.485	
4	244.0, F	0.324	110.527	
4	51.0, F	0.848	110.569	
4	228.5, F	0.298	110.611	
4	204.7, F	0.194	110.652	
4	198.3, F	0.137	110.694	
4	2.6, F	0.693	110.736	
4	142.3, F	0.16	110.777	
4	148.5, F	0.279	110.819	
4	134.5, F	0.31	110.861	
4	115.9, F	0.343	110.902	
4	35.1, F	0.714	110.944	
4	226.2, F	0.501	110.986	
4	218.8, F	0.383	111.028	
4	44.8, F	0.822	111.069	
4	200.3, F	0.219	111.111	
4	129.2, F	0.125	111.153	
4	99.6, F	0.108	111.194	
4	66.7, F	0.134	111.236	
4	57.7, F	0.135	111.278	
4	357.2, F	0.144	111.320	
4	349.0, F	0.204	111.361	
4	339.0, F	0.266	111.403	
4	343.1, F	0.374	111.445	
4	182.0, F	0.657	111.486	
4	0.9, F	0.188	111.528	
4	2.2, F	0.181	111.570	
4	357.7, F	0.127	111.611	
4	174.0, F	0.779	111.653	
4	38.9, F	0.186	111.695	
4	66.3, F	0.159	111.737	
4	98.0, F	0.159	111.778	
4	112.2, F	0.275	111.820	
4	247.0, F	0.658	111.862	
4	119.6, F	0.395	111.903	
4	41.9, F	0.761	111.945	
4	233.2, F	0.474	111.987	
4	223.1, F	0.408	112.029	
4	59.4, F	0.764	112.070	
4	212.8, F	0.339	112.112	
4	214.4, F	0.26	112.154	
4	346.4, F	0.519	112.195	
4	115.6, F	0.735	112.237	
4	350.0, F	0.703	112.279	
4	275.4, F	0.117	112.321	
4	None	0	112.362	
4	None	0	112.404	
4	None	0	112.446	0.125
4	9.6, F	0.096	112.487	
4	39.8, F	0.141	112.529	
4	60.9, F	0.165	112.571	
4	69.0, F	0.153	112.612	
4	166.5, F	0.825	112.654	
4	84.6, F	0.244	112.696	
4	268.8, F	0.514	112.738	
4	81.1, F	0.259	112.779	
4	101.8, F	0.273	112.821	
4	256.1, F	0.376	112.863	
4	112.9, F	0.282	112.904	
4	112.3, F	0.297	112.946	
4	341.6, F	0.965	112.988	
4	93.8, F	0.366	113.030	
4	257.7, F	0.446	113.071	
4	85.7, F	0.426	113.113	
4	301.9, F	0.21	113.155	
4	338.1, F	0.244	113.196	
4	184.0, F	0.68	113.238	
4	69.5, F	0.622	113.280	
4	8.6, F	0.174	113.322	
4	8.3, F	0.153	113.363	
4	11.3, F	0.122	113.405	
4	178.3, F	0.704	113.447	
4	38.6, F	0.223	113.488	
4	36.9, F	0.216	113.530	
4	44.0, F	0.246	113.572	
4	283.2, F	0.956	113.614	
4	165.3, F	0.706	113.655	
4	56.8, F	0.207	113.697	
4	65.1, F	0.14	113.739	
4	57.5, F	0.138	113.780	
4	60.2, F	0.207	113.822	
4	59.0, F	0.208	113.864	
4	281.7, F	0.916	113.905	
4	163.4, F	0.708	113.947	
4	46.5, F	0.251	113.989	
4	54.0, F	0.286	114.031	
4	51.9, F	0.269	114.072	
4	283.6, F	0.914	114.114	
4	160.6, F	0.655	114.156	
4	53.3, F	0.286	114.197	
4	58.3, F	0.274	114.239	
4	54.8, F	0.253	114.281	
4	283.8, F	1.02	114.323	
4	169.6, F	0.681	114.364	
4	39.2, F	0.209	114.406	
4	44.8, F	0.218	114.448	
4	51.9, F	0.194	114.489	
4	29.8, F	0.205	114.531	
4	178.6, F	0.726	114.573	
4	33.9, F	0.161	114.614	
4	28.9, F	0.12	114.656	
4	49.0, F	0.122	114.698	
4	41.7, F	0.137	114.740	
4	277.7, F	1.176	114.781	
4	78.0, F	0.754	114.823	
4	173.7, F	0.734	114.865	
4	45.0, F	0.171	114.906	
4	42.9, F	0.156	114.948	
4	30.0, F	0.126	114.990	
4	None	0	115.032	0.04099999999999682
4	272.9, F	1.311	115.073	
4	90.8, F	0.647	115.115	
4	None	0	115.157	
4	None	0	115.198	
4	None	0	115.240	
4	None	0	115.282	0.1670000000000016
4	168.4, F	0.125	115.324	
4	180.6, F	0.177	115.365	
4	197.5, F	0.179	115.407	
4	196.0, F	0.171	115.449	
4	214.0, F	0.313	115.490	
4	344.4, F	0.466	115.532	
4	216.1, F	0.381	115.574	
4	46.5, F	0.514	115.615	
4	215.2, F	0.525	115.657	
4	57.5, F	0.415	115.699	
4	217.2, F	0.596	115.741	
4	56.7, F	0.364	115.782	
4	271.9, F	0.571	115.824	
4	74.1, F	0.182	115.866	
4	83.0, F	0.139	115.907	
4	115.3, F	0.105	115.949	
4	249.9, F	0.988	115.991	
4	176.4, F	0.256	116.033	
4	180.3, F	0.407	116.074	
4	354.3, F	0.331	116.116	
4	186.6, F	0.453	116.158	
4	347.9, F	0.225	116.199	
4	75.0, F	0.721	116.241	
4	185.1, F	0.885	116.283	
4	269.5, F	0.111	116.325	
4	237.8, F	0.118	116.366	
4	237.5, F	0.117	116.408	
4	218.2, F	0.102	116.450	
4	192.5, F	0.236	116.491	
4	3.5, F	0.213	116.533	
4	189.1, F	0.369	116.575	
4	4.6, F	0.174	116.617	
4	25.2, F	0.132	116.658	
4	24.9, F	0.154	116.700	
4	175.6, F	0.477	116.742	
4	27.7, F	0.174	116.783	
4	94.9, F	0.165	116.825	
4	94.1, F	0.167	116.867	
4	101.5, F	0.15	116.908	
4	126.6, F	0.159	116.950	
4	142.0, F	0.237	116.992	
4	238.5, F	0.711	117.034	
4	145.4, F	0.252	117.075	
4	17.4, F	0.475	117.117	
4	169.4, F	0.445	117.159	
4	15.0, F	0.351	117.200	
4	184.1, F	0.519	117.242	
4	16.0, F	0.239	117.284	
4	285.6, F	1.039	117.326	
4	175.6, F	0.601	117.367	
4	27.8, F	0.232	117.409	
4	23.4, F	0.217	117.451	
4	18.3, F	0.217	117.492	
4	177.4, F	0.571	117.534	
4	34.4, F	0.23	117.576	
4	44.1, F	0.171	117.617	
4	58.7, F	0.233	117.659	
4	167.9, F	0.884	117.701	
4	91.7, F	0.169	117.743	
4	262.5, F	0.623	117.784	
4	104.3, F	0.219	117.826	
4	103.5, F	0.218	117.868	
4	105.1, F	0.207	117.909	
4	333.6, F	0.907	117.951	
4	111.5, F	0.213	117.993	
4	113.6, F	0.232	118.035	
4	262.6, F	0.409	118.076	
4	103.8, F	0.239	118.118	
4	93.0, F	0.282	118.160	
4	272.6, F	0.314	118.201	
4	98.2, F	0.338	118.243	
4	265.7, F	0.307	118.285	
4	94.8, F	0.37	118.327	
4	289.7, F	0.223	118.368	
4	309.9, F	0.224	118.410	
4	72.8, F	0.386	118.452	
4	327.4, F	0.217	118.493	
4	335.9, F	0.191	118.535	
4	188.6, F	0.641	118.577	
4	348.4, F	0.283	118.618	
4	46.6, F	0.592	118.660	
4	208.6, F	0.474	118.702	
4	340.4, F	0.418	118.744	
4	207.5, F	0.388	118.785	
4	36.8, F	0.802	118.827	
4	226.2, F	0.266	118.869	
4	217.6, F	0.285	118.910	
4	38.7, F	0.721	118.952	
4	193.5, F	0.454	118.994	
4	185.4, F	0.428	119.036	
4	1.6, F	0.329	119.077	
4	177.7, F	0.442	119.119	
4	17.4, F	0.429	119.161	
4	15.3, F	0.52	119.202	
4	161.8, F	0.272	119.244	
4	151.7, F	0.165	119.286	
4	215.3, F	0.151	119.328	
4	355.7, F	0.691	119.369	
4	199.1, F	0.223	119.411	
4	193.6, F	0.115	119.453	
4	None	0	119.494	
4	None	0	119.536	
4	None	0	119.578	0.12600000000000477
4	33.5, F	0.196	119.620	
4	30.4, F	0.219	119.661	
4	25.7, F	0.309	119.703	
4	149.9, F	0.315	119.745	
4	295.8, F	0.802	119.786	
4	113.7, F	0.361	119.828	
4	110.6, F	0.387	119.870	
4	331.9, F	0.667	119.911	
4	104.7, F	0.52	119.953	
4	263.3, F	0.265	119.995	
4	289.2, F	0.201	120.037	
4	82.1, F	0.708	120.078	
4	350.1, F	0.209	120.120	
4	25.3, F	0.269	120.162	
4	31.2, F	0.379	120.203	
4	142.2, F	0.421	120.245	
4	338.6, F	0.512	120.287	
4	108.7, F	0.843	120.329	
4	132.4, F	0.205	120.370	
4	17.7, F	1.139	120.412	
4	198.0, F	0.962	120.454	
4	80.3, F	0.975	120.495	
4	62.9, F	0.274	120.537	
4	278.8, F	0.321	120.579	
4	74.6, F	0.566	120.621	
4	58.9, F	0.321	120.662	
4	71.6, F	0.504	120.704	
4	339.7, F	0.147	120.746	
4	161.5, F	0.4	120.787	
4	68.9, F	0.495	120.829	
4	73.2, F	0.575	120.871	
4	187.7, F	0.479	120.912	
4	75.7, F	0.158	120.954	
4	84.8, F	0.572	120.996	
4	88.9, F	0.711	121.038	
4	127.3, F	0.221	121.079	
4	133.5, F	0.248	121.121	
4	114.9, F	0.963	121.163	
4	None	0	121.204	0.04200000000000159
4	172.4, F	0.765	121.246	
4	338.0, F	0.36	121.288	
4	91.2, F	1.667	121.330	
4	83.9, F	1.52	121.371	
4	97.9, F	0.3	121.413	
4	80.2, F	1.703	121.455	
4	133.7, F	1.818	121.496	
4	28.3, F	0.236	121.538	
4	118.2, F	0.44	121.580	
4	62.3, F	1.165	121.621	
4	127.0, F	1.023	121.663	
4	129.4, F	0.616	121.705	
4	146.2, F	0.657	121.747	
4	309.8, F	0.202	121.788	
4	259.2, F	0.166	121.830	
4	223.8, F	0.137	121.872	
4	97.2, F	0.635	121.913	
4	165.1, F	0.435	121.955	
4	173.6, F	0.463	121.997	
4	89.0, F	0.673	122.039	
4	215.5, F	0.315	122.080	
4	207.3, F	0.186	122.122	
4	81.6, F	0.58	122.164	
4	74.4, F	0.869	122.205	
4	142.3, F	0.322	122.247	
4	127.0, F	0.683	122.289	
4	101.2, F	1.832	122.331	
4	124.8, F	1.008	122.372	
4	92.6, F	2.985	122.414	
4	160.3, F	0.407	122.456	
4	33.3, F	0.404	122.497	
4	50.2, F	0.425	122.539	
4	213.7, F	2.351	122.581	
4	None	0	122.623	0.04099999999999682
4	112.1, F	0.705	122.664	
4	74.9, F	0.715	122.706	
4	119.0, F	0.729	122.748	
4	17.1, F	0.606	122.789	
4	93.6, F	1.846	122.831	
