7	46.6, F	0.887	0.042	
7	116.8, F	1.169	0.083	
7	144.1, F	0.93	0.125	
7	None	0	0.167	0.04199999999999998
7	106.3, F	1.102	0.209	
7	292.2, F	3.03	0.250	
7	93.6, F	0.352	0.292	
7	114.9, F	3.119	0.334	
7	98.7, F	1.646	0.375	
7	201.4, F	0.34	0.417	
7	79.0, F	1.243	0.459	
7	38.7, F	1.132	0.500	
7	196.1, F	1.08	0.542	
7	35.5, F	0.728	0.584	
7	95.4, F	0.953	0.626	
7	278.4, F	0.151	0.667	
7	94.7, F	0.185	0.709	
7	81.0, F	0.417	0.751	
7	132.7, F	0.441	0.792	
7	53.0, F	0.9	0.834	
7	192.8, F	1.342	0.876	
7	82.8, F	2.438	0.918	
7	233.4, F	0.32	0.959	
7	105.7, F	0.962	1.001	
7	62.7, F	0.89	1.043	
7	178.6, F	0.672	1.084	
7	35.9, F	0.305	1.126	
7	79.4, F	0.447	1.168	
7	168.8, F	0.637	1.210	
7	171.1, F	0.903	1.251	
7	123.1, F	0.308	1.293	
7	141.4, F	0.453	1.335	
7	272.7, F	0.336	1.376	
7	113.8, F	0.557	1.418	
7	203.4, F	0.615	1.460	
7	146.4, F	1.113	1.502	
7	204.5, F	0.737	1.543	
7	270.9, F	0.253	1.585	
7	202.5, F	0.393	1.627	
7	130.6, F	0.949	1.668	
7	206.0, F	0.292	1.710	
7	184.1, F	0.423	1.752	
7	0.5, F	0.25	1.793	
7	175.8, F	0.963	1.835	
7	138.8, F	0.296	1.877	
7	20.1, F	0.595	1.919	
7	166.0, F	0.546	1.960	
7	287.6, F	0.737	2.002	
7	152.2, F	0.962	2.044	
7	88.6, F	0.296	2.085	
7	264.5, F	0.522	2.127	
7	106.3, F	0.466	2.169	
7	261.8, F	0.524	2.211	
7	113.4, F	0.369	2.252	
7	23.9, F	0.822	2.294	
7	225.4, F	0.565	2.336	
7	119.0, F	0.524	2.377	
7	229.4, F	0.557	2.419	
7	36.2, F	0.761	2.461	
7	234.3, F	0.636	2.502	
7	39.1, F	0.539	2.544	
7	222.3, F	0.91	2.586	
7	56.8, F	0.381	2.628	
7	61.6, F	0.345	2.669	
7	216.9, F	1.122	2.711	
7	70.7, F	0.284	2.753	
7	76.4, F	0.195	2.794	
7	82.9, F	0.17	2.836	
7	258.3, F	0.802	2.878	
7	128.8, F	0.241	2.920	
7	12.3, F	0.759	2.961	
7	152.9, F	0.32	3.003	
7	166.6, F	0.394	3.045	
7	169.8, F	0.436	3.086	
7	356.9, F	0.374	3.128	
7	179.2, F	0.579	3.170	
7	4.2, F	0.368	3.212	
7	20.6, F	0.256	3.253	
7	227.9, F	1.167	3.295	
7	45.2, F	0.163	3.337	
7	68.1, F	0.105	3.378	
7	66.6, F	0.136	3.420	
7	102.3, F	0.113	3.462	
7	121.7, F	0.126	3.503	
7	139.3, F	0.216	3.545	
7	141.0, F	0.27	3.587	
7	312.8, F	1.027	3.629	
7	133.6, F	0.48	3.670	
7	135.0, F	0.986	3.712	
7	318.3, F	0.135	3.754	
7	144.9, F	0.103	3.795	
7	143.0, F	0.443	3.837	
7	141.2, F	1.086	3.879	
7	None	0	3.921	0.04100000000000037
7	146.5, F	0.335	3.962	
7	146.4, F	0.783	4.004	
7	96.6, F	0.979	4.046	
7	157.6, F	0.518	4.087	
7	274.4, F	0.56	4.129	
7	99.3, F	0.799	4.171	
7	166.9, F	0.624	4.213	
7	156.5, F	0.873	4.254	
7	89.0, F	0.465	4.296	
7	253.3, F	0.285	4.338	
7	109.5, F	0.981	4.379	
7	184.5, F	0.535	4.421	
7	6.7, F	0.224	4.463	
7	None	0	4.505	0.04100000000000037
7	163.9, F	0.299	4.546	
7	165.7, F	0.477	4.588	
7	233.8, F	1.123	4.630	
7	45.3, F	0.158	4.671	
7	173.2, F	0.453	4.713	
7	181.2, F	0.793	4.755	
7	None	0	4.796	0.041999999999999815
7	164.4, F	0.365	4.838	
7	214.3, F	0.13	4.880	
7	171.2, F	0.339	4.922	
7	193.4, F	0.69	4.963	
7	265.0, F	0.196	5.005	
7	216.9, F	0.73	5.047	
7	157.0, F	1.224	5.088	
7	258.9, F	0.437	5.130	
7	68.7, F	0.278	5.172	
7	174.7, F	1.414	5.214	
7	286.3, F	1.022	5.255	
7	None	0	5.297	0.0420000000000007
7	181.1, F	1.003	5.339	
7	1.6, F	0.51	5.380	
7	164.1, F	0.397	5.422	
7	177.5, F	0.393	5.464	
7	312.1, F	0.5	5.505	
7	157.9, F	1.269	5.547	
7	327.0, F	0.852	5.589	
7	136.7, F	0.621	5.631	
7	229.8, F	0.855	5.672	
7	47.3, F	0.482	5.714	
7	74.4, F	0.339	5.756	
7	212.7, F	1.073	5.797	
7	79.6, F	0.544	5.839	
7	213.9, F	0.258	5.881	
7	169.8, F	0.372	5.923	
7	0.1, F	0.393	5.964	
7	169.9, F	0.807	6.006	
7	92.5, F	0.788	6.048	
7	174.9, F	0.204	6.089	
7	28.4, F	0.334	6.131	
7	149.2, F	0.902	6.173	
7	97.2, F	1.369	6.215	
7	210.0, F	0.401	6.256	
7	70.5, F	1.029	6.298	
7	162.4, F	0.842	6.340	
7	103.7, F	0.165	6.381	
7	115.0, F	0.638	6.423	
7	121.6, F	0.768	6.465	
7	347.1, F	0.382	6.506	
7	166.2, F	0.975	6.548	
7	126.0, F	0.374	6.590	
7	129.1, F	0.835	6.632	
7	299.3, F	0.194	6.673	
7	194.9, F	0.424	6.715	
7	194.3, F	0.507	6.757	
7	23.2, F	0.198	6.798	
7	166.3, F	0.093	6.840	
7	167.7, F	0.738	6.882	
7	176.2, F	0.997	6.924	
7	163.2, F	0.484	6.965	
7	76.6, F	0.247	7.007	
7	161.0, F	0.876	7.049	
7	231.3, F	0.57	7.090	
7	159.5, F	1.121	7.132	
7	218.7, F	0.604	7.174	
7	149.3, F	0.788	7.216	
7	204.2, F	1.138	7.257	
7	144.4, F	0.87	7.299	
7	258.6, F	0.212	7.341	
7	140.0, F	1.356	7.382	
7	174.4, F	0.331	7.424	
7	176.8, F	0.697	7.466	
7	63.4, F	0.145	7.507	
7	224.8, F	0.93	7.549	
7	93.9, F	0.467	7.591	
7	100.8, F	0.605	7.633	
7	214.9, F	0.718	7.674	
7	172.9, F	1.185	7.716	
7	38.1, F	0.626	7.758	
7	126.8, F	0.996	7.799	
7	None	0	7.841	0.041999999999999815
7	125.2, F	1.059	7.883	
7	158.2, F	0.847	7.925	
7	93.9, F	0.876	7.966	
7	141.9, F	0.48	8.008	
7	134.3, F	1.324	8.050	
7	126.4, F	0.354	8.091	
7	334.8, F	0.72	8.133	
7	130.2, F	0.954	8.175	
7	153.2, F	0.375	8.217	
7	166.3, F	0.681	8.258	
7	82.2, F	0.289	8.300	
7	239.3, F	0.623	8.342	
7	160.2, F	0.951	8.383	
7	128.0, F	0.445	8.425	
7	231.6, F	0.915	8.467	
7	97.4, F	0.294	8.508	
7	167.1, F	1.066	8.550	
7	239.0, F	0.733	8.592	
7	166.7, F	1.026	8.634	
7	142.3, F	0.404	8.675	
7	168.7, F	1.315	8.717	
7	277.6, F	0.753	8.759	
7	127.3, F	0.386	8.800	
7	161.5, F	0.651	8.842	
7	166.3, F	1.102	8.884	
7	245.5, F	0.78	8.926	
7	19.5, F	0.377	8.967	
7	171.4, F	0.928	9.009	
7	153.4, F	0.344	9.051	
7	12.0, F	0.617	9.092	
7	171.1, F	0.66	9.134	
7	279.0, F	0.839	9.176	
7	146.1, F	0.293	9.218	
7	144.0, F	0.499	9.259	
7	156.7, F	0.666	9.301	
7	54.2, F	0.488	9.343	
7	259.3, F	0.367	9.384	
7	211.7, F	0.251	9.426	
7	113.8, F	1.051	9.468	
7	169.6, F	0.657	9.509	
7	106.8, F	0.397	9.551	
7	224.1, F	0.344	9.593	
7	175.2, F	0.482	9.635	
7	97.2, F	0.193	9.676	
7	129.7, F	1.163	9.718	
7	75.5, F	0.164	9.760	
7	151.6, F	1.182	9.801	
7	46.4, F	1.128	9.843	
7	157.2, F	0.851	9.885	
7	303.0, F	0.354	9.927	
7	138.0, F	1.372	9.968	
7	155.8, F	0.243	10.010	
7	159.6, F	3.169	10.052	
7	14.0, F	0.388	10.093	
7	87.0, F	1.142	10.135	
7	223.9, F	0.855	10.177	
7	245.9, F	0.404	10.219	
7	119.9, F	0.458	10.260	
7	210.3, F	0.82	10.302	
7	76.0, F	0.53	10.344	
7	199.6, F	0.971	10.385	
7	54.7, F	0.833	10.427	
7	180.9, F	1.346	10.469	
7	19.8, F	0.349	10.511	
7	157.8, F	1.488	10.552	
7	285.6, F	0.464	10.594	
7	223.9, F	0.251	10.636	
7	122.5, F	1.168	10.677	
7	177.9, F	1.445	10.719	
7	65.2, F	0.117	10.761	
7	266.0, F	0.817	10.802	
7	165.3, F	0.626	10.844	
7	159.9, F	1.052	10.886	
7	34.9, F	0.967	10.928	
7	227.6, F	1.154	10.969	
7	172.8, F	1.079	11.011	
7	48.0, F	0.455	11.053	
7	146.2, F	0.848	11.094	
7	282.8, F	0.619	11.136	
7	111.2, F	0.707	11.178	
7	154.8, F	0.596	11.220	
7	47.4, F	0.499	11.261	
7	194.8, F	0.906	11.303	
7	90.0, F	0.977	11.345	
7	131.5, F	1.018	11.386	
7	61.5, F	0.149	11.428	
7	111.1, F	0.554	11.470	
7	200.4, F	0.526	11.511	
7	157.0, F	1.095	11.553	
7	125.7, F	0.619	11.595	
7	68.3, F	0.707	11.637	
7	248.2, F	0.232	11.678	
7	172.3, F	0.44	11.720	
7	165.1, F	0.665	11.762	
7	69.8, F	0.229	11.803	
7	99.4, F	0.252	11.845	
7	205.8, F	0.819	11.887	
7	149.5, F	1.15	11.929	
7	232.0, F	0.385	11.970	
7	64.5, F	0.809	12.012	
7	197.9, F	1.053	12.054	
7	228.5, F	0.41	12.095	
7	307.1, F	0.385	12.137	
7	144.5, F	1.191	12.179	
7	208.6, F	0.682	12.221	
7	245.3, F	0.302	12.262	
7	128.0, F	0.731	12.304	
7	211.3, F	1.003	12.346	
7	163.6, F	0.702	12.387	
7	258.8, F	0.7	12.429	
7	150.9, F	0.476	12.471	
7	8.6, F	0.127	12.512	
7	176.7, F	1.386	12.554	
7	324.9, F	0.189	12.596	
7	172.4, F	0.121	12.638	
7	178.1, F	0.447	12.679	
7	170.6, F	1.293	12.721	
7	155.2, F	0.532	12.763	
7	274.6, F	0.571	12.804	
7	123.8, F	0.556	12.846	
7	190.0, F	1.006	12.888	
7	112.6, F	0.888	12.930	
7	331.9, F	0.361	12.971	
7	176.9, F	0.899	13.013	
7	159.8, F	0.93	13.055	
7	102.9, F	0.661	13.096	
7	190.1, F	0.615	13.138	
7	93.5, F	0.116	13.180	
7	155.9, F	0.836	13.222	
7	121.1, F	0.566	13.263	
7	212.1, F	0.61	13.305	
7	188.5, F	0.847	13.347	
7	126.0, F	1.027	13.388	
7	26.4, F	0.131	13.430	
7	134.5, F	0.261	13.472	
7	147.5, F	0.528	13.513	
7	225.0, F	0.985	13.555	
7	71.4, F	0.254	13.597	
7	89.1, F	0.194	13.639	
7	126.1, F	0.141	13.680	
7	265.5, F	0.912	13.722	
7	193.5, F	0.141	13.764	
7	180.5, F	0.243	13.805	
7	211.7, F	0.401	13.847	
7	None	0	13.889	0.041999999999999815
7	243.9, F	0.382	13.931	
7	220.1, F	0.869	13.972	
7	73.6, F	0.287	14.014	
7	245.8, F	0.916	14.056	
7	178.9, F	0.62	14.097	
7	293.3, F	0.151	14.139	
7	185.6, F	1.083	14.181	
7	226.1, F	0.47	14.223	
7	125.1, F	0.579	14.264	
7	212.3, F	0.732	14.306	
7	81.5, F	0.455	14.348	
7	210.5, F	0.805	14.389	
7	318.3, F	3.729	14.431	
7	2.2, F	0.589	14.473	
7	178.6, F	0.633	14.514	
7	36.4, F	0.152	14.556	
7	101.6, F	0.125	14.598	
7	69.7, F	0.164	14.640	
7	6.9, F	0.366	14.681	
7	303.8, F	0.167	14.723	
7	351.8, F	0.21	14.765	
7	349.9, F	0.279	14.806	
7	15.9, F	0.124	14.848	
7	170.5, F	0.808	14.890	
7	55.1, F	0.21	14.932	
7	279.8, F	0.801	14.973	
7	68.8, F	0.323	15.015	
7	57.9, F	0.286	15.057	
7	67.7, F	0.274	15.098	
7	285.6, F	0.76	15.140	
7	165.9, F	0.864	15.182	
7	20.0, F	0.266	15.224	
7	23.0, F	0.146	15.265	
7	358.8, F	0.147	15.307	
7	340.5, F	0.24	15.349	
7	317.3, F	0.122	15.390	
7	186.0, F	0.833	15.432	
7	329.5, F	0.13	15.474	
7	252.5, F	0.159	15.515	
7	242.2, F	0.266	15.557	
7	101.2, F	0.745	15.599	
7	117.1, F	25.366	15.641	
7	91.4, F	0.787	15.682	
7	F	1.793	15.724	
7	98.5, F	1.549	15.766	
7	130.9, F	0.609	15.807	
7	67.2, F	1.616	15.849	
7	102.2, F	0.932	15.891	
7	117.8, F	0.644	15.933	
7	66.1, F	1.271	15.974	
7	169.2, F	0.734	16.016	
7	96.1, F	1.908	16.058	
7	108.1, F	0.877	16.099	
7	110.2, F	1.937	16.141	
7	62.6, F	0.658	16.183	
7	90.8, F	1.324	16.225	
7	95.4, F	1.135	16.266	
7	102.7, F	1.006	16.308	
7	121.6, F	0.797	16.350	
7	115.3, F	1.781	16.391	
7	84.3, F	1.216	16.433	
7	151.0, F	0.417	16.475	
7	104.1, F	0.914	16.517	
7	56.0, F	1.108	16.558	
7	153.0, F	0.477	16.600	
7	106.6, F	0.866	16.642	
7	43.9, F	0.779	16.683	
7	88.4, F	1.869	16.725	
7	64.9, F	0.792	16.767	
7	86.3, F	0.264	16.808	
7	66.7, F	1.051	16.850	
7	98.2, F	1.722	16.892	
7	27.2, F	0.793	16.934	
7	94.1, F	0.876	16.975	
7	88.0, F	0.737	17.017	
7	80.9, F	1.338	17.059	
7	74.9, F	1.103	17.100	
7	130.1, F	1.078	17.142	
7	78.0, F	0.775	17.184	
7	93.1, F	1.714	17.226	
7	87.3, F	1.438	17.267	
7	85.0, F	0.273	17.309	
7	93.0, F	1.084	17.351	
7	98.1, F	1.691	17.392	
7	129.7, F	0.602	17.434	
7	65.9, F	1.314	17.476	
7	178.7, F	0.582	17.517	
7	100.1, F	1.751	17.559	
7	113.3, F	1.6	17.601	
7	73.0, F	0.335	17.643	
7	144.5, F	1.688	17.684	
7	77.0, F	1.242	17.726	
7	93.1, F	0.784	17.768	
7	96.7, F	0.437	17.809	
7	152.2, F	0.332	17.851	
7	110.1, F	1.77	17.893	
7	63.1, F	1.186	17.935	
7	104.9, F	0.95	17.976	
7	113.5, F	0.838	18.018	
7	66.4, F	1.656	18.060	
7	114.1, F	0.698	18.101	
7	100.0, F	1.365	18.143	
7	131.9, F	0.599	18.185	
7	68.9, F	1.977	18.227	
7	93.9, F	0.73	18.268	
7	98.1, F	0.575	18.310	
7	87.8, F	1.351	18.352	
7	113.8, F	1.311	18.393	
7	73.3, F	0.989	18.435	
7	134.7, F	1.167	18.477	
7	83.6, F	0.758	18.518	
7	92.6, F	2.205	18.560	
7	107.3, F	1.077	18.602	
7	56.7, F	1.081	18.644	
7	117.7, F	0.709	18.685	
7	124.4, F	1.216	18.727	
7	93.1, F	0.834	18.769	
7	114.1, F	0.745	18.810	
7	145.5, F	0.616	18.852	
7	88.7, F	1.78	18.894	
7	105.0, F	0.469	18.936	
7	99.6, F	1.015	18.977	
7	104.9, F	0.849	19.019	
7	104.4, F	1.367	19.061	
7	62.8, F	1.205	19.102	
7	115.8, F	0.933	19.144	
7	49.0, F	0.91	19.186	
7	102.4, F	1.533	19.228	
7	93.6, F	1.185	19.269	
7	65.5, F	0.099	19.311	
7	82.4, F	1.105	19.353	
7	72.5, F	2.011	19.394	
7	49.8, F	1.106	19.436	
7	89.2, F	1.517	19.478	
7	78.1, F	0.452	19.520	
7	86.3, F	2.266	19.561	
7	72.1, F	0.394	19.603	
7	90.3, F	1.092	19.645	
7	88.6, F	0.912	19.686	
7	125.5, F	1.878	19.728	
7	24.2, F	0.916	19.770	
7	97.3, F	1.203	19.811	
7	87.1, F	0.978	19.853	
7	86.3, F	1.852	19.895	
7	84.8, F	0.834	19.937	
7	85.8, F	0.79	19.978	
7	18.6, F	1.432	20.020	
7	79.0, F	1.829	20.062	
7	58.0, F	0.644	20.103	
7	64.3, F	2.492	20.145	
7	136.3, F	0.379	20.187	
7	35.0, F	2.097	20.229	
7	73.7, F	0.418	20.270	
7	85.1, F	0.52	20.312	
7	299.7, F	0.719	20.354	
7	56.9, F	2.753	20.395	
7	58.2, F	1.069	20.437	
7	102.9, F	0.701	20.479	
7	54.5, F	2.481	20.520	
7	83.0, F	1.36	20.562	
7	351.2, F	0.328	20.604	
7	11.9, F	0.33	20.646	
7	94.3, F	1.229	20.687	
7	82.6, F	1.568	20.729	
7	77.1, F	1.316	20.771	
7	72.7, F	1.185	20.812	
7	76.8, F	0.201	20.854	
7	82.3, F	2.191	20.896	
7	91.6, F	0.178	20.938	
7	20.3, F	0.894	20.979	
7	69.6, F	1.088	21.021	
7	48.5, F	2.157	21.063	
7	56.3, F	0.531	21.104	
7	115.5, F	0.445	21.146	
7	41.6, F	2.489	21.188	
7	46.0, F	1.397	21.230	
7	101.4, F	0.572	21.271	
7	27.9, F	1.087	21.313	
7	60.1, F	0.706	21.355	
7	72.9, F	0.605	21.396	
7	54.2, F	1.124	21.438	
7	6.3, F	1.114	21.480	
7	27.7, F	0.876	21.521	
7	8.9, F	2.732	21.563	
7	159.6, F	2.823	21.605	
7	51.8, F	1.015	21.647	
7	7.6, F	0.586	21.688	
7	30.9, F	0.72	21.730	
7	51.3, F	0.602	21.772	
7	49.4, F	2.496	21.813	
7	72.2, F	0.582	21.855	
7	49.3, F	1.907	21.897	
7	350.3, F	0.786	21.939	
7	60.7, F	0.77	21.980	
7	91.1, F	1.224	22.022	
7	61.1, F	1.234	22.064	
7	156.2, F	1.842	22.105	
7	14.6, F	0.673	22.147	
7	29.5, F	1.082	22.189	
7	39.4, F	2.732	22.231	
7	79.8, F	1.683	22.272	
7	240.1, F	0.568	22.314	
7	59.8, F	0.241	22.356	
7	47.8, F	2.638	22.397	
7	337.8, F	0.951	22.439	
7	58.5, F	1.909	22.481	
7	320.1, F	0.349	22.523	
7	33.4, F	2.147	22.564	
7	17.1, F	0.18	22.606	
7	27.4, F	0.997	22.648	
7	66.4, F	1.06	22.689	
7	35.8, F	2.009	22.731	
7	142.7, F	0.562	22.773	
7	12.9, F	1.678	22.814	
7	79.8, F	1.184	22.856	
7	51.4, F	2.03	22.898	
7	72.7, F	0.256	22.940	
7	40.9, F	0.821	22.981	
7	45.1, F	1.819	23.023	
7	55.2, F	0.436	23.065	
7	49.1, F	1.918	23.106	
7	1.7, F	0.41	23.148	
7	87.4, F	0.583	23.190	
7	77.3, F	2.003	23.232	
7	75.3, F	0.437	23.273	
7	52.1, F	1.175	23.315	
7	71.0, F	1.45	23.357	
7	350.3, F	0.822	23.398	
7	55.5, F	0.824	23.440	
7	36.6, F	0.944	23.482	
7	52.2, F	2.171	23.523	
7	127.0, F	0.274	23.565	
7	61.8, F	1.063	23.607	
7	26.1, F	1.267	23.649	
7	3.9, F	0.85	23.690	
7	42.8, F	1.858	23.732	
7	96.1, F	0.822	23.774	
7	17.3, F	1.285	23.815	
7	98.8, F	0.783	23.857	
7	44.5, F	0.986	23.899	
7	35.6, F	1.846	23.941	
7	100.7, F	0.477	23.982	
7	76.7, F	0.977	24.024	
7	52.1, F	2.64	24.066	
7	94.3, F	0.336	24.107	
7	75.3, F	0.805	24.149	
7	10.5, F	0.929	24.191	
7	62.6, F	1.896	24.233	
7	36.5, F	0.604	24.274	
7	54.0, F	1.286	24.316	
7	82.4, F	0.769	24.358	
7	59.5, F	1.727	24.399	
7	97.4, F	0.402	24.441	
7	90.3, F	1.431	24.483	
7	99.5, F	0.394	24.524	
7	53.8, F	1.66	24.566	
7	61.4, F	1.448	24.608	
7	341.2, F	0.843	24.650	
7	78.4, F	1.712	24.691	
7	47.0, F	0.996	24.733	
7	66.3, F	0.619	24.775	
7	61.4, F	1.123	24.816	
7	78.0, F	0.588	24.858	
7	22.2, F	1.542	24.900	
7	41.0, F	1.147	24.942	
7	39.9, F	0.497	24.983	
7	89.5, F	0.896	25.025	
7	41.5, F	1.734	25.067	
7	336.6, F	1.099	25.108	
7	59.6, F	1.387	25.150	
7	106.6, F	0.999	25.192	
7	41.2, F	2.512	25.234	
7	22.8, F	0.303	25.275	
7	99.6, F	0.587	25.317	
7	14.8, F	1.475	25.359	
7	75.1, F	1.379	25.400	
7	41.6, F	0.844	25.442	
7	83.2, F	0.421	25.484	
7	57.9, F	0.835	25.525	
7	48.2, F	1.42	25.567	
7	63.8, F	1.019	25.609	
7	125.2, F	0.993	25.651	
7	23.9, F	0.946	25.692	
7	58.2, F	1.681	25.734	
7	334.6, F	0.581	25.776	
7	73.6, F	1.159	25.817	
7	83.2, F	0.963	25.859	
7	43.1, F	2.234	25.901	
7	None	0	25.943	0.04100000000000037
7	54.6, F	0.476	25.984	
7	52.9, F	1.186	26.026	
7	30.8, F	1.133	26.068	
7	58.2, F	0.248	26.109	
7	38.6, F	0.835	26.151	
7	2.7, F	1.051	26.193	
7	43.9, F	2.084	26.235	
7	100.9, F	0.769	26.276	
7	81.1, F	0.37	26.318	
7	77.2, F	1.125	26.360	
7	51.3, F	2.61	26.401	
7	115.4, F	0.487	26.443	
7	355.8, F	1.138	26.485	
7	109.3, F	0.523	26.526	
7	46.3, F	2.737	26.568	
7	54.7, F	0.344	26.610	
7	106.7, F	1.242	26.652	
7	339.6, F	1.148	26.693	
7	73.0, F	2.038	26.735	
7	104.8, F	0.692	26.777	
7	99.6, F	0.478	26.818	
7	85.2, F	1.389	26.860	
7	70.1, F	1.279	26.902	
7	71.1, F	0.902	26.944	
7	35.4, F	0.805	26.985	
7	103.8, F	0.968	27.027	
7	59.0, F	1.43	27.069	
7	104.1, F	0.997	27.110	
7	352.5, F	1.096	27.152	
7	66.9, F	0.959	27.194	
7	59.0, F	0.6	27.236	
7	11.8, F	0.863	27.277	
7	93.1, F	0.967	27.319	
7	41.8, F	0.375	27.361	
7	45.2, F	2.352	27.402	
7	175.1, F	0.093	27.444	
7	83.5, F	0.72	27.486	
7	60.9, F	1.522	27.527	
7	95.1, F	0.735	27.569	
7	67.0, F	1.641	27.611	
7	7.3, F	0.601	27.653	
7	88.4, F	0.8	27.694	
7	45.2, F	0.911	27.736	
7	54.1, F	2.367	27.778	
7	180.0, F	0.111	27.819	
7	44.4, F	0.283	27.861	
7	23.1, F	0.874	27.903	
7	70.5, F	1.192	27.945	
7	49.1, F	0.861	27.986	
7	72.5, F	0.356	28.028	
7	61.0, F	1.706	28.070	
7	108.8, F	0.447	28.111	
7	43.9, F	2.192	28.153	
7	274.2, F	0.29	28.195	
7	58.5, F	2.379	28.237	
7	343.5, F	0.78	28.278	
7	92.5, F	0.599	28.320	
7	1.8, F	0.588	28.362	
7	72.2, F	1.097	28.403	
7	25.2, F	0.926	28.445	
7	58.4, F	0.739	28.487	
7	8.4, F	0.99	28.528	
7	30.7, F	1.563	28.570	
7	6.6, F	0.73	28.612	
7	25.9, F	0.477	28.654	
7	43.5, F	0.296	28.695	
7	33.0, F	2.009	28.737	
7	111.6, F	0.196	28.779	
7	356.2, F	0.849	28.820	
7	37.7, F	0.515	28.862	
7	39.5, F	2.072	28.904	
7	78.0, F	0.801	28.946	
7	0.2, F	1.195	28.987	
7	124.8, F	0.504	29.029	
7	43.0, F	2.0	29.071	
7	None	0	29.112	0.04200000000000159
7	54.7, F	0.61	29.154	
7	50.8, F	1.082	29.196	
7	113.5, F	1.181	29.238	
7	110.1, F	0.998	29.279	
7	52.1, F	1.045	29.321	
7	79.8, F	0.493	29.363	
7	61.6, F	0.975	29.404	
7	38.5, F	0.641	29.446	
7	86.6, F	1.015	29.488	
7	82.4, F	0.596	29.529	
7	58.5, F	0.806	29.571	
7	10.6, F	0.381	29.613	
7	94.2, F	0.934	29.655	
7	78.2, F	0.284	29.696	
7	82.5, F	1.966	29.738	
7	44.5, F	0.701	29.780	
7	60.1, F	1.702	29.821	
7	None	0	29.863	0.04200000000000159
7	84.4, F	1.601	29.905	
7	110.6, F	0.233	29.947	
7	100.2, F	0.975	29.988	
7	118.4, F	0.531	30.030	
7	91.4, F	2.165	30.072	
7	90.0, F	0.996	30.113	
7	79.5, F	0.721	30.155	
7	27.3, F	0.318	30.197	
7	75.8, F	1.86	30.239	
7	102.8, F	0.554	30.280	
7	83.3, F	0.359	30.322	
7	92.4, F	1.21	30.364	
7	93.0, F	2.106	30.405	
7	74.0, F	1.362	30.447	
7	101.8, F	0.415	30.489	
7	101.1, F	1.274	30.530	
7	92.4, F	0.784	30.572	
7	40.2, F	0.57	30.614	
7	126.4, F	0.614	30.656	
7	206.0, F	0.682	30.697	
7	74.2, F	0.83	30.739	
7	110.1, F	1.387	30.781	
7	180.1, F	0.452	30.822	
7	62.9, F	1.039	30.864	
7	134.2, F	2.648	30.906	
7	99.0, F	1.921	30.948	
7	159.2, F	0.732	30.989	
7	323.1, F	0.518	31.031	
7	79.3, F	1.457	31.073	
7	220.8, F	0.798	31.114	
7	92.0, F	14.976	31.156	
7	5.5, F	0.966	31.198	
7	182.3, F	0.127	31.240	
7	None	0	31.281	0.04200000000000159
7	120.8, F	0.109	31.323	
7	119.4, F	0.173	31.365	
7	155.8, F	0.203	31.406	
7	166.4, F	0.178	31.448	
7	148.8, F	0.205	31.490	
7	None	0	31.531	0.04200000000000159
7	146.5, F	0.103	31.573	
7	5.6, F	0.767	31.615	
7	155.7, F	0.19	31.657	
7	148.1, F	0.144	31.698	
7	260.9, F	0.947	31.740	
7	172.1, F	0.284	31.782	
7	59.3, F	0.576	31.823	
7	190.3, F	0.382	31.865	
7	342.6, F	0.606	31.907	
7	178.3, F	0.559	31.949	
7	207.0, F	0.52	31.990	
7	322.0, F	0.614	32.032	
7	120.9, F	0.647	32.074	
7	336.0, F	0.674	32.115	
7	221.0, F	0.566	32.157	
7	48.5, F	0.795	32.199	
7	247.9, F	0.681	32.241	
7	140.7, F	0.538	32.282	
7	309.3, F	1.045	32.324	
7	148.8, F	0.226	32.366	
7	112.6, F	0.301	32.407	
7	107.9, F	0.296	32.449	
7	79.3, F	17.192	32.491	
7	56.7, F	1.184	32.532	
7	41.5, F	1.199	32.574	
7	137.2, F	0.144	32.616	
7	79.9, F	0.477	32.658	
7	235.6, F	3.822	32.699	
7	62.2, F	4.971	32.741	
7	17.4, F	1.549	32.783	
7	90.5, F	0.33	32.824	
7	52.9, F	2.162	32.866	
7	213.9, F	0.871	32.908	
7	124.3, F	0.869	32.950	
7	347.6, F	0.367	32.991	
7	74.3, F	1.405	33.033	
7	83.7, F	0.779	33.075	
7	222.0, F	0.38	33.116	
7	52.8, F	1.611	33.158	
7	240.0, F	0.627	33.200	
7	108.6, F	1.824	33.242	
7	328.5, F	0.346	33.283	
7	134.3, F	1.001	33.325	
7	93.7, F	0.947	33.367	
7	137.9, F	0.346	33.408	
7	122.3, F	1.07	33.450	
7	57.9, F	0.355	33.492	
7	118.1, F	1.243	33.533	
7	105.0, F	0.801	33.575	
7	118.4, F	0.183	33.617	
7	101.6, F	0.549	33.659	
7	56.6, F	1.042	33.700	
7	148.0, F	1.176	33.742	
7	42.1, F	0.309	33.784	
7	78.7, F	0.624	33.825	
7	156.0, F	0.496	33.867	
7	59.0, F	0.667	33.909	
7	90.8, F	1.082	33.951	
7	211.9, F	0.446	33.992	
7	115.3, F	1.462	34.034	
7	111.1, F	0.131	34.076	
7	74.0, F	0.381	34.117	
7	155.3, F	0.753	34.159	
7	102.1, F	0.877	34.201	
7	76.1, F	1.366	34.243	
7	199.2, F	1.024	34.284	
7	83.5, F	1.088	34.326	
7	112.2, F	0.735	34.368	
7	126.4, F	1.381	34.409	
7	79.2, F	0.399	34.451	
7	154.3, F	0.616	34.493	
7	74.0, F	0.21	34.535	
7	141.4, F	1.595	34.576	
7	48.7, F	0.391	34.618	
7	103.4, F	0.366	34.660	
7	194.7, F	0.768	34.701	
7	157.3, F	1.49	34.743	
7	307.6, F	0.349	34.785	
7	236.1, F	0.638	34.826	
7	80.3, F	0.637	34.868	
7	208.3, F	1.066	34.910	
7	125.8, F	0.636	34.952	
7	222.5, F	0.877	34.993	
7	92.1, F	0.275	35.035	
7	236.1, F	0.846	35.077	
7	165.1, F	0.772	35.118	
7	None	0	35.160	0.04200000000000159
7	173.5, F	0.29	35.202	
7	176.2, F	0.717	35.244	
7	321.3, F	0.117	35.285	
7	254.3, F	0.118	35.327	
7	204.0, F	0.236	35.369	
7	174.1, F	0.598	35.410	
7	18.9, F	0.287	35.452	
7	55.1, F	0.241	35.494	
7	159.7, F	0.945	35.535	
7	239.4, F	0.224	35.577	
7	102.2, F	0.954	35.619	
7	5.5, F	0.619	35.661	
7	149.3, F	0.537	35.702	
7	186.8, F	0.644	35.744	
7	53.6, F	0.202	35.786	
7	77.0, F	0.466	35.827	
7	103.2, F	0.843	35.869	
7	140.3, F	0.864	35.911	
7	1.9, F	0.122	35.953	
7	92.1, F	0.35	35.994	
7	97.6, F	0.874	36.036	
7	137.1, F	0.979	36.078	
7	126.9, F	1.303	36.119	
7	275.9, F	0.621	36.161	
7	98.7, F	0.844	36.203	
7	148.5, F	0.707	36.245	
7	60.5, F	0.671	36.286	
7	307.4, F	0.183	36.328	
7	179.4, F	0.865	36.370	
7	111.4, F	0.326	36.411	
7	137.3, F	0.527	36.453	
7	56.9, F	0.447	36.495	
7	279.2, F	0.443	36.536	
7	135.4, F	0.949	36.578	
7	194.4, F	0.954	36.620	
7	207.2, F	0.317	36.662	
7	133.3, F	1.035	36.703	
7	222.2, F	0.51	36.745	
7	304.9, F	0.283	36.787	
7	192.3, F	1.154	36.828	
7	132.3, F	1.034	36.870	
7	183.7, F	0.514	36.912	
7	122.5, F	0.121	36.954	
7	160.0, F	0.615	36.995	
7	161.5, F	0.97	37.037	
7	201.5, F	1.007	37.079	
7	113.7, F	0.798	37.120	
7	354.1, F	0.322	37.162	
7	173.8, F	0.87	37.204	
7	136.8, F	0.485	37.246	
7	138.7, F	1.105	37.287	
7	286.8, F	0.121	37.329	
7	133.8, F	0.101	37.371	
7	130.9, F	0.703	37.412	
7	358.0, F	0.465	37.454	
7	152.4, F	0.665	37.496	
7	75.1, F	0.633	37.538	
7	None	0	37.579	0.04200000000000159
7	90.0, F	0.131	37.621	
7	115.9, F	0.249	37.663	
7	111.6, F	0.435	37.704	
7	130.2, F	1.017	37.746	
7	295.1, F	0.198	37.788	
7	187.7, F	1.077	37.829	
7	346.1, F	0.688	37.871	
7	188.0, F	0.857	37.913	
7	241.7, F	0.249	37.955	
7	122.6, F	0.768	37.996	
7	207.4, F	0.831	38.038	
7	244.6, F	0.764	38.080	
7	166.2, F	0.835	38.121	
7	167.0, F	0.272	38.163	
7	186.3, F	0.714	38.205	
7	214.9, F	0.707	38.247	
7	266.1, F	0.648	38.288	
7	161.2, F	0.538	38.330	
7	177.6, F	0.936	38.372	
7	203.9, F	0.795	38.413	
7	256.0, F	0.509	38.455	
7	129.5, F	0.522	38.497	
7	218.3, F	0.918	38.538	
7	144.3, F	0.674	38.580	
7	280.2, F	0.542	38.622	
7	125.6, F	0.618	38.664	
7	205.0, F	0.827	38.705	
7	125.7, F	1.035	38.747	
7	182.7, F	1.007	38.789	
7	159.2, F	0.372	38.830	
7	69.5, F	0.302	38.872	
7	158.9, F	1.873	38.914	
7	223.5, F	0.243	38.956	
7	173.0, F	0.658	38.997	
7	98.0, F	0.187	39.039	
7	146.6, F	1.248	39.081	
7	193.8, F	0.51	39.122	
7	91.6, F	0.177	39.164	
7	145.3, F	0.482	39.206	
7	152.7, F	1.32	39.248	
7	198.2, F	0.616	39.289	
7	284.2, F	0.151	39.331	
7	215.3, F	0.255	39.373	
7	139.6, F	1.315	39.414	
7	201.2, F	0.454	39.456	
7	190.1, F	0.83	39.498	
7	225.2, F	0.251	39.539	
7	196.6, F	1.045	39.581	
7	130.4, F	0.653	39.623	
7	247.6, F	3.804	39.665	
7	136.7, F	1.114	39.706	
7	232.0, F	0.842	39.748	
7	271.9, F	0.885	39.790	
7	182.8, F	0.566	39.831	
7	198.0, F	1.005	39.873	
7	177.4, F	0.962	39.915	
7	248.4, F	0.446	39.957	
7	210.9, F	0.944	39.998	
7	81.9, F	0.263	40.040	
7	112.3, F	0.7	40.082	
7	88.9, F	0.723	40.123	
7	225.8, F	0.537	40.165	
7	289.0, F	0.498	40.207	
7	166.9, F	1.629	40.249	
7	282.3, F	0.649	40.290	
7	121.8, F	0.335	40.332	
7	147.4, F	0.575	40.374	
7	257.7, F	0.551	40.415	
7	134.4, F	0.768	40.457	
7	198.0, F	0.949	40.499	
7	105.3, F	0.728	40.541	
7	186.2, F	0.955	40.582	
7	177.9, F	0.329	40.624	
7	54.4, F	0.178	40.666	
7	166.3, F	1.195	40.707	
7	97.2, F	0.535	40.749	
7	228.9, F	0.516	40.791	
7	138.5, F	1.061	40.832	
7	232.7, F	0.238	40.874	
7	185.6, F	0.935	40.916	
7	211.3, F	0.277	40.958	
7	194.5, F	0.591	40.999	
7	292.8, F	0.142	41.041	
7	137.6, F	0.483	41.083	
7	226.5, F	1.137	41.124	
7	None	0	41.166	0.04200000000000159
7	224.7, F	0.31	41.208	
7	217.6, F	0.988	41.250	
7	75.4, F	0.278	41.291	
7	38.1, F	0.846	41.333	
7	214.3, F	1.0	41.375	
7	339.7, F	0.794	41.416	
7	192.3, F	0.936	41.458	
7	225.6, F	0.54	41.500	
7	160.9, F	0.461	41.541	
7	328.1, F	1.146	41.583	
7	142.6, F	0.56	41.625	
7	284.4, F	0.534	41.667	
7	232.6, F	0.573	41.708	
7	152.4, F	0.192	41.750	
7	204.0, F	1.374	41.792	
7	24.6, F	0.661	41.833	
7	208.7, F	0.402	41.875	
7	159.1, F	0.721	41.917	
7	256.7, F	0.782	41.959	
7	63.0, F	0.271	42.000	
7	162.1, F	0.107	42.042	
7	198.9, F	0.284	42.084	
7	196.1, F	1.222	42.125	
7	105.7, F	0.413	42.167	
7	273.2, F	0.287	42.209	
7	122.5, F	0.372	42.251	
7	258.3, F	0.306	42.292	
7	125.3, F	0.352	42.334	
7	333.4, F	0.912	42.376	
7	182.0, F	0.721	42.417	
7	138.7, F	0.285	42.459	
7	327.3, F	1.122	42.501	
7	145.1, F	0.294	42.542	
7	156.3, F	0.311	42.584	
7	153.9, F	0.243	42.626	
7	152.7, F	0.218	42.668	
7	6.6, F	0.756	42.709	
7	269.1, F	0.648	42.751	
7	179.1, F	0.194	42.793	
7	183.5, F	0.181	42.834	
7	195.5, F	0.231	42.876	
7	0.5, F	0.749	42.918	
7	195.4, F	0.229	42.960	
7	200.0, F	0.208	43.001	
7	203.5, F	0.283	43.043	
7	198.4, F	0.365	43.085	
7	55.3, F	0.993	43.126	
7	208.7, F	0.354	43.168	
7	335.8, F	0.681	43.210	
7	218.3, F	0.403	43.252	
7	226.5, F	0.473	43.293	
7	44.9, F	0.769	43.335	
7	229.0, F	0.655	43.377	
7	144.6, F	0.868	43.418	
7	306.6, F	0.604	43.460	
7	75.4, F	0.374	43.502	
7	298.7, F	0.683	43.544	
7	176.4, F	1.251	43.585	
7	5.8, F	0.628	43.627	
7	185.6, F	0.133	43.669	
7	249.7, F	0.213	43.710	
7	263.4, F	0.467	43.752	
7	277.5, F	0.738	43.794	
7	217.0, F	0.276	43.835	
7	231.8, F	0.444	43.877	
7	44.9, F	0.784	43.919	
7	244.1, F	0.881	43.961	
7	148.0, F	0.457	44.002	
7	25.2, F	0.272	44.044	
7	339.4, F	0.433	44.086	
7	232.0, F	0.38	44.127	
7	247.1, F	0.403	44.169	
7	315.2, F	0.793	44.211	
7	262.2, F	0.302	44.253	
7	273.2, F	0.652	44.294	
7	70.9, F	0.226	44.336	
7	359.5, F	0.125	44.378	
7	311.2, F	0.549	44.419	
7	230.0, F	0.851	44.461	
7	327.6, F	0.551	44.503	
7	303.9, F	0.707	44.544	
7	171.0, F	0.373	44.586	
7	334.3, F	0.647	44.628	
7	232.9, F	0.553	44.670	
7	237.8, F	0.833	44.711	
7	314.2, F	1.243	44.753	
7	171.7, F	0.446	44.795	
7	208.6, F	0.625	44.836	
7	307.4, F	0.776	44.878	
7	223.1, F	1.44	44.920	
7	148.6, F	0.267	44.962	
7	329.0, F	0.343	45.003	
7	215.9, F	0.583	45.045	
7	248.2, F	1.058	45.087	
7	206.0, F	0.939	45.128	
7	124.4, F	0.458	45.170	
7	252.3, F	0.968	45.212	
7	205.0, F	0.717	45.254	
7	213.9, F	1.234	45.295	
7	220.4, F	0.441	45.337	
7	278.0, F	0.643	45.379	
7	193.6, F	0.611	45.420	
7	206.2, F	1.26	45.462	
7	279.1, F	0.227	45.504	
7	221.3, F	0.586	45.545	
7	256.9, F	1.049	45.587	
7	189.3, F	0.526	45.629	
7	201.4, F	0.922	45.671	
7	None	0	45.712	0.041999999999994486
7	193.2, F	0.667	45.754	
7	273.6, F	0.548	45.796	
7	267.1, F	0.715	45.837	
7	158.7, F	0.151	45.879	
7	235.8, F	0.382	45.921	
7	252.5, F	0.675	45.963	
7	1.9, F	0.709	46.004	
7	215.0, F	0.482	46.046	
7	237.0, F	1.251	46.088	
7	3.1, F	0.52	46.129	
7	213.9, F	0.785	46.171	
7	36.7, F	0.512	46.213	
7	280.6, F	1.161	46.255	
7	147.4, F	1.023	46.296	
7	290.0, F	0.773	46.338	
7	16.0, F	0.207	46.380	
7	311.4, F	0.512	46.421	
7	193.5, F	0.798	46.463	
7	297.8, F	0.682	46.505	
7	224.0, F	0.203	46.547	
7	231.3, F	0.415	46.588	
7	241.7, F	0.616	46.630	
7	75.2, F	0.215	46.672	
7	162.0, F	0.329	46.713	
7	179.2, F	0.704	46.755	
7	330.8, F	0.27	46.797	
7	192.3, F	1.161	46.838	
7	310.5, F	0.47	46.880	
7	208.0, F	0.793	46.922	
7	188.6, F	0.421	46.964	
7	187.5, F	0.662	47.005	
7	291.7, F	0.214	47.047	
7	206.6, F	0.432	47.089	
7	208.7, F	0.641	47.130	
7	98.2, F	0.729	47.172	
7	240.6, F	0.548	47.214	
7	236.4, F	0.675	47.256	
7	32.7, F	0.573	47.297	
7	161.2, F	0.789	47.339	
7	289.6, F	1.019	47.381	
7	None	0	47.422	0.04200000000000159
7	190.8, F	0.112	47.464	
7	203.2, F	0.259	47.506	
7	193.6, F	0.374	47.547	
7	186.2, F	0.442	47.589	
7	303.8, F	0.2	47.631	
7	89.6, F	0.413	47.673	
7	269.8, F	0.238	47.714	
7	260.7, F	0.317	47.756	
7	117.5, F	0.318	47.798	
7	130.9, F	0.287	47.839	
7	241.4, F	0.572	47.881	
7	161.4, F	0.43	47.923	
7	348.9, F	0.405	47.965	
7	178.7, F	0.557	48.006	
7	336.6, F	0.411	48.048	
7	193.6, F	0.866	48.090	
7	301.2, F	0.417	48.131	
7	299.4, F	0.373	48.173	
7	79.3, F	0.724	48.215	
7	303.5, F	0.469	48.257	
7	195.2, F	0.957	48.298	
7	92.6, F	0.673	48.340	
7	298.8, F	0.413	48.382	
7	285.4, F	0.339	48.423	
7	94.0, F	0.793	48.465	
7	266.4, F	0.288	48.507	
7	259.6, F	0.299	48.548	
7	117.3, F	0.867	48.590	
7	311.6, F	0.492	48.632	
7	205.6, F	0.4	48.674	
7	309.3, F	0.517	48.715	
7	132.2, F	1.046	48.757	
7	282.3, F	0.347	48.799	
7	249.1, F	0.322	48.840	
7	88.6, F	0.995	48.882	
7	None	0	48.924	0.04200000000000159
7	268.9, F	0.603	48.966	
7	None	0	49.007	
7	None	0	49.049	0.08400000000000318
7	111.8, F	0.469	49.091	
7	113.3, F	0.657	49.132	
7	4.8, F	0.706	49.174	
7	142.2, F	0.371	49.216	
7	119.0, F	0.813	49.258	
7	358.7, F	0.524	49.299	
7	148.8, F	0.511	49.341	
7	48.3, F	0.703	49.383	
7	156.8, F	0.576	49.424	
7	58.1, F	0.936	49.466	
7	197.5, F	0.538	49.508	
7	33.3, F	0.438	49.550	
7	148.0, F	1.065	49.591	
7	65.4, F	0.842	49.633	
7	75.3, F	0.787	49.675	
7	287.0, F	0.305	49.716	
7	90.0, F	0.137	49.758	
7	77.5, F	0.308	49.800	
7	154.9, F	1.275	49.841	
7	8.2, F	0.542	49.883	
7	128.7, F	0.473	49.925	
7	126.3, F	0.547	49.967	
7	273.1, F	0.752	50.008	
7	80.8, F	0.436	50.050	
7	101.3, F	0.535	50.092	
7	245.0, F	0.943	50.133	
7	126.6, F	0.598	50.175	
7	125.1, F	0.733	50.217	
7	269.7, F	0.623	50.259	
7	94.1, F	0.734	50.300	
7	241.6, F	0.567	50.342	
7	230.9, F	0.643	50.384	
7	101.0, F	0.7	50.425	
7	232.3, F	0.582	50.467	
7	129.1, F	0.688	50.509	
7	285.4, F	0.626	50.550	
7	162.0, F	1.497	50.592	
7	292.2, F	0.877	50.634	
7	162.2, F	0.783	50.676	
7	148.5, F	0.306	50.717	
7	176.5, F	0.799	50.759	
7	None	0	50.801	0.04099999999999682
7	223.2, F	0.276	50.842	
7	225.2, F	0.454	50.884	
7	258.8, F	0.508	50.926	
7	163.6, F	0.429	50.968	
7	182.4, F	0.66	51.009	
7	311.8, F	0.217	51.051	
7	276.4, F	0.277	51.093	
7	221.5, F	0.483	51.134	
7	221.1, F	0.552	51.176	
7	137.7, F	1.103	51.218	
7	253.9, F	0.448	51.260	
7	250.9, F	0.544	51.301	
7	25.5, F	0.692	51.343	
7	132.9, F	0.529	51.385	
7	250.7, F	0.725	51.426	
7	16.6, F	0.435	51.468	
7	173.2, F	0.688	51.510	
7	10.7, F	0.409	51.551	
7	176.0, F	0.583	51.593	
7	5.3, F	0.366	51.635	
7	349.2, F	0.361	51.677	
7	184.6, F	0.703	51.718	
7	346.9, F	0.304	51.760	
7	346.5, F	0.329	51.802	
7	187.7, F	0.535	51.843	
7	346.5, F	0.588	51.885	
7	192.9, F	0.431	51.927	
7	341.6, F	0.487	51.969	
7	195.1, F	0.476	52.010	
7	345.2, F	0.489	52.052	
7	129.4, F	0.961	52.094	
7	3.9, F	0.413	52.135	
7	176.2, F	0.508	52.177	
7	6.0, F	0.394	52.219	
7	9.9, F	0.506	52.261	
7	155.4, F	0.441	52.302	
7	238.4, F	0.87	52.344	
7	26.3, F	0.44	52.386	
7	23.8, F	0.385	52.427	
7	168.4, F	0.562	52.469	
7	8.4, F	0.497	52.511	
7	166.8, F	0.659	52.552	
7	359.6, F	0.262	52.594	
7	3.0, F	0.228	52.636	
7	179.0, F	0.814	52.678	
7	278.4, F	1.175	52.719	
7	81.9, F	0.868	52.761	
7	335.2, F	0.133	52.803	
7	None	0	52.844	0.04200000000000159
7	274.5, F	0.102	52.886	
7	None	0	52.928	0.04200000000000159
7	209.7, F	0.139	52.970	
7	249.3, F	0.122	53.011	
7	225.0, F	0.19	53.053	
7	225.2, F	0.224	53.095	
7	103.6, F	0.751	53.136	
7	204.2, F	0.266	53.178	
7	329.6, F	0.357	53.220	
7	196.6, F	0.505	53.262	
7	305.6, F	0.321	53.303	
7	93.1, F	0.476	53.345	
7	289.5, F	0.3	53.387	
7	259.0, F	0.35	53.428	
7	121.0, F	0.453	53.470	
7	240.7, F	0.445	53.512	
7	136.4, F	0.545	53.553	
7	225.9, F	0.477	53.595	
7	36.6, F	0.593	53.637	
7	214.8, F	0.568	53.679	
7	46.0, F	0.547	53.720	
7	209.1, F	0.643	53.762	
7	56.0, F	0.452	53.804	
7	316.0, F	0.57	53.845	
7	163.9, F	0.99	53.887	
7	308.2, F	0.464	53.929	
7	58.2, F	0.46	53.971	
7	303.9, F	0.427	54.012	
7	169.5, F	1.1	54.054	
7	325.6, F	0.786	54.096	
7	117.9, F	0.282	54.137	
7	114.0, F	0.266	54.179	
7	265.0, F	0.472	54.221	
7	118.8, F	0.203	54.263	
7	121.0, F	0.192	54.304	
7	270.1, F	0.506	54.346	
7	132.2, F	0.309	54.388	
7	12.0, F	0.52	54.429	
7	162.1, F	0.325	54.471	
7	151.6, F	0.324	54.513	
7	311.1, F	0.734	54.554	
7	167.6, F	0.315	54.596	
7	173.9, F	0.319	54.638	
7	353.1, F	0.281	54.680	
7	342.3, F	0.244	54.721	
7	190.9, F	0.46	54.763	
7	353.5, F	0.239	54.805	
7	350.5, F	0.213	54.846	
7	183.6, F	0.514	54.888	
7	335.5, F	0.256	54.930	
7	304.4, F	0.191	54.972	
7	190.4, F	0.685	55.013	
7	80.4, F	0.832	55.055	
7	294.8, F	0.34	55.097	
7	282.2, F	0.331	55.138	
7	275.0, F	0.4	55.180	
7	96.3, F	0.473	55.222	
7	285.3, F	0.503	55.264	
7	70.8, F	0.46	55.305	
7	294.6, F	0.557	55.347	
7	142.9, F	0.676	55.389	
7	292.8, F	0.629	55.430	
7	65.8, F	0.449	55.472	
7	138.8, F	0.645	55.514	
7	292.6, F	0.717	55.555	
7	51.0, F	0.351	55.597	
7	147.1, F	0.568	55.639	
7	288.0, F	0.801	55.681	
7	51.8, F	0.276	55.722	
7	163.9, F	0.6	55.764	
7	31.9, F	0.1	55.806	
7	17.7, F	0.122	55.847	
7	18.6, F	0.132	55.889	
7	278.5, F	1.132	55.931	
7	75.9, F	0.791	55.973	
7	180.9, F	0.386	56.014	
7	340.8, F	0.316	56.056	
7	232.9, F	0.419	56.098	
7	317.1, F	0.529	56.139	
7	151.5, F	0.4	56.181	
7	299.3, F	0.61	56.223	
7	188.6, F	0.308	56.265	
7	348.5, F	0.201	56.306	
7	168.2, F	0.395	56.348	
7	357.6, F	0.381	56.390	
7	263.3, F	0.333	56.431	
7	344.0, F	1.285	56.473	
7	143.0, F	0.839	56.515	
7	313.3, F	0.809	56.556	
7	None	0	56.598	0.04200000000000159
7	319.5, F	0.218	56.640	
7	339.1, F	0.548	56.682	
7	324.7, F	0.77	56.723	
7	341.6, F	0.554	56.765	
7	341.0, F	0.674	56.807	
7	250.7, F	0.509	56.848	
7	284.9, F	0.417	56.890	
7	49.4, F	0.695	56.932	
7	265.2, F	0.761	56.974	
7	22.8, F	0.633	57.015	
7	66.4, F	0.407	57.057	
7	291.2, F	1.197	57.099	
7	126.4, F	0.916	57.140	
7	352.8, F	0.64	57.182	
7	195.3, F	0.194	57.224	
7	262.0, F	0.404	57.266	
7	340.8, F	1.286	57.307	
7	166.3, F	0.689	57.349	
7	306.8, F	0.154	57.391	
7	329.9, F	0.295	57.432	
7	311.5, F	0.288	57.474	
7	216.7, F	0.278	57.516	
7	329.7, F	0.54	57.557	
7	231.1, F	0.307	57.599	
7	97.1, F	0.883	57.641	
7	319.3, F	0.616	57.683	
7	236.8, F	0.35	57.724	
7	91.0, F	0.8	57.766	
7	280.6, F	0.462	57.808	
7	280.9, F	0.47	57.849	
7	97.8, F	0.784	57.891	
7	269.5, F	0.318	57.933	
7	274.7, F	0.34	57.975	
7	111.4, F	0.866	58.016	
7	261.5, F	0.353	58.058	
7	301.7, F	0.445	58.100	
7	223.7, F	0.393	58.141	
7	59.2, F	0.58	58.183	
7	228.0, F	0.495	58.225	
7	61.9, F	0.501	58.267	
7	241.9, F	0.604	58.308	
7	63.9, F	0.3	58.350	
7	277.7, F	0.798	58.392	
7	158.1, F	0.249	58.433	
7	4.0, F	0.217	58.475	
7	202.8, F	0.23	58.517	
7	332.3, F	0.299	58.558	
7	257.4, F	0.483	58.600	
7	359.4, F	0.099	58.642	
7	329.6, F	0.205	58.684	
7	333.8, F	0.389	58.725	
7	334.3, F	0.56	58.767	
7	211.3, F	0.487	58.809	
7	45.0, F	1.018	58.850	
7	272.9, F	0.414	58.892	
7	277.7, F	0.593	58.934	
7	80.3, F	0.542	58.976	
7	270.5, F	0.629	59.017	
7	77.0, F	0.535	59.059	
7	275.0, F	0.668	59.101	
7	58.5, F	0.564	59.142	
7	99.0, F	0.793	59.184	
7	350.0, F	0.639	59.226	
7	27.5, F	0.286	59.268	
7	46.6, F	0.473	59.309	
7	202.9, F	0.246	59.351	
7	29.8, F	1.321	59.393	
7	121.6, F	0.601	59.434	
7	334.4, F	0.581	59.476	
7	72.6, F	0.999	59.518	
7	358.0, F	0.341	59.559	
7	26.3, F	1.358	59.601	
7	180.9, F	0.545	59.643	
7	61.8, F	0.186	59.685	
7	55.1, F	0.343	59.726	
7	28.8, F	0.58	59.768	
7	290.2, F	0.905	59.810	
7	30.8, F	0.468	59.851	
7	156.4, F	0.871	59.893	
7	11.8, F	0.521	59.935	
7	11.6, F	0.65	59.977	
7	254.8, F	1.136	60.018	
7	119.8, F	0.585	60.060	
7	348.6, F	0.802	60.102	
7	207.8, F	0.538	60.143	
7	217.0, F	0.598	60.185	
7	9.5, F	0.729	60.227	
7	182.0, F	0.488	60.269	
7	353.5, F	0.716	60.310	
7	190.4, F	0.487	60.352	
7	198.6, F	0.562	60.394	
7	346.6, F	0.808	60.435	
7	200.8, F	0.592	60.477	
7	346.7, F	0.854	60.519	
7	115.1, F	0.872	60.560	
7	211.5, F	0.249	60.602	
7	223.7, F	0.24	60.644	
7	350.1, F	0.981	60.686	
7	204.1, F	0.313	60.727	
7	209.8, F	0.232	60.769	
7	111.3, F	0.795	60.811	
7	223.1, F	0.315	60.852	
7	344.9, F	0.934	60.894	
7	222.3, F	0.419	60.936	
7	114.8, F	0.804	60.978	
7	255.6, F	0.345	61.019	
7	244.6, F	0.221	61.061	
7	227.1, F	0.138	61.103	
7	357.6, F	1.03	61.144	
7	213.7, F	0.148	61.186	
7	101.5, F	0.955	61.228	
7	190.3, F	0.19	61.270	
7	177.7, F	0.225	61.311	
7	168.6, F	0.203	61.353	
7	141.2, F	0.216	61.395	
7	335.0, F	1.322	61.436	
7	159.3, F	0.582	61.478	
7	94.0, F	0.227	61.520	
7	67.7, F	0.33	61.561	
7	246.7, F	0.111	61.603	
7	204.0, F	0.108	61.645	
7	191.2, F	0.123	61.687	
7	150.5, F	0.098	61.728	
7	113.6, F	0.172	61.770	
7	139.6, F	0.184	61.812	
7	106.9, F	0.127	61.853	
7	125.5, F	0.274	61.895	
7	19.8, F	0.947	61.937	
7	244.2, F	0.592	61.979	
7	116.5, F	0.477	62.020	
7	102.9, F	0.463	62.062	
7	242.5, F	0.5	62.104	
7	25.3, F	1.164	62.145	
7	197.2, F	1.146	62.187	
7	342.6, F	0.851	62.229	
7	97.2, F	0.622	62.271	
7	230.0, F	0.383	62.312	
7	228.5, F	0.305	62.354	
7	98.7, F	0.909	62.396	
7	227.9, F	0.197	62.437	
7	351.5, F	1.197	62.479	
7	189.7, F	0.893	62.521	
7	157.8, F	0.288	62.562	
7	12.9, F	1.024	62.604	
7	112.0, F	0.266	62.646	
7	85.3, F	0.427	62.688	
7	281.7, F	0.129	62.729	
7	17.7, F	0.184	62.771	
7	181.6, F	0.175	62.813	
7	28.7, F	0.634	62.854	
7	82.0, F	0.286	62.896	
7	56.7, F	0.508	62.938	
7	299.4, F	0.669	62.980	
7	149.5, F	0.796	63.021	
7	303.7, F	0.846	63.063	
7	24.1, F	0.813	63.105	
7	129.6, F	0.34	63.146	
7	121.8, F	0.387	63.188	
7	268.3, F	0.78	63.230	
7	58.1, F	0.352	63.272	
7	18.2, F	0.387	63.313	
7	358.4, F	0.545	63.355	
7	194.5, F	0.144	63.397	
7	356.4, F	0.459	63.438	
7	347.5, F	0.936	63.480	
7	214.2, F	0.29	63.522	
7	219.1, F	0.267	63.563	
7	276.6, F	0.435	63.605	
7	7.6, F	0.775	63.647	
7	296.9, F	1.072	63.689	
7	331.6, F	0.468	63.730	
7	17.0, F	0.742	63.772	
7	254.6, F	1.211	63.814	
7	133.9, F	0.417	63.855	
7	343.0, F	1.038	63.897	
7	217.8, F	0.147	63.939	
7	216.2, F	0.325	63.981	
7	253.9, F	0.252	64.022	
7	251.4, F	0.389	64.064	
7	117.3, F	0.829	64.106	
7	341.5, F	1.274	64.147	
7	215.3, F	0.866	64.189	
7	119.7, F	0.545	64.231	
7	257.0, F	0.688	64.273	
7	121.6, F	0.497	64.314	
7	291.4, F	1.089	64.356	
7	157.6, F	0.544	64.398	
7	338.2, F	0.741	64.439	
7	154.5, F	0.783	64.481	
7	317.0, F	0.734	64.523	
7	162.5, F	0.73	64.564	
7	307.7, F	0.879	64.606	
7	166.9, F	0.601	64.648	
7	348.1, F	0.582	64.690	
7	350.1, F	0.579	64.731	
7	170.0, F	0.813	64.773	
7	358.4, F	0.358	64.815	
7	168.0, F	0.59	64.856	
7	352.5, F	0.414	64.898	
7	51.5, F	0.331	64.940	
7	157.8, F	0.996	64.982	
7	307.3, F	0.449	65.023	
7	95.2, F	0.537	65.065	
7	None	0	65.107	0.04099999999999682
7	350.5, F	0.994	65.148	
7	130.0, F	0.226	65.190	
7	115.4, F	0.212	65.232	
7	115.9, F	0.635	65.274	
7	56.5, F	0.885	65.315	
7	192.0, F	0.405	65.357	
7	173.2, F	0.527	65.399	
7	40.6, F	0.387	65.440	
7	63.7, F	0.458	65.482	
7	191.6, F	0.824	65.524	
7	326.2, F	0.178	65.566	
7	0.9, F	0.189	65.607	
7	15.3, F	0.273	65.649	
7	None	0	65.691	0.04099999999999682
7	141.0, F	0.582	65.732	
7	41.8, F	0.559	65.774	
7	232.8, F	0.313	65.816	
7	45.5, F	0.716	65.857	
7	230.9, F	0.491	65.899	
7	37.8, F	0.958	65.941	
7	None	0	65.983	0.04099999999999682
7	227.6, F	0.297	66.024	
7	45.4, F	1.406	66.066	
7	215.3, F	0.648	66.108	
7	92.8, F	0.123	66.149	
7	214.4, F	0.349	66.191	
7	62.0, F	0.421	66.233	
7	351.5, F	0.728	66.275	
7	114.0, F	1.04	66.316	
7	36.5, F	0.101	66.358	
7	None	0	66.400	0.04099999999999682
7	3.1, F	0.277	66.441	
7	16.9, F	0.414	66.483	
7	293.8, F	1.043	66.525	
7	166.2, F	0.786	66.566	
7	8.8, F	0.423	66.608	
7	14.0, F	0.468	66.650	
7	164.3, F	0.785	66.692	
7	17.8, F	0.398	66.733	
7	155.5, F	0.68	66.775	
7	309.4, F	1.099	66.817	
7	143.3, F	0.54	66.858	
7	25.3, F	0.676	66.900	
7	141.8, F	0.519	66.942	
7	315.6, F	1.08	66.984	
7	138.9, F	0.493	67.025	
7	141.7, F	0.481	67.067	
7	315.6, F	1.14	67.109	
7	125.7, F	0.418	67.150	
7	125.4, F	0.336	67.192	
7	122.4, F	0.259	67.234	
7	275.3, F	0.657	67.276	
7	81.0, F	0.197	67.317	
7	67.2, F	0.273	67.359	
7	83.4, F	0.303	67.401	
7	286.2, F	0.534	67.442	
7	71.6, F	0.329	67.484	
7	85.4, F	0.252	67.526	
7	279.5, F	0.555	67.567	
7	77.1, F	0.214	67.609	
7	107.5, F	0.139	67.651	
7	276.3, F	0.696	67.693	
7	None	0	67.734	0.04200000000000159
7	80.1, F	0.128	67.776	
7	88.3, F	0.133	67.818	
7	97.3, F	0.118	67.859	
7	132.8, F	0.165	67.901	
7	172.2, F	0.304	67.943	
7	162.7, F	0.212	67.985	
7	253.8, F	1.09	68.026	
7	61.3, F	0.765	68.068	
7	182.6, F	0.535	68.110	
7	334.1, F	0.231	68.151	
7	299.9, F	0.122	68.193	
7	269.4, F	0.1	68.235	
7	226.1, F	0.151	68.277	
7	206.8, F	0.264	68.318	
7	206.7, F	0.349	68.360	
7	144.2, F	0.613	68.402	
7	295.1, F	0.392	68.443	
7	112.0, F	0.201	68.485	
7	263.2, F	0.355	68.527	
7	129.3, F	0.464	68.569	
7	226.3, F	0.443	68.610	
7	140.7, F	0.586	68.652	
7	333.9, F	0.713	68.694	
7	148.4, F	0.683	68.735	
7	299.0, F	0.497	68.777	
7	163.8, F	0.943	68.819	
7	282.4, F	0.511	68.860	
7	17.0, F	0.164	68.902	
7	None	0	68.944	
7	None	0	68.986	
7	None	0	69.027	
7	None	0	69.069	
7	None	0	69.111	0.2079999999999984
7	183.9, F	0.102	69.152	
7	None	0	69.194	0.04200000000000159
7	359.5, F	0.115	69.236	
7	None	0	69.278	0.04099999999999682
7	328.5, F	0.233	69.319	
7	299.2, F	0.226	69.361	
7	298.5, F	0.283	69.403	
7	303.4, F	0.356	69.444	
7	141.4, F	0.845	69.486	
7	293.5, F	0.454	69.528	
7	78.1, F	0.524	69.569	
7	288.9, F	0.535	69.611	
7	75.5, F	0.472	69.653	
7	230.0, F	0.842	69.695	
7	54.2, F	0.395	69.736	
7	292.4, F	0.851	69.778	
7	141.4, F	0.553	69.820	
7	52.1, F	0.415	69.861	
7	48.8, F	0.492	69.903	
7	248.8, F	0.843	69.945	
7	63.2, F	0.473	69.987	
7	144.4, F	0.656	70.028	
7	303.8, F	0.893	70.070	
7	127.9, F	0.586	70.112	
7	333.8, F	0.721	70.153	
7	117.5, F	0.601	70.195	
7	238.1, F	0.349	70.237	
7	61.0, F	1.165	70.279	
7	219.7, F	0.131	70.320	
7	161.7, F	0.153	70.362	
7	154.5, F	0.221	70.404	
7	226.2, F	0.543	70.445	
7	359.5, F	1.018	70.487	
7	146.4, F	0.269	70.529	
7	133.8, F	0.1	70.570	
7	252.2, F	0.232	70.612	
7	265.9, F	0.466	70.654	
7	271.9, F	0.977	70.696	
7	134.7, F	0.118	70.737	
7	255.1, F	0.322	70.779	
7	48.9, F	0.434	70.821	
7	261.1, F	0.595	70.862	
7	328.8, F	0.184	70.904	
7	289.5, F	0.278	70.946	
7	296.3, F	0.309	70.988	
7	291.2, F	0.53	71.029	
7	74.8, F	0.64	71.071	
7	245.3, F	0.987	71.113	
7	38.4, F	0.526	71.154	
7	150.2, F	0.213	71.196	
7	33.0, F	0.582	71.238	
7	279.6, F	0.972	71.280	
7	3.7, F	0.312	71.321	
7	2.7, F	0.277	71.363	
7	184.9, F	0.618	71.405	
7	359.8, F	0.507	71.446	
7	195.8, F	0.482	71.488	
7	47.2, F	0.914	71.530	
7	191.6, F	0.418	71.572	
7	344.7, F	0.645	71.613	
7	188.9, F	0.446	71.655	
7	333.9, F	0.475	71.697	
7	197.7, F	0.564	71.738	
7	56.8, F	0.535	71.780	
7	194.7, F	0.859	71.822	
7	300.1, F	0.211	71.863	
7	78.8, F	0.447	71.905	
7	280.0, F	0.283	71.947	
7	286.7, F	0.366	71.989	
7	70.6, F	0.352	72.030	
7	302.4, F	0.424	72.072	
7	74.3, F	0.133	72.114	
7	168.5, F	0.983	72.155	
7	269.7, F	0.553	72.197	
7	132.5, F	0.161	72.239	
7	8.0, F	0.698	72.281	
7	165.6, F	0.185	72.322	
7	175.5, F	0.166	72.364	
7	171.6, F	0.204	72.406	
7	None	0	72.447	0.04200000000000159
7	208.6, F	0.115	72.489	
7	1.4, F	0.64	72.531	
7	186.6, F	0.218	72.572	
7	None	0	72.614	0.04200000000000159
7	320.4, F	0.157	72.656	
7	262.0, F	0.143	72.698	
7	257.5, F	0.212	72.739	
7	327.2, F	0.242	72.781	
7	330.4, F	0.257	72.823	
7	323.2, F	0.274	72.864	
7	129.2, F	1.02	72.906	
7	312.4, F	0.341	72.948	
7	318.8, F	0.354	72.990	
7	215.2, F	0.705	73.031	
7	65.2, F	0.679	73.073	
7	308.0, F	0.365	73.115	
7	302.7, F	0.378	73.156	
7	143.6, F	0.768	73.198	
7	290.8, F	0.333	73.240	
7	67.6, F	0.522	73.282	
7	292.9, F	0.34	73.323	
7	289.7, F	0.327	73.365	
7	141.5, F	0.835	73.407	
7	292.1, F	0.314	73.448	
7	76.1, F	0.633	73.490	
7	294.1, F	0.338	73.532	
7	293.9, F	0.343	73.573	
7	73.4, F	0.715	73.615	
7	212.8, F	0.708	73.657	
7	314.0, F	0.366	73.699	
7	318.8, F	0.413	73.740	
7	130.5, F	0.809	73.782	
7	323.6, F	0.462	73.824	
7	213.7, F	0.539	73.865	
7	64.8, F	0.832	73.907	
7	328.6, F	0.551	73.949	
7	215.4, F	0.423	73.991	
7	210.8, F	0.389	74.032	
7	60.3, F	1.152	74.074	
7	223.9, F	0.303	74.116	
7	216.2, F	0.24	74.157	
7	348.1, F	0.725	74.199	
7	207.2, F	0.25	74.241	
7	207.6, F	0.225	74.283	
7	217.8, F	0.219	74.324	
7	51.0, F	1.372	74.366	
7	260.1, F	0.869	74.408	
7	216.1, F	0.132	74.449	
7	214.8, F	0.116	74.491	
7	217.5, F	0.125	74.533	
7	95.5, F	1.112	74.575	
7	264.6, F	0.771	74.616	
7	211.6, F	0.107	74.658	
7	None	0	74.700	
7	None	0	74.741	
7	None	0	74.783	
7	None	0	74.825	
7	None	0	74.866	
7	None	0	74.908	
7	None	0	74.950	0.2920000000000016
7	359.6, F	0.139	74.992	
7	355.5, F	0.102	75.033	
7	None	0	75.075	0.04200000000000159
7	340.5, F	0.146	75.117	
7	354.4, F	0.145	75.158	
7	349.7, F	0.179	75.200	
7	199.6, F	0.456	75.242	
7	80.5, F	1.102	75.284	
7	283.9, F	0.855	75.325	
7	337.0, F	0.202	75.367	
7	202.2, F	0.457	75.409	
7	76.9, F	0.959	75.450	
7	328.8, F	0.24	75.492	
7	210.5, F	0.426	75.534	
7	326.7, F	0.195	75.575	
7	321.5, F	0.267	75.617	
7	209.9, F	0.456	75.659	
7	319.4, F	0.24	75.701	
7	79.3, F	0.806	75.742	
7	220.1, F	0.537	75.784	
7	310.6, F	0.344	75.826	
7	313.7, F	0.349	75.867	
7	120.9, F	0.836	75.909	
7	307.7, F	0.391	75.951	
7	304.2, F	0.407	75.993	
7	123.2, F	0.819	76.034	
7	296.9, F	0.419	76.076	
7	295.1, F	0.468	76.118	
7	139.6, F	0.695	76.159	
7	283.8, F	0.517	76.201	
7	79.7, F	0.374	76.243	
7	271.4, F	0.545	76.285	
7	103.0, F	0.288	76.326	
7	111.0, F	0.344	76.368	
7	254.4, F	0.622	76.410	
7	136.4, F	0.385	76.451	
7	143.8, F	0.413	76.493	
7	305.3, F	0.873	76.535	
7	156.2, F	0.572	76.576	
7	45.5, F	0.39	76.618	
7	161.6, F	0.708	76.660	
7	291.4, F	0.879	76.702	
7	46.4, F	0.26	76.743	
7	50.4, F	0.121	76.785	
7	174.2, F	0.846	76.827	
7	106.3, F	0.1	76.868	
7	None	0	76.910	0.04200000000000159
7	112.1, F	0.104	76.952	
7	166.9, F	0.132	76.994	
7	7.2, F	0.644	77.035	
7	257.4, F	1.142	77.077	
7	120.3, F	0.731	77.119	
7	341.0, F	0.313	77.160	
7	204.4, F	0.446	77.202	
7	321.3, F	0.327	77.244	
7	209.9, F	0.672	77.286	
7	69.6, F	0.497	77.327	
7	285.4, F	0.424	77.369	
7	73.1, F	0.3	77.411	
7	262.0, F	0.477	77.452	
7	106.0, F	0.302	77.494	
7	117.6, F	0.308	77.536	
7	237.7, F	0.636	77.578	
7	131.4, F	0.456	77.619	
7	48.0, F	0.6	77.661	
7	219.4, F	0.774	77.703	
7	43.8, F	0.538	77.744	
7	232.4, F	0.675	77.786	
7	38.2, F	0.601	77.828	
7	231.5, F	0.686	77.869	
7	35.7, F	0.491	77.911	
7	154.1, F	0.481	77.953	
7	306.1, F	0.546	77.995	
7	153.5, F	0.46	78.036	
7	17.1, F	0.461	78.078	
7	161.9, F	0.336	78.120	
7	308.6, F	0.826	78.161	
7	173.1, F	0.348	78.203	
7	345.1, F	0.355	78.245	
7	190.5, F	0.656	78.287	
7	350.6, F	0.197	78.328	
7	346.7, F	0.161	78.370	
7	336.1, F	0.165	78.412	
7	194.3, F	0.974	78.453	
7	91.8, F	0.665	78.495	
7	285.4, F	0.306	78.537	
7	267.8, F	0.398	78.578	
7	85.6, F	0.301	78.620	
7	263.8, F	0.812	78.662	
7	100.6, F	0.18	78.704	
7	66.3, F	0.097	78.745	
7	None	0	78.787	0.04199999999998738
7	258.1, F	0.213	78.829	
7	254.9, F	0.28	78.870	
7	261.8, F	0.442	78.912	
7	22.5, F	0.932	78.954	
7	73.3, F	0.149	78.996	
7	267.9, F	0.706	79.037	
7	41.2, F	0.108	79.079	
7	335.1, F	0.166	79.121	
7	185.6, F	0.806	79.162	
7	304.1, F	0.3	79.204	
7	297.6, F	0.336	79.246	
7	86.3, F	0.615	79.288	
7	297.0, F	0.364	79.329	
7	305.3, F	0.39	79.371	
7	139.4, F	1.067	79.413	
7	302.3, F	0.449	79.454	
7	300.0, F	0.515	79.496	
7	47.0, F	0.657	79.538	
7	230.4, F	0.826	79.579	
7	27.3, F	0.597	79.621	
7	151.1, F	0.23	79.663	
7	7.2, F	0.758	79.705	
7	None	0	79.746	0.04200000000000159
7	290.1, F	0.151	79.788	
7	295.8, F	0.2	79.830	
7	310.6, F	0.265	79.871	
7	211.1, F	0.614	79.913	
7	319.4, F	0.586	79.955	
7	35.9, F	0.632	79.997	
7	250.2, F	0.58	80.038	
7	81.0, F	0.224	80.080	
7	54.3, F	0.235	80.122	
7	42.3, F	0.258	80.163	
7	288.7, F	0.604	80.205	
7	33.4, F	0.414	80.247	
7	155.2, F	0.379	80.289	
7	23.0, F	0.603	80.330	
7	239.2, F	0.671	80.372	
7	122.6, F	0.277	80.414	
7	26.9, F	0.975	80.455	
7	239.8, F	0.414	80.497	
7	98.7, F	0.389	80.539	
7	249.0, F	0.351	80.581	
7	88.5, F	0.484	80.622	
7	278.8, F	0.294	80.664	
7	284.1, F	0.311	80.706	
7	77.5, F	0.492	80.747	
7	280.8, F	0.292	80.789	
7	292.2, F	0.244	80.831	
7	75.9, F	0.583	80.872	
7	331.6, F	0.336	80.914	
7	203.2, F	0.236	80.956	
7	356.8, F	0.588	80.998	
7	191.1, F	0.136	81.039	
7	None	0	81.081	
7	None	0	81.123	
7	None	0	81.164	0.125
7	95.6, F	0.775	81.206	
7	None	0	81.248	
7	None	0	81.290	
7	None	0	81.331	0.125
7	284.3, F	0.109	81.373	
7	279.4, F	0.159	81.415	
7	272.8, F	0.266	81.456	
7	266.5, F	0.299	81.498	
7	121.8, F	0.267	81.540	
7	129.7, F	0.221	81.581	
7	312.3, F	0.717	81.623	
7	164.6, F	0.271	81.665	
7	174.5, F	0.221	81.707	
7	1.8, F	0.288	81.748	
7	165.4, F	0.409	81.790	
7	8.1, F	0.24	81.832	
7	171.6, F	0.477	81.873	
7	None	0	81.915	
7	None	0	81.957	
7	None	0	81.999	
7	None	0	82.040	
7	None	0	82.082	
7	None	0	82.124	
7	None	0	82.165	
7	None	0	82.207	0.333999999999989
7	166.4, F	0.205	82.249	
7	None	0	82.291	0.04099999999999682
7	209.9, F	0.122	82.332	
7	205.5, F	0.119	82.374	
7	None	0	82.416	0.04099999999999682
7	307.9, F	0.143	82.457	
7	319.9, F	0.148	82.499	
7	325.3, F	0.178	82.541	
7	345.8, F	0.268	82.582	
7	345.1, F	0.351	82.624	
7	212.8, F	0.382	82.666	
7	60.2, F	1.084	82.708	
7	224.0, F	0.39	82.749	
7	230.6, F	0.335	82.791	
7	340.7, F	0.655	82.833	
7	240.3, F	0.337	82.874	
7	99.1, F	0.699	82.916	
7	296.2, F	0.222	82.958	
7	338.7, F	0.212	83.000	
7	353.9, F	0.151	83.041	
7	30.6, F	0.202	83.083	
7	51.3, F	0.446	83.125	
7	157.2, F	0.616	83.166	
7	54.5, F	0.425	83.208	
7	294.3, F	0.335	83.250	
7	73.9, F	0.615	83.292	
7	195.3, F	0.721	83.333	
7	351.3, F	0.246	83.375	
7	1.8, F	0.217	83.417	
7	9.1, F	0.266	83.458	
7	183.2, F	0.65	83.500	
7	10.5, F	0.347	83.542	
7	12.2, F	0.407	83.584	
7	182.1, F	0.591	83.625	
7	17.5, F	0.293	83.667	
7	9.2, F	0.331	83.709	
7	184.1, F	0.672	83.750	
7	18.8, F	0.096	83.792	
7	None	0	83.834	0.04099999999999682
7	348.6, F	0.274	83.875	
7	196.9, F	0.633	83.917	
7	351.9, F	0.548	83.959	
7	207.0, F	0.579	84.001	
7	337.5, F	0.504	84.042	
7	149.9, F	0.503	84.084	
7	308.0, F	0.566	84.126	
7	19.7, F	0.511	84.167	
7	176.6, F	0.459	84.209	
7	17.1, F	0.382	84.251	
7	187.6, F	0.626	84.293	
7	355.1, F	0.456	84.334	
7	190.4, F	0.525	84.376	
7	356.2, F	0.348	84.418	
7	348.3, F	0.416	84.459	
7	200.0, F	0.594	84.501	
7	341.1, F	0.481	84.543	
7	207.8, F	0.589	84.584	
7	47.4, F	0.742	84.626	
7	220.8, F	0.605	84.668	
7	328.6, F	0.632	84.710	
7	146.8, F	0.446	84.751	
7	316.4, F	0.857	84.793	
7	167.0, F	0.347	84.835	
7	174.4, F	0.336	84.876	
7	0.2, F	0.654	84.918	
7	193.6, F	0.301	84.960	
7	194.7, F	0.323	85.002	
7	355.0, F	0.717	85.043	
7	191.8, F	0.309	85.085	
7	187.1, F	0.301	85.127	
7	177.5, F	0.364	85.168	
7	13.5, F	0.552	85.210	
7	166.3, F	0.4	85.252	
7	21.7, F	0.425	85.294	
7	164.9, F	0.564	85.335	
7	48.7, F	0.325	85.377	
7	277.5, F	0.536	85.419	
7	92.9, F	0.28	85.460	
7	111.3, F	0.317	85.502	
7	258.5, F	0.47	85.544	
7	110.1, F	0.495	85.585	
7	222.0, F	0.366	85.627	
7	111.4, F	0.621	85.669	
7	229.2, F	0.372	85.711	
7	335.0, F	0.514	85.752	
7	121.9, F	0.616	85.794	
7	332.4, F	0.449	85.836	
7	212.1, F	0.448	85.877	
7	118.2, F	0.897	85.919	
7	347.2, F	0.292	85.961	
7	344.5, F	0.228	86.003	
7	199.6, F	0.418	86.044	
7	341.5, F	0.356	86.086	
7	221.8, F	0.542	86.128	
7	311.0, F	0.497	86.169	
7	43.3, F	0.354	86.211	
7	158.2, F	0.326	86.253	
7	296.2, F	0.935	86.295	
7	183.2, F	0.304	86.336	
7	182.0, F	0.313	86.378	
7	357.8, F	0.387	86.420	
7	201.2, F	0.324	86.461	
7	340.0, F	0.272	86.503	
7	124.2, F	0.744	86.545	
7	353.0, F	0.213	86.587	
7	358.2, F	0.195	86.628	
7	186.6, F	0.606	86.670	
7	341.2, F	0.102	86.712	
7	None	0	86.753	
7	None	0	86.795	0.08400000000000318
7	217.1, F	0.098	86.837	
7	190.8, F	0.176	86.878	
7	190.9, F	0.185	86.920	
7	161.4, F	0.232	86.962	
7	17.5, F	0.754	87.004	
7	135.0, F	0.387	87.045	
7	128.3, F	0.471	87.087	
7	220.8, F	0.456	87.129	
7	46.8, F	1.162	87.170	
7	205.7, F	0.256	87.212	
7	193.7, F	0.224	87.254	
7	183.5, F	0.28	87.296	
7	2.1, F	0.544	87.337	
7	172.7, F	0.364	87.379	
7	9.7, F	0.588	87.421	
7	156.0, F	0.667	87.462	
7	38.2, F	0.615	87.504	
7	206.1, F	0.739	87.546	
7	317.7, F	0.389	87.587	
7	133.4, F	0.826	87.629	
7	317.1, F	0.236	87.671	
7	324.5, F	0.153	87.713	
7	322.1, F	0.148	87.754	
7	0.5, F	0.375	87.796	
7	176.0, F	0.692	87.838	
7	41.5, F	0.23	87.879	
7	66.4, F	0.285	87.921	
7	61.3, F	0.594	87.963	
7	132.7, F	0.807	88.005	
7	328.0, F	0.462	88.046	
7	332.0, F	0.356	88.088	
7	194.9, F	0.45	88.130	
7	350.2, F	0.53	88.171	
7	109.4, F	1.018	88.213	
7	192.6, F	0.411	88.255	
7	359.0, F	0.552	88.297	
7	181.9, F	0.36	88.338	
7	3.6, F	0.525	88.380	
7	179.7, F	0.433	88.422	
7	14.2, F	0.591	88.463	
7	228.8, F	0.742	88.505	
7	149.1, F	0.316	88.547	
7	13.2, F	0.833	88.588	
7	156.0, F	0.374	88.630	
7	147.3, F	0.415	88.672	
7	334.9, F	0.622	88.714	
7	113.1, F	0.463	88.755	
7	217.0, F	0.228	88.797	
7	219.1, F	0.235	88.839	
7	354.9, F	0.887	88.880	
7	97.8, F	0.496	88.922	
7	268.4, F	0.253	88.964	
7	281.3, F	0.276	89.006	
7	63.8, F	0.469	89.047	
7	287.4, F	0.311	89.089	
7	205.4, F	0.794	89.131	
7	83.3, F	0.465	89.172	
7	227.7, F	0.134	89.214	
7	None	0	89.256	0.04200000000000159
7	96.5, F	0.098	89.298	
7	101.3, F	0.158	89.339	
7	78.2, F	0.372	89.381	
7	81.3, F	0.424	89.423	
7	289.8, F	0.216	89.464	
7	88.9, F	0.975	89.506	
7	None	0	89.548	
7	None	0	89.590	0.08299999999999841
7	79.3, F	0.464	89.631	
7	304.8, F	0.175	89.673	
7	323.8, F	0.144	89.715	
7	339.1, F	0.16	89.756	
7	157.5, F	0.623	89.798	
7	49.6, F	0.301	89.840	
7	63.8, F	0.4	89.881	
7	72.1, F	0.521	89.923	
7	309.0, F	0.367	89.965	
7	200.5, F	0.477	90.007	
7	80.3, F	0.961	90.048	
7	347.2, F	0.212	90.090	
7	171.1, F	0.476	90.132	
7	39.2, F	0.188	90.173	
7	278.7, F	0.552	90.215	
7	41.6, F	0.325	90.257	
7	139.5, F	0.545	90.299	
7	301.0, F	0.441	90.340	
7	52.4, F	0.551	90.382	
7	225.2, F	0.525	90.424	
7	41.5, F	0.562	90.465	
7	229.2, F	0.403	90.507	
7	108.6, F	0.485	90.549	
7	340.2, F	0.58	90.590	
7	237.0, F	0.288	90.632	
7	94.9, F	0.517	90.674	
7	269.8, F	0.281	90.716	
7	271.1, F	0.257	90.757	
7	85.7, F	0.522	90.799	
7	284.2, F	0.306	90.841	
7	282.8, F	0.298	90.882	
7	73.1, F	0.488	90.924	
7	311.6, F	0.361	90.966	
7	66.0, F	0.524	91.008	
7	199.4, F	0.805	91.049	
7	306.7, F	0.395	91.091	
7	45.8, F	0.62	91.133	
7	320.0, F	0.564	91.174	
7	138.8, F	0.536	91.216	
7	317.8, F	0.597	91.258	
7	126.4, F	0.355	91.300	
7	255.2, F	0.576	91.341	
7	121.0, F	0.254	91.383	
7	8.7, F	1.057	91.425	
7	329.5, F	0.138	91.466	
7	193.6, F	0.64	91.508	
7	322.6, F	0.372	91.550	
7	328.8, F	0.462	91.591	
7	255.1, F	0.498	91.633	
7	109.4, F	0.365	91.675	
7	317.4, F	0.869	91.717	
7	123.9, F	0.154	91.758	
7	358.0, F	0.115	91.800	
7	338.2, F	0.224	91.842	
7	317.1, F	0.25	91.883	
7	316.7, F	0.35	91.925	
7	202.1, F	0.553	91.967	
7	46.4, F	0.613	92.009	
7	220.3, F	0.592	92.050	
7	309.1, F	0.547	92.092	
7	147.8, F	0.352	92.134	
7	8.6, F	0.554	92.175	
7	169.1, F	0.28	92.217	
7	354.6, F	0.565	92.259	
7	206.1, F	0.243	92.301	
7	248.9, F	0.234	92.342	
7	260.1, F	0.361	92.384	
7	270.1, F	0.467	92.426	
7	80.3, F	0.238	92.467	
7	68.0, F	0.096	92.509	
7	272.5, F	1.102	92.551	
7	83.2, F	0.655	92.593	
7	276.7, F	0.317	92.634	
7	270.0, F	0.439	92.676	
7	66.4, F	0.14	92.718	
7	83.9, F	0.094	92.759	
7	269.3, F	0.81	92.801	
7	274.3, F	0.119	92.843	
7	246.7, F	0.266	92.884	
7	100.5, F	0.539	92.926	
7	252.0, F	0.531	92.968	
7	129.0, F	0.319	93.010	
7	326.4, F	0.862	93.051	
7	131.1, F	0.248	93.093	
7	179.3, F	0.239	93.135	
7	185.7, F	0.343	93.176	
7	352.4, F	0.448	93.218	
7	196.5, F	0.48	93.260	
7	330.5, F	0.36	93.302	
7	195.9, F	0.661	93.343	
7	323.4, F	0.337	93.385	
7	293.3, F	0.266	93.427	
7	88.2, F	0.45	93.468	
7	260.7, F	0.414	93.510	
7	101.4, F	0.192	93.552	
7	258.2, F	0.62	93.593	
7	177.8, F	0.105	93.635	
7	195.0, F	0.263	93.677	
7	212.6, F	0.256	93.719	
7	224.1, F	0.418	93.760	
7	60.0, F	0.747	93.802	
7	224.6, F	0.574	93.844	
7	306.8, F	0.538	93.885	
7	149.9, F	0.495	93.927	
7	290.2, F	0.794	93.969	
7	347.6, F	0.168	94.011	
7	192.0, F	0.561	94.052	
7	282.7, F	0.192	94.094	
7	91.6, F	0.471	94.136	
7	245.0, F	0.374	94.177	
7	251.3, F	0.372	94.219	
7	112.9, F	0.314	94.261	
7	252.7, F	0.565	94.303	
7	125.3, F	0.26	94.344	
7	23.5, F	0.751	94.386	
7	146.4, F	0.374	94.428	
7	231.2, F	0.607	94.469	
7	32.9, F	0.602	94.511	
7	225.7, F	0.556	94.553	
7	139.2, F	0.555	94.594	
7	315.4, F	0.542	94.636	
7	45.3, F	0.571	94.678	
7	210.5, F	0.591	94.720	
7	55.8, F	0.633	94.761	
7	210.4, F	0.561	94.803	
7	52.5, F	0.668	94.845	
7	211.5, F	0.553	94.886	
7	321.5, F	0.533	94.928	
7	131.8, F	0.628	94.970	
7	328.9, F	0.513	95.012	
7	208.9, F	0.493	95.053	
7	49.6, F	0.753	95.095	
7	181.0, F	0.577	95.137	
7	4.7, F	0.32	95.178	
7	1.1, F	0.252	95.220	
7	174.6, F	0.597	95.262	
7	359.0, F	0.174	95.304	
7	None	0	95.345	0.04200000000000159
7	336.3, F	0.109	95.387	
7	352.9, F	0.145	95.429	
7	179.9, F	0.88	95.470	
7	347.0, F	0.103	95.512	
7	None	0	95.554	0.04200000000000159
7	348.8, F	0.15	95.596	
7	None	0	95.637	
7	None	0	95.679	
7	None	0	95.721	
7	None	0	95.762	
7	None	0	95.804	0.20900000000000318
7	163.5, F	0.092	95.846	
7	137.4, F	0.149	95.887	
7	126.8, F	0.257	95.929	
7	127.3, F	0.32	95.971	
7	35.9, F	0.534	96.013	
7	234.8, F	0.619	96.054	
7	37.7, F	0.599	96.096	
7	127.3, F	0.517	96.138	
7	239.2, F	0.465	96.179	
7	46.7, F	0.806	96.221	
7	221.9, F	0.494	96.263	
7	204.3, F	0.444	96.305	
7	64.7, F	0.896	96.346	
7	200.4, F	0.497	96.388	
7	357.3, F	0.271	96.430	
7	355.0, F	0.185	96.471	
7	192.0, F	0.558	96.513	
7	None	0	96.555	0.04099999999999682
7	37.3, F	0.106	96.596	
7	63.4, F	0.136	96.638	
7	52.4, F	0.208	96.680	
7	73.4, F	0.196	96.722	
7	284.6, F	0.479	96.763	
7	87.5, F	0.252	96.805	
7	81.2, F	0.3	96.847	
7	213.1, F	0.778	96.888	
7	76.6, F	0.345	96.930	
7	267.4, F	0.352	96.972	
7	84.1, F	0.301	97.014	
7	84.7, F	0.282	97.055	
7	266.8, F	0.381	97.097	
7	84.6, F	0.295	97.139	
7	269.3, F	0.403	97.180	
7	84.7, F	0.279	97.222	
7	269.8, F	0.357	97.264	
7	90.6, F	0.371	97.306	
7	276.4, F	0.295	97.347	
7	81.9, F	0.403	97.389	
7	274.1, F	0.351	97.431	
7	77.5, F	0.361	97.472	
7	265.0, F	0.276	97.514	
7	74.6, F	0.342	97.556	
7	278.3, F	0.297	97.597	
7	58.1, F	0.271	97.639	
7	280.7, F	0.478	97.681	
7	179.0, F	0.465	97.723	
7	33.1, F	0.267	97.764	
7	23.9, F	0.218	97.806	
7	185.6, F	0.526	97.848	
7	45.0, F	0.112	97.889	
7	None	0	97.931	0.04200000000000159
7	263.4, F	0.743	97.973	
7	190.8, F	0.155	98.015	
7	211.9, F	0.131	98.056	
7	236.6, F	0.105	98.098	
7	227.5, F	0.239	98.140	
7	88.6, F	0.635	98.181	
7	267.5, F	0.256	98.223	
7	254.3, F	0.152	98.265	
7	281.2, F	0.284	98.307	
7	76.6, F	0.625	98.348	
7	244.2, F	0.138	98.390	
7	286.7, F	0.149	98.432	
7	294.5, F	0.123	98.473	
7	339.1, F	0.157	98.515	
7	357.5, F	0.137	98.557	
7	350.5, F	0.116	98.599	
7	298.3, F	0.16	98.640	
7	78.6, F	0.917	98.682	
7	272.0, F	0.433	98.724	
7	268.5, F	0.458	98.765	
7	70.2, F	0.547	98.807	
7	221.2, F	0.728	98.849	
7	54.1, F	0.411	98.890	
7	277.7, F	0.553	98.932	
7	53.7, F	0.346	98.974	
7	140.8, F	0.381	99.016	
7	277.9, F	0.634	99.057	
7	46.6, F	0.303	99.099	
7	153.8, F	0.527	99.141	
7	261.7, F	0.647	99.182	
7	63.8, F	0.233	99.224	
7	74.3, F	0.211	99.266	
7	86.0, F	0.229	99.308	
7	258.1, F	0.724	99.349	
7	99.5, F	0.224	99.391	
7	96.9, F	0.198	99.433	
7	104.9, F	0.214	99.474	
7	102.6, F	0.188	99.516	
7	264.9, F	0.777	99.558	
7	98.9, F	0.29	99.599	
7	99.7, F	0.35	99.641	
7	246.2, F	0.463	99.683	
7	92.9, F	0.503	99.725	
7	228.4, F	0.277	99.766	
7	43.9, F	1.216	99.808	
7	222.1, F	0.252	99.850	
7	217.6, F	0.18	99.891	
7	204.5, F	0.19	99.933	
7	None	0	99.975	
7	None	0	100.017	0.08300000000001262
7	12.6, F	0.137	100.058	
7	19.8, F	0.118	100.100	
7	165.7, F	0.17	100.142	
7	174.6, F	0.193	100.183	
7	160.5, F	0.197	100.225	
7	169.3, F	0.188	100.267	
7	10.5, F	0.739	100.309	
7	136.9, F	0.24	100.350	
7	134.3, F	0.281	100.392	
7	224.1, F	0.589	100.434	
7	24.3, F	0.655	100.475	
7	227.2, F	0.51	100.517	
7	128.1, F	0.352	100.559	
7	33.9, F	0.663	100.600	
7	206.3, F	0.537	100.642	
7	331.1, F	0.275	100.684	
7	128.9, F	0.601	100.726	
7	336.4, F	0.45	100.767	
7	179.9, F	0.44	100.809	
7	6.7, F	0.448	100.851	
7	153.6, F	0.429	100.892	
7	27.2, F	0.684	100.934	
7	134.3, F	0.578	100.976	
7	317.8, F	0.324	101.018	
7	140.4, F	0.917	101.059	
7	335.3, F	0.225	101.101	
7	356.2, F	0.299	101.143	
7	184.0, F	0.625	101.184	
7	None	0	101.226	0.04200000000000159
7	21.1, F	0.242	101.268	
7	45.3, F	0.239	101.310	
7	168.8, F	0.959	101.351	
7	56.2, F	0.284	101.393	
7	279.9, F	0.373	101.435	
7	76.9, F	0.477	101.476	
7	244.9, F	0.191	101.518	
7	213.9, F	0.202	101.560	
7	96.6, F	0.67	101.602	
7	164.5, F	0.214	101.643	
7	12.6, F	0.612	101.685	
7	155.0, F	0.182	101.727	
7	149.4, F	0.185	101.768	
7	137.3, F	0.193	101.810	
7	268.9, F	1.001	101.852	
7	107.9, F	0.166	101.893	
7	14.1, F	0.866	101.935	
7	69.1, F	0.154	101.977	
7	51.3, F	0.129	102.019	
7	45.6, F	0.127	102.060	
7	181.1, F	0.97	102.102	
7	26.7, F	0.167	102.144	
7	19.3, F	0.218	102.185	
7	353.1, F	0.191	102.227	
7	305.0, F	0.094	102.269	
7	285.6, F	0.201	102.311	
7	276.9, F	0.306	102.352	
7	276.0, F	0.456	102.394	
7	79.3, F	0.211	102.436	
7	277.8, F	0.811	102.477	
7	18.0, F	0.171	102.519	
7	181.1, F	0.846	102.561	
7	5.5, F	0.189	102.602	
7	9.5, F	0.219	102.644	
7	6.3, F	0.182	102.686	
7	6.0, F	0.24	102.728	
7	183.0, F	0.664	102.769	
7	357.9, F	0.279	102.811	
7	1.1, F	0.305	102.853	
7	186.4, F	0.671	102.894	
7	354.2, F	0.299	102.936	
7	354.8, F	0.383	102.978	
7	186.0, F	0.523	103.020	
7	354.4, F	0.422	103.061	
7	356.4, F	0.435	103.103	
7	194.2, F	0.549	103.145	
7	58.5, F	0.922	103.186	
7	200.3, F	0.59	103.228	
7	328.6, F	0.43	103.270	
7	208.8, F	0.619	103.312	
7	322.0, F	0.412	103.353	
7	46.5, F	0.738	103.395	
7	224.3, F	0.719	103.437	
7	38.9, F	0.618	103.478	
7	228.9, F	0.823	103.520	
7	35.8, F	0.52	103.562	
7	157.7, F	0.633	103.603	
7	295.2, F	0.771	103.645	
7	159.7, F	0.61	103.687	
7	27.3, F	0.501	103.729	
7	25.5, F	0.481	103.770	
7	235.4, F	0.919	103.812	
7	25.6, F	0.433	103.854	
7	176.0, F	0.657	103.895	
7	17.3, F	0.296	103.937	
7	3.1, F	0.225	103.979	
7	189.7, F	0.831	104.021	
7	334.9, F	0.203	104.062	
7	316.9, F	0.212	104.104	
7	274.9, F	0.224	104.146	
7	264.5, F	0.239	104.187	
7	74.2, F	0.441	104.229	
7	261.5, F	0.223	104.271	
7	258.5, F	0.235	104.313	
7	83.6, F	0.447	104.354	
7	255.5, F	0.191	104.396	
7	250.8, F	0.17	104.438	
7	69.1, F	0.515	104.479	
7	284.8, F	0.094	104.521	
7	325.0, F	0.131	104.563	
7	341.7, F	0.118	104.605	
7	4.2, F	0.178	104.646	
7	192.2, F	0.746	104.688	
7	353.3, F	0.259	104.730	
7	53.9, F	0.725	104.771	
7	194.4, F	0.495	104.813	
7	345.4, F	0.484	104.855	
7	201.8, F	0.418	104.896	
7	348.0, F	0.506	104.938	
7	213.0, F	0.371	104.980	
7	29.0, F	0.708	105.022	
7	237.3, F	0.359	105.063	
7	110.3, F	0.423	105.105	
7	244.8, F	0.406	105.147	
7	93.7, F	0.341	105.188	
7	326.2, F	0.771	105.230	
7	100.4, F	0.333	105.272	
7	250.4, F	0.504	105.314	
7	110.1, F	0.314	105.355	
7	121.3, F	0.266	105.397	
7	247.6, F	0.571	105.439	
7	15.1, F	0.845	105.480	
7	122.4, F	0.269	105.522	
7	238.5, F	0.565	105.564	
7	129.7, F	0.351	105.605	
7	128.8, F	0.386	105.647	
7	313.1, F	0.448	105.689	
7	135.6, F	0.467	105.731	
7	308.0, F	0.472	105.772	
7	151.2, F	0.533	105.814	
7	279.9, F	0.593	105.856	
7	55.1, F	0.294	105.897	
7	71.1, F	0.25	105.939	
7	100.4, F	0.21	105.981	
7	262.1, F	0.588	106.023	
7	73.6, F	0.269	106.064	
7	81.5, F	0.304	106.106	
7	262.9, F	0.228	106.148	
7	69.0, F	0.412	106.189	
7	197.8, F	0.901	106.231	
7	270.5, F	0.124	106.273	
7	64.8, F	0.495	106.315	
7	245.0, F	0.111	106.356	
7	251.0, F	0.105	106.398	
7	249.0, F	0.139	106.440	
7	247.8, F	0.106	106.481	
7	76.8, F	0.434	106.523	
7	249.6, F	0.146	106.565	
7	253.6, F	0.134	106.606	
7	265.8, F	0.206	106.648	
7	87.1, F	0.429	106.690	
7	255.1, F	0.261	106.732	
7	253.1, F	0.286	106.773	
7	93.5, F	0.43	106.815	
7	254.2, F	0.322	106.857	
7	93.1, F	0.404	106.898	
7	259.0, F	0.326	106.940	
7	343.2, F	0.632	106.982	
7	91.1, F	0.37	107.024	
7	261.9, F	0.485	107.065	
7	89.2, F	0.297	107.107	
7	264.3, F	0.661	107.149	
7	98.3, F	0.283	107.190	
7	108.9, F	0.247	107.232	
7	108.6, F	0.213	107.274	
7	257.0, F	0.909	107.316	
7	125.2, F	0.166	107.357	
7	13.9, F	0.793	107.399	
7	152.1, F	0.094	107.441	
7	231.7, F	0.279	107.482	
7	222.7, F	0.328	107.524	
7	240.6, F	0.356	107.566	
7	106.5, F	0.557	107.608	
7	336.0, F	0.607	107.649	
7	250.1, F	0.462	107.691	
7	107.1, F	0.498	107.733	
7	258.0, F	0.428	107.774	
7	115.2, F	0.498	107.816	
7	339.6, F	0.692	107.858	
7	107.6, F	0.512	107.899	
7	251.2, F	0.401	107.941	
7	248.0, F	0.19	107.983	
7	98.9, F	0.614	108.025	
7	245.6, F	0.128	108.066	
7	354.4, F	0.729	108.108	
7	251.0, F	0.095	108.150	
7	None	0	108.191	
7	None	0	108.233	
7	None	0	108.275	0.12599999999999056
7	99.7, F	0.569	108.317	
7	243.3, F	0.234	108.358	
7	239.7, F	0.265	108.400	
7	263.0, F	0.288	108.442	
7	91.2, F	0.477	108.483	
7	258.9, F	0.308	108.525	
7	94.4, F	0.496	108.567	
7	258.8, F	0.191	108.608	
7	284.3, F	0.13	108.650	
7	293.8, F	0.111	108.692	
7	288.6, F	0.129	108.734	
7	88.8, F	0.604	108.775	
7	265.2, F	0.157	108.817	
7	247.7, F	0.137	108.859	
7	243.8, F	0.138	108.900	
7	226.8, F	0.137	108.942	
7	353.9, F	0.638	108.984	
7	100.5, F	0.651	109.026	
7	200.6, F	0.182	109.067	
7	197.7, F	0.211	109.109	
7	171.1, F	0.175	109.151	
7	318.8, F	0.311	109.192	
7	301.2, F	0.27	109.234	
7	146.7, F	0.811	109.276	
7	262.1, F	0.621	109.318	
7	88.5, F	0.465	109.359	
7	278.7, F	0.476	109.401	
7	92.1, F	0.471	109.443	
7	256.9, F	0.611	109.484	
7	115.4, F	0.496	109.526	
7	244.8, F	0.619	109.568	
7	36.2, F	0.845	109.609	
7	240.3, F	0.655	109.651	
7	126.9, F	0.453	109.693	
7	131.5, F	0.431	109.735	
7	314.4, F	0.803	109.776	
7	139.8, F	0.443	109.818	
7	149.8, F	0.523	109.860	
7	321.5, F	0.795	109.901	
7	39.9, F	0.438	109.943	
7	161.7, F	0.684	109.985	
7	290.7, F	0.798	110.027	
7	59.0, F	0.349	110.068	
7	160.6, F	0.734	110.110	
7	139.6, F	0.24	110.152	
7	276.8, F	0.487	110.193	
7	91.4, F	0.398	110.235	
7	270.9, F	0.444	110.277	
7	95.5, F	0.416	110.319	
7	263.4, F	0.41	110.360	
7	100.6, F	0.422	110.402	
7	253.1, F	0.414	110.444	
7	107.0, F	0.456	110.485	
7	244.0, F	0.324	110.527	
7	51.0, F	0.848	110.569	
7	228.5, F	0.298	110.611	
7	204.7, F	0.194	110.652	
7	198.3, F	0.137	110.694	
7	2.6, F	0.693	110.736	
7	142.3, F	0.16	110.777	
7	148.5, F	0.279	110.819	
7	134.5, F	0.31	110.861	
7	115.9, F	0.343	110.902	
7	35.1, F	0.714	110.944	
7	226.2, F	0.501	110.986	
7	218.8, F	0.383	111.028	
7	44.8, F	0.822	111.069	
7	200.3, F	0.219	111.111	
7	129.2, F	0.125	111.153	
7	99.6, F	0.108	111.194	
7	66.7, F	0.134	111.236	
7	57.7, F	0.135	111.278	
7	357.2, F	0.144	111.320	
7	349.0, F	0.204	111.361	
7	339.0, F	0.266	111.403	
7	343.1, F	0.374	111.445	
7	182.0, F	0.657	111.486	
7	0.9, F	0.188	111.528	
7	2.2, F	0.181	111.570	
7	357.7, F	0.127	111.611	
7	174.0, F	0.779	111.653	
7	38.9, F	0.186	111.695	
7	66.3, F	0.159	111.737	
7	98.0, F	0.159	111.778	
7	112.2, F	0.275	111.820	
7	247.0, F	0.658	111.862	
7	119.6, F	0.395	111.903	
7	41.9, F	0.761	111.945	
7	233.2, F	0.474	111.987	
7	223.1, F	0.408	112.029	
7	59.4, F	0.764	112.070	
7	212.8, F	0.339	112.112	
7	214.4, F	0.26	112.154	
7	346.4, F	0.519	112.195	
7	115.6, F	0.735	112.237	
7	350.0, F	0.703	112.279	
7	275.4, F	0.117	112.321	
7	None	0	112.362	
7	None	0	112.404	
7	None	0	112.446	0.125
7	9.6, F	0.096	112.487	
7	39.8, F	0.141	112.529	
7	60.9, F	0.165	112.571	
7	69.0, F	0.153	112.612	
7	166.5, F	0.825	112.654	
7	84.6, F	0.244	112.696	
7	268.8, F	0.514	112.738	
7	81.1, F	0.259	112.779	
7	101.8, F	0.273	112.821	
7	256.1, F	0.376	112.863	
7	112.9, F	0.282	112.904	
7	112.3, F	0.297	112.946	
7	341.6, F	0.965	112.988	
7	93.8, F	0.366	113.030	
7	257.7, F	0.446	113.071	
7	85.7, F	0.426	113.113	
7	301.9, F	0.21	113.155	
7	338.1, F	0.244	113.196	
7	184.0, F	0.68	113.238	
7	69.5, F	0.622	113.280	
7	8.6, F	0.174	113.322	
7	8.3, F	0.153	113.363	
7	11.3, F	0.122	113.405	
7	178.3, F	0.704	113.447	
7	38.6, F	0.223	113.488	
7	36.9, F	0.216	113.530	
7	44.0, F	0.246	113.572	
7	283.2, F	0.956	113.614	
7	165.3, F	0.706	113.655	
7	56.8, F	0.207	113.697	
7	65.1, F	0.14	113.739	
7	57.5, F	0.138	113.780	
7	60.2, F	0.207	113.822	
7	59.0, F	0.208	113.864	
7	281.7, F	0.916	113.905	
7	163.4, F	0.708	113.947	
7	46.5, F	0.251	113.989	
7	54.0, F	0.286	114.031	
7	51.9, F	0.269	114.072	
7	283.6, F	0.914	114.114	
7	160.6, F	0.655	114.156	
7	53.3, F	0.286	114.197	
7	58.3, F	0.274	114.239	
7	54.8, F	0.253	114.281	
7	283.8, F	1.02	114.323	
7	169.6, F	0.681	114.364	
7	39.2, F	0.209	114.406	
7	44.8, F	0.218	114.448	
7	51.9, F	0.194	114.489	
7	29.8, F	0.205	114.531	
7	178.6, F	0.726	114.573	
7	33.9, F	0.161	114.614	
7	28.9, F	0.12	114.656	
7	49.0, F	0.122	114.698	
7	41.7, F	0.137	114.740	
7	277.7, F	1.176	114.781	
7	78.0, F	0.754	114.823	
7	173.7, F	0.734	114.865	
7	45.0, F	0.171	114.906	
7	42.9, F	0.156	114.948	
7	30.0, F	0.126	114.990	
7	None	0	115.032	0.04099999999999682
7	272.9, F	1.311	115.073	
7	90.8, F	0.647	115.115	
7	None	0	115.157	
7	None	0	115.198	
7	None	0	115.240	
7	None	0	115.282	0.1670000000000016
7	168.4, F	0.125	115.324	
7	180.6, F	0.177	115.365	
7	197.5, F	0.179	115.407	
7	196.0, F	0.171	115.449	
7	214.0, F	0.313	115.490	
7	344.4, F	0.466	115.532	
7	216.1, F	0.381	115.574	
7	46.5, F	0.514	115.615	
7	215.2, F	0.525	115.657	
7	57.5, F	0.415	115.699	
7	217.2, F	0.596	115.741	
7	56.7, F	0.364	115.782	
7	271.9, F	0.571	115.824	
7	74.1, F	0.182	115.866	
7	83.0, F	0.139	115.907	
7	115.3, F	0.105	115.949	
7	249.9, F	0.988	115.991	
7	176.4, F	0.256	116.033	
7	180.3, F	0.407	116.074	
7	354.3, F	0.331	116.116	
7	186.6, F	0.453	116.158	
7	347.9, F	0.225	116.199	
7	75.0, F	0.721	116.241	
7	185.1, F	0.885	116.283	
7	269.5, F	0.111	116.325	
7	237.8, F	0.118	116.366	
7	237.5, F	0.117	116.408	
7	218.2, F	0.102	116.450	
7	192.5, F	0.236	116.491	
7	3.5, F	0.213	116.533	
7	189.1, F	0.369	116.575	
7	4.6, F	0.174	116.617	
7	25.2, F	0.132	116.658	
7	24.9, F	0.154	116.700	
7	175.6, F	0.477	116.742	
7	27.7, F	0.174	116.783	
7	94.9, F	0.165	116.825	
7	94.1, F	0.167	116.867	
7	101.5, F	0.15	116.908	
7	126.6, F	0.159	116.950	
7	142.0, F	0.237	116.992	
7	238.5, F	0.711	117.034	
7	145.4, F	0.252	117.075	
7	17.4, F	0.475	117.117	
7	169.4, F	0.445	117.159	
7	15.0, F	0.351	117.200	
7	184.1, F	0.519	117.242	
7	16.0, F	0.239	117.284	
7	285.6, F	1.039	117.326	
7	175.6, F	0.601	117.367	
7	27.8, F	0.232	117.409	
7	23.4, F	0.217	117.451	
7	18.3, F	0.217	117.492	
7	177.4, F	0.571	117.534	
7	34.4, F	0.23	117.576	
7	44.1, F	0.171	117.617	
7	58.7, F	0.233	117.659	
7	167.9, F	0.884	117.701	
7	91.7, F	0.169	117.743	
7	262.5, F	0.623	117.784	
7	104.3, F	0.219	117.826	
7	103.5, F	0.218	117.868	
7	105.1, F	0.207	117.909	
7	333.6, F	0.907	117.951	
7	111.5, F	0.213	117.993	
7	113.6, F	0.232	118.035	
7	262.6, F	0.409	118.076	
7	103.8, F	0.239	118.118	
7	93.0, F	0.282	118.160	
7	272.6, F	0.314	118.201	
7	98.2, F	0.338	118.243	
7	265.7, F	0.307	118.285	
7	94.8, F	0.37	118.327	
7	289.7, F	0.223	118.368	
7	309.9, F	0.224	118.410	
7	72.8, F	0.386	118.452	
7	327.4, F	0.217	118.493	
7	335.9, F	0.191	118.535	
7	188.6, F	0.641	118.577	
7	348.4, F	0.283	118.618	
7	46.6, F	0.592	118.660	
7	208.6, F	0.474	118.702	
7	340.4, F	0.418	118.744	
7	207.5, F	0.388	118.785	
7	36.8, F	0.802	118.827	
7	226.2, F	0.266	118.869	
7	217.6, F	0.285	118.910	
7	38.7, F	0.721	118.952	
7	193.5, F	0.454	118.994	
7	185.4, F	0.428	119.036	
7	1.6, F	0.329	119.077	
7	177.7, F	0.442	119.119	
7	17.4, F	0.429	119.161	
7	15.3, F	0.52	119.202	
7	161.8, F	0.272	119.244	
7	151.7, F	0.165	119.286	
7	215.3, F	0.151	119.328	
7	355.7, F	0.691	119.369	
7	199.1, F	0.223	119.411	
7	193.6, F	0.115	119.453	
7	None	0	119.494	
7	None	0	119.536	
7	None	0	119.578	0.12600000000000477
7	33.5, F	0.196	119.620	
7	30.4, F	0.219	119.661	
7	25.7, F	0.309	119.703	
7	149.9, F	0.315	119.745	
7	295.8, F	0.802	119.786	
7	113.7, F	0.361	119.828	
7	110.6, F	0.387	119.870	
7	331.9, F	0.667	119.911	
7	104.7, F	0.52	119.953	
7	263.3, F	0.265	119.995	
7	289.2, F	0.201	120.037	
7	82.1, F	0.708	120.078	
7	350.1, F	0.209	120.120	
7	25.3, F	0.269	120.162	
7	31.2, F	0.379	120.203	
7	142.2, F	0.421	120.245	
7	338.6, F	0.512	120.287	
7	108.7, F	0.843	120.329	
7	132.4, F	0.205	120.370	
7	17.7, F	1.139	120.412	
7	198.0, F	0.962	120.454	
7	80.3, F	0.975	120.495	
7	62.9, F	0.274	120.537	
7	278.8, F	0.321	120.579	
7	74.6, F	0.566	120.621	
7	58.9, F	0.321	120.662	
7	71.6, F	0.504	120.704	
7	339.7, F	0.147	120.746	
7	161.5, F	0.4	120.787	
7	68.9, F	0.495	120.829	
7	73.2, F	0.575	120.871	
7	187.7, F	0.479	120.912	
7	75.7, F	0.158	120.954	
7	84.8, F	0.572	120.996	
7	88.9, F	0.711	121.038	
7	127.3, F	0.221	121.079	
7	133.5, F	0.248	121.121	
7	114.9, F	0.963	121.163	
7	None	0	121.204	0.04200000000000159
7	172.4, F	0.765	121.246	
7	338.0, F	0.36	121.288	
7	91.2, F	1.667	121.330	
7	83.9, F	1.52	121.371	
7	97.9, F	0.3	121.413	
7	80.2, F	1.703	121.455	
7	133.7, F	1.818	121.496	
7	28.3, F	0.236	121.538	
7	118.2, F	0.44	121.580	
7	62.3, F	1.165	121.621	
7	127.0, F	1.023	121.663	
7	129.4, F	0.616	121.705	
7	146.2, F	0.657	121.747	
7	309.8, F	0.202	121.788	
7	259.2, F	0.166	121.830	
7	223.8, F	0.137	121.872	
7	97.2, F	0.635	121.913	
7	165.1, F	0.435	121.955	
7	173.6, F	0.463	121.997	
7	89.0, F	0.673	122.039	
7	215.5, F	0.315	122.080	
7	207.3, F	0.186	122.122	
7	81.6, F	0.58	122.164	
7	74.4, F	0.869	122.205	
7	142.3, F	0.322	122.247	
7	127.0, F	0.683	122.289	
7	101.2, F	1.832	122.331	
7	124.8, F	1.008	122.372	
7	92.6, F	2.985	122.414	
7	160.3, F	0.407	122.456	
7	33.3, F	0.404	122.497	
7	50.2, F	0.425	122.539	
7	213.7, F	2.351	122.581	
7	None	0	122.623	0.04099999999999682
7	112.1, F	0.705	122.664	
7	74.9, F	0.715	122.706	
7	119.0, F	0.729	122.748	
7	17.1, F	0.606	122.789	
7	93.6, F	1.846	122.831	
