5	None	0	0.042	
5	None	0	0.083	0.08299999999999999
5	38.6, F	0.127	0.125	
5	12.5, F	0.166	0.167	
5	2.2, F	0.234	0.209	
5	171.8, F	0.413	0.250	
5	338.4, F	0.334	0.292	
5	340.8, F	0.291	0.334	
5	191.5, F	0.437	0.375	
5	68.0, F	0.663	0.417	
5	207.6, F	0.411	0.459	
5	317.2, F	0.444	0.500	
5	308.3, F	0.473	0.542	
5	125.1, F	0.6	0.584	
5	306.5, F	0.62	0.626	
5	125.1, F	0.397	0.667	
5	251.0, F	0.581	0.709	
5	30.8, F	0.573	0.751	
5	126.0, F	0.486	0.792	
5	249.3, F	0.751	0.834	
5	9.4, F	0.399	0.876	
5	172.8, F	0.389	0.918	
5	1.7, F	0.436	0.959	
5	119.5, F	0.215	1.001	
5	326.3, F	0.685	1.043	
5	240.9, F	0.484	1.084	
5	144.8, F	0.493	1.126	
5	288.5, F	0.179	1.168	
5	21.7, F	0.57	1.210	
5	258.1, F	0.299	1.251	
5	271.0, F	0.28	1.293	
5	91.1, F	0.591	1.335	
5	271.1, F	0.32	1.376	
5	274.9, F	0.268	1.418	
5	85.6, F	0.616	1.460	
5	268.1, F	0.269	1.502	
5	295.3, F	0.234	1.543	
5	86.8, F	0.618	1.585	
5	335.2, F	0.227	1.627	
5	196.6, F	0.865	1.668	
5	331.1, F	0.375	1.710	
5	58.9, F	0.869	1.752	
5	344.1, F	0.41	1.793	
5	196.0, F	0.601	1.835	
5	345.6, F	0.366	1.877	
5	195.9, F	0.431	1.919	
5	345.8, F	0.478	1.960	
5	188.3, F	0.352	2.002	
5	348.8, F	0.676	2.044	
5	115.9, F	0.679	2.085	
5	209.3, F	0.259	2.127	
5	351.2, F	0.696	2.169	
5	217.5, F	0.178	2.211	
5	211.1, F	0.227	2.252	
5	219.6, F	0.166	2.294	
5	108.4, F	0.591	2.336	
5	285.9, F	0.116	2.377	
5	None	0	2.419	
5	None	0	2.461	0.08299999999999974
5	277.9, F	0.152	2.502	
5	304.9, F	0.226	2.544	
5	283.3, F	0.191	2.586	
5	78.6, F	0.542	2.628	
5	276.0, F	0.372	2.669	
5	303.1, F	0.395	2.711	
5	62.7, F	0.406	2.753	
5	295.2, F	0.338	2.794	
5	60.5, F	0.38	2.836	
5	218.6, F	0.63	2.878	
5	42.9, F	0.448	2.920	
5	42.4, F	0.493	2.961	
5	207.4, F	0.367	3.003	
5	218.7, F	0.233	3.045	
5	47.6, F	0.796	3.086	
5	216.1, F	0.141	3.128	
5	178.8, F	0.098	3.170	
5	None	0	3.212	0.040999999999999925
5	111.8, F	0.232	3.253	
5	127.8, F	0.295	3.295	
5	24.8, F	0.467	3.337	
5	251.7, F	0.586	3.378	
5	126.0, F	0.702	3.420	
5	300.9, F	0.861	3.462	
5	129.9, F	0.735	3.503	
5	41.6, F	0.542	3.545	
5	274.0, F	0.245	3.587	
5	301.6, F	0.339	3.629	
5	95.5, F	0.849	3.670	
5	341.3, F	0.289	3.712	
5	4.4, F	0.297	3.754	
5	35.0, F	0.474	3.795	
5	132.8, F	0.797	3.837	
5	339.3, F	1.054	3.879	
5	72.5, F	0.332	3.921	
5	0.9, F	0.331	3.962	
5	134.7, F	0.594	4.004	
5	10.6, F	0.401	4.046	
5	134.9, F	0.663	4.087	
5	17.4, F	1.061	4.129	
5	347.6, F	0.743	4.171	
5	131.6, F	0.713	4.213	
5	356.4, F	1.389	4.254	
5	141.4, F	0.871	4.296	
5	326.1, F	0.761	4.338	
5	350.3, F	0.458	4.379	
5	347.5, F	0.942	4.421	
5	139.4, F	1.184	4.463	
5	345.6, F	0.83	4.505	
5	190.4, F	0.365	4.546	
5	6.3, F	0.155	4.588	
5	14.5, F	0.39	4.630	
5	23.0, F	0.414	4.671	
5	45.0, F	0.767	4.713	
5	349.9, F	0.907	4.755	
5	81.8, F	1.173	4.796	
5	305.0, F	0.377	4.838	
5	61.0, F	1.166	4.880	
5	57.3, F	0.67	4.922	
5	343.4, F	0.671	4.963	
5	79.9, F	0.252	5.005	
5	8.5, F	1.278	5.047	
5	6.4, F	0.711	5.088	
5	105.9, F	0.16	5.130	
5	119.7, F	0.163	5.172	
5	311.3, F	0.447	5.214	
5	52.9, F	0.476	5.255	
5	328.6, F	0.647	5.297	
5	67.3, F	0.303	5.339	
5	334.5, F	0.513	5.380	
5	105.2, F	0.688	5.422	
5	0.6, F	1.399	5.464	
5	142.5, F	0.173	5.505	
5	11.8, F	0.455	5.547	
5	F	0.712	5.589	
5	8.5, F	0.236	5.631	
5	11.1, F	0.498	5.672	
5	11.5, F	1.438	5.714	
5	268.4, F	0.669	5.756	
5	45.8, F	0.374	5.797	
5	31.0, F	0.442	5.839	
5	325.4, F	1.028	5.881	
5	67.6, F	0.326	5.923	
5	29.7, F	0.454	5.964	
5	135.9, F	0.354	6.006	
5	312.4, F	0.371	6.048	
5	69.5, F	1.279	6.089	
5	320.4, F	0.886	6.131	
5	358.7, F	0.524	6.173	
5	114.6, F	0.484	6.215	
5	355.8, F	1.154	6.256	
5	82.2, F	1.076	6.298	
5	267.3, F	0.512	6.340	
5	65.0, F	1.27	6.381	
5	6.2, F	0.681	6.423	
5	124.4, F	0.441	6.465	
5	352.6, F	0.218	6.506	
5	17.0, F	0.669	6.548	
5	20.2, F	0.803	6.590	
5	64.9, F	0.379	6.632	
5	52.3, F	0.69	6.673	
5	250.7, F	0.46	6.715	
5	76.0, F	0.822	6.757	
5	331.0, F	0.483	6.798	
5	352.1, F	0.741	6.840	
5	11.1, F	0.715	6.882	
5	100.1, F	0.166	6.924	
5	69.2, F	0.394	6.965	
5	320.2, F	0.541	7.007	
5	24.5, F	1.362	7.049	
5	345.1, F	0.838	7.090	
5	21.2, F	0.119	7.132	
5	10.3, F	0.64	7.174	
5	49.8, F	0.52	7.216	
5	43.2, F	0.637	7.257	
5	221.0, F	0.191	7.299	
5	76.8, F	1.142	7.341	
5	326.9, F	0.577	7.382	
5	33.4, F	1.183	7.424	
5	340.0, F	0.425	7.466	
5	160.9, F	0.202	7.507	
5	63.9, F	0.468	7.549	
5	51.6, F	0.752	7.591	
5	340.3, F	0.947	7.633	
5	341.4, F	0.418	7.674	
5	88.5, F	1.263	7.716	
5	292.8, F	0.703	7.758	
5	25.4, F	0.444	7.799	
5	27.3, F	0.598	7.841	
5	57.3, F	0.459	7.883	
5	351.1, F	0.989	7.925	
5	171.6, F	0.157	7.966	
5	89.1, F	0.197	8.008	
5	22.9, F	0.862	8.050	
5	80.9, F	0.372	8.091	
5	322.5, F	0.643	8.133	
5	39.8, F	0.841	8.175	
5	342.5, F	0.534	8.217	
5	352.2, F	0.592	8.258	
5	13.9, F	0.898	8.300	
5	42.4, F	0.573	8.342	
5	7.4, F	1.632	8.383	
5	81.9, F	0.271	8.425	
5	294.9, F	0.782	8.467	
5	33.9, F	0.428	8.508	
5	120.1, F	0.323	8.550	
5	15.7, F	0.923	8.592	
5	256.9, F	0.541	8.634	
5	67.6, F	0.361	8.675	
5	331.1, F	0.372	8.717	
5	141.5, F	0.834	8.759	
5	359.5, F	0.471	8.800	
5	13.4, F	0.271	8.842	
5	174.3, F	0.283	8.884	
5	13.3, F	0.605	8.926	
5	126.5, F	0.195	8.967	
5	119.6, F	0.257	9.009	
5	130.4, F	0.184	9.051	
5	249.7, F	1.33	9.092	
5	75.6, F	0.584	9.134	
5	306.3, F	0.265	9.176	
5	204.4, F	1.02	9.218	
5	104.8, F	0.172	9.259	
5	88.5, F	0.151	9.301	
5	262.6, F	0.722	9.343	
5	340.8, F	0.941	9.384	
5	239.6, F	0.208	9.426	
5	111.2, F	0.581	9.468	
5	239.0, F	0.349	9.509	
5	255.3, F	0.515	9.551	
5	122.6, F	0.295	9.593	
5	134.8, F	0.179	9.635	
5	308.9, F	0.918	9.676	
5	154.7, F	0.475	9.718	
5	153.2, F	0.368	9.760	
5	14.8, F	0.587	9.801	
5	149.4, F	0.31	9.843	
5	137.3, F	0.416	9.885	
5	316.9, F	0.961	9.927	
5	134.7, F	0.494	9.968	
5	136.0, F	0.514	10.010	
5	88.5, F	19.162	10.052	
5	170.7, F	0.887	10.093	
5	71.0, F	1.321	10.135	
5	159.5, F	1.502	10.177	
5	224.6, F	0.792	10.219	
5	9.9, F	0.77	10.260	
5	112.9, F	0.283	10.302	
5	144.9, F	2.578	10.344	
5	207.5, F	1.088	10.385	
5	144.0, F	2.575	10.427	
5	288.4, F	0.177	10.469	
5	148.9, F	3.127	10.511	
5	127.1, F	0.772	10.552	
5	142.7, F	1.858	10.594	
5	144.9, F	0.506	10.636	
5	158.4, F	1.59	10.677	
5	92.8, F	0.646	10.719	
5	220.5, F	0.964	10.761	
5	146.7, F	1.97	10.802	
5	170.5, F	0.533	10.844	
5	148.3, F	1.629	10.886	
5	158.2, F	1.389	10.928	
5	193.6, F	1.561	10.969	
5	90.0, F	1.71	11.011	
5	167.2, F	1.531	11.053	
5	248.5, F	0.978	11.094	
5	110.2, F	1.568	11.136	
5	192.8, F	1.928	11.178	
5	85.7, F	1.518	11.220	
5	182.7, F	1.621	11.261	
5	208.7, F	1.101	11.303	
5	94.9, F	1.323	11.345	
5	180.2, F	1.918	11.386	
5	71.8, F	0.377	11.428	
5	152.1, F	2.104	11.470	
5	36.8, F	0.628	11.511	
5	179.6, F	1.959	11.553	
5	152.9, F	1.047	11.595	
5	124.8, F	0.92	11.637	
5	157.8, F	1.185	11.678	
5	100.8, F	0.818	11.720	
5	160.0, F	0.707	11.762	
5	166.2, F	1.448	11.803	
5	354.7, F	0.227	11.845	
5	128.8, F	1.036	11.887	
5	149.3, F	1.557	11.929	
5	154.2, F	0.133	11.970	
5	149.9, F	0.827	12.012	
5	165.3, F	1.787	12.054	
5	115.1, F	0.883	12.095	
5	174.6, F	1.592	12.137	
5	71.5, F	0.425	12.179	
5	135.3, F	0.771	12.221	
5	151.3, F	1.6	12.262	
5	138.9, F	0.502	12.304	
5	118.5, F	0.715	12.346	
5	137.7, F	0.983	12.387	
5	168.7, F	1.217	12.429	
5	201.7, F	1.023	12.471	
5	112.9, F	0.79	12.512	
5	166.9, F	1.161	12.554	
5	163.6, F	0.738	12.596	
5	268.8, F	0.247	12.638	
5	140.8, F	0.582	12.679	
5	171.3, F	1.779	12.721	
5	103.7, F	0.313	12.763	
5	157.0, F	0.826	12.804	
5	199.8, F	1.064	12.846	
5	122.0, F	1.212	12.888	
5	170.3, F	1.453	12.930	
5	115.3, F	0.229	12.971	
5	213.3, F	0.578	13.013	
5	160.3, F	1.602	13.055	
5	13.9, F	0.278	13.096	
5	91.0, F	0.221	13.138	
5	137.1, F	0.419	13.180	
5	147.6, F	0.865	13.222	
5	258.1, F	0.441	13.263	
5	125.8, F	0.729	13.305	
5	200.3, F	0.737	13.347	
5	179.8, F	0.884	13.388	
5	138.3, F	0.43	13.430	
5	163.9, F	1.004	13.472	
5	117.9, F	0.894	13.513	
5	167.2, F	1.858	13.555	
5	189.3, F	0.723	13.597	
5	100.7, F	0.761	13.639	
5	169.7, F	0.657	13.680	
5	104.2, F	0.466	13.722	
5	222.9, F	0.382	13.764	
5	200.6, F	0.332	13.805	
5	148.0, F	1.002	13.847	
5	None	0	13.889	0.041999999999999815
5	164.4, F	0.443	13.931	
5	55.9, F	0.287	13.972	
5	85.5, F	0.295	14.014	
5	226.3, F	0.885	14.056	
5	137.8, F	0.362	14.097	
5	182.4, F	0.264	14.139	
5	103.5, F	0.141	14.181	
5	190.4, F	0.992	14.223	
5	29.0, F	0.456	14.264	
5	184.6, F	1.355	14.306	
5	7.6, F	0.324	14.348	
5	2.1, F	1.105	14.389	
5	189.3, F	8.301	14.431	
5	194.0, F	0.604	14.473	
5	223.9, F	0.231	14.514	
5	196.6, F	1.143	14.556	
5	141.0, F	0.919	14.598	
5	258.2, F	0.259	14.640	
5	202.2, F	0.71	14.681	
5	152.0, F	1.766	14.723	
5	None	0	14.765	0.04099999999999859
5	145.3, F	0.476	14.806	
5	215.4, F	1.279	14.848	
5	171.4, F	1.204	14.890	
5	33.1, F	0.611	14.932	
5	170.9, F	0.915	14.973	
5	193.8, F	0.525	15.015	
5	229.0, F	1.44	15.057	
5	112.2, F	0.294	15.098	
5	208.9, F	1.441	15.140	
5	250.6, F	0.219	15.182	
5	224.4, F	0.259	15.224	
5	214.0, F	0.87	15.265	
5	99.7, F	0.458	15.307	
5	346.5, F	0.283	15.349	
5	175.1, F	1.51	15.390	
5	287.0, F	1.088	15.432	
5	53.4, F	0.893	15.474	
5	182.8, F	0.87	15.515	
5	230.6, F	0.389	15.557	
5	223.9, F	0.683	15.599	
5	113.0, F	2.262	15.641	
5	305.0, F	0.431	15.682	
5	52.9, F	1.137	15.724	
5	192.1, F	0.401	15.766	
5	190.9, F	0.438	15.807	
5	270.0, F	0.685	15.849	
5	168.7, F	1.086	15.891	
5	238.5, F	1.434	15.933	
5	299.5, F	0.167	15.974	
5	178.3, F	0.798	16.016	
5	193.9, F	0.436	16.058	
5	70.8, F	0.722	16.099	
5	240.6, F	1.287	16.141	
5	31.0, F	1.287	16.183	
5	140.2, F	0.709	16.225	
5	210.1, F	0.557	16.266	
5	197.3, F	0.601	16.308	
5	317.9, F	0.372	16.350	
5	74.3, F	1.121	16.391	
5	315.2, F	0.233	16.433	
5	188.4, F	1.0	16.475	
5	288.4, F	0.152	16.517	
5	70.1, F	0.215	16.558	
5	174.3, F	0.42	16.600	
5	63.3, F	1.028	16.642	
5	16.4, F	0.827	16.683	
5	193.1, F	0.571	16.725	
5	229.3, F	1.608	16.767	
5	41.8, F	0.36	16.808	
5	None	0	16.850	
5	None	0	16.892	0.08399999999999963
5	194.4, F	0.31	16.934	
5	117.6, F	0.144	16.975	
5	124.5, F	0.186	17.017	
5	113.3, F	0.346	17.059	
5	324.9, F	0.874	17.100	
5	110.8, F	0.606	17.142	
5	226.2, F	0.455	17.184	
5	119.8, F	1.017	17.226	
5	350.4, F	0.661	17.267	
5	186.9, F	0.391	17.309	
5	7.5, F	0.501	17.351	
5	164.5, F	0.468	17.392	
5	34.7, F	0.411	17.434	
5	155.1, F	0.522	17.476	
5	304.3, F	0.679	17.517	
5	131.4, F	0.626	17.559	
5	315.7, F	0.488	17.601	
5	130.2, F	0.988	17.643	
5	318.3, F	0.329	17.684	
5	330.8, F	0.172	17.726	
5	332.6, F	0.176	17.768	
5	185.8, F	0.889	17.809	
5	80.5, F	0.831	17.851	
5	None	0	17.893	0.04199999999999804
5	190.2, F	0.181	17.935	
5	195.3, F	0.151	17.976	
5	181.5, F	0.26	18.018	
5	355.7, F	0.373	18.060	
5	173.0, F	0.56	18.101	
5	14.8, F	0.31	18.143	
5	26.4, F	0.243	18.185	
5	173.4, F	0.857	18.227	
5	25.7, F	0.341	18.268	
5	287.9, F	0.674	18.310	
5	45.7, F	0.511	18.352	
5	113.3, F	0.607	18.393	
5	345.8, F	0.949	18.435	
5	234.6, F	0.19	18.477	
5	None	0	18.518	0.04199999999999804
5	142.1, F	0.114	18.560	
5	135.9, F	0.181	18.602	
5	142.7, F	0.233	18.644	
5	123.2, F	0.214	18.685	
5	124.5, F	0.229	18.727	
5	120.1, F	0.272	18.769	
5	23.5, F	0.773	18.810	
5	250.8, F	0.69	18.852	
5	77.4, F	0.589	18.894	
5	287.7, F	0.262	18.936	
5	78.8, F	0.683	18.977	
5	310.2, F	0.16	19.019	
5	None	0	19.061	0.04100000000000037
5	82.6, F	0.109	19.102	
5	97.1, F	0.193	19.144	
5	83.0, F	0.272	19.186	
5	290.3, F	0.573	19.228	
5	153.7, F	1.026	19.269	
5	301.2, F	0.482	19.311	
5	75.8, F	0.569	19.353	
5	322.1, F	0.469	19.394	
5	61.5, F	0.76	19.436	
5	195.6, F	0.578	19.478	
5	330.5, F	0.455	19.520	
5	190.0, F	0.356	19.561	
5	357.1, F	0.643	19.603	
5	176.5, F	0.264	19.645	
5	175.1, F	0.221	19.686	
5	6.0, F	0.827	19.728	
5	147.3, F	0.122	19.770	
5	144.8, F	0.146	19.811	
5	103.4, F	0.138	19.853	
5	93.0, F	0.153	19.895	
5	100.2, F	0.152	19.937	
5	77.7, F	0.226	19.978	
5	135.3, F	18.189	20.020	
5	97.8, F	0.259	20.062	
5	162.9, F	0.34	20.103	
5	350.9, F	0.264	20.145	
5	287.5, F	0.179	20.187	
5	None	0	20.229	0.04100000000000037
5	186.0, F	1.162	20.270	
5	7.5, F	1.042	20.312	
5	19.8, F	0.821	20.354	
5	69.2, F	0.242	20.395	
5	213.4, F	0.663	20.437	
5	174.6, F	0.307	20.479	
5	14.8, F	0.322	20.520	
5	194.4, F	1.088	20.562	
5	223.7, F	0.19	20.604	
5	339.0, F	0.527	20.646	
5	112.3, F	0.401	20.687	
5	86.4, F	0.484	20.729	
5	263.1, F	0.125	20.771	
5	48.2, F	0.488	20.812	
5	292.8, F	0.302	20.854	
5	22.5, F	0.753	20.896	
5	307.5, F	0.21	20.938	
5	246.2, F	0.573	20.979	
5	132.8, F	0.357	21.021	
5	250.5, F	0.53	21.063	
5	100.0, F	0.346	21.104	
5	268.8, F	0.625	21.146	
5	95.3, F	0.42	21.188	
5	69.5, F	0.446	21.230	
5	275.4, F	0.487	21.271	
5	92.5, F	0.161	21.313	
5	352.9, F	0.735	21.355	
5	187.2, F	0.288	21.396	
5	189.6, F	0.257	21.438	
5	50.0, F	1.193	21.480	
5	193.8, F	0.239	21.521	
5	209.7, F	0.18	21.563	
5	96.5, F	27.298	21.605	
5	69.8, F	1.343	21.647	
5	101.8, F	0.988	21.688	
5	109.9, F	1.549	21.730	
5	255.0, F	0.209	21.772	
5	56.9, F	1.479	21.813	
5	171.2, F	1.021	21.855	
5	84.3, F	1.768	21.897	
5	104.6, F	1.211	21.939	
5	214.2, F	0.533	21.980	
5	85.5, F	0.781	22.022	
5	83.1, F	0.914	22.064	
5	96.0, F	1.532	22.105	
5	30.0, F	0.461	22.147	
5	210.9, F	0.671	22.189	
5	120.3, F	1.928	22.231	
5	67.4, F	0.747	22.272	
5	143.5, F	1.188	22.314	
5	132.5, F	0.646	22.356	
5	147.2, F	1.854	22.397	
5	150.8, F	1.853	22.439	
5	2.2, F	1.749	22.481	
5	111.8, F	0.89	22.523	
5	125.9, F	2.332	22.564	
5	133.9, F	0.407	22.606	
5	140.4, F	1.14	22.648	
5	125.4, F	0.102	22.689	
5	102.8, F	1.585	22.731	
5	None	0	22.773	0.04100000000000037
5	154.5, F	1.203	22.814	
5	62.1, F	1.618	22.856	
5	97.6, F	1.922	22.898	
5	128.8, F	0.723	22.940	
5	50.3, F	0.413	22.981	
5	118.8, F	1.233	23.023	
5	80.9, F	1.762	23.065	
5	144.6, F	0.207	23.106	
5	83.2, F	1.35	23.148	
5	246.2, F	0.28	23.190	
5	93.5, F	2.252	23.232	
5	150.9, F	0.479	23.273	
5	119.1, F	0.923	23.315	
5	129.0, F	0.753	23.357	
5	79.1, F	1.813	23.398	
5	47.1, F	0.438	23.440	
5	125.5, F	1.043	23.482	
5	57.0, F	1.164	23.523	
5	113.9, F	0.834	23.565	
5	104.3, F	0.733	23.607	
5	146.6, F	2.143	23.649	
5	84.1, F	1.045	23.690	
5	87.6, F	1.582	23.732	
5	156.2, F	0.28	23.774	
5	92.7, F	1.835	23.815	
5	115.7, F	0.415	23.857	
5	124.1, F	0.649	23.899	
5	73.0, F	1.299	23.941	
5	109.5, F	1.409	23.982	
5	7.9, F	0.565	24.024	
5	90.5, F	1.941	24.066	
5	86.1, F	0.545	24.107	
5	82.2, F	1.631	24.149	
5	47.1, F	0.323	24.191	
5	76.5, F	1.918	24.233	
5	98.1, F	1.089	24.274	
5	109.9, F	0.769	24.316	
5	33.9, F	0.922	24.358	
5	88.8, F	2.268	24.399	
5	46.7, F	0.354	24.441	
5	87.1, F	0.705	24.483	
5	124.0, F	0.792	24.524	
5	67.3, F	2.458	24.566	
5	137.1, F	0.137	24.608	
5	82.4, F	1.04	24.650	
5	80.6, F	0.897	24.691	
5	76.5, F	1.713	24.733	
5	100.3, F	1.754	24.775	
5	28.2, F	0.76	24.816	
5	84.1, F	1.412	24.858	
5	48.7, F	0.836	24.900	
5	88.8, F	1.632	24.942	
5	66.4, F	0.36	24.983	
5	53.2, F	0.687	25.025	
5	36.9, F	1.984	25.067	
5	69.5, F	0.653	25.108	
5	23.6, F	0.668	25.150	
5	62.3, F	1.358	25.192	
5	52.4, F	2.264	25.234	
5	89.1, F	0.428	25.275	
5	63.2, F	1.106	25.317	
5	34.4, F	1.176	25.359	
5	61.4, F	1.36	25.400	
5	79.8, F	0.755	25.442	
5	46.3, F	0.658	25.484	
5	52.8, F	1.446	25.525	
5	47.1, F	0.57	25.567	
5	93.9, F	1.306	25.609	
5	69.7, F	0.861	25.651	
5	49.4, F	1.014	25.692	
5	73.5, F	1.569	25.734	
5	55.6, F	1.771	25.776	
5	42.9, F	0.563	25.817	
5	54.5, F	1.568	25.859	
5	72.6, F	2.097	25.901	
5	75.6, F	0.814	25.943	
5	52.2, F	0.84	25.984	
5	87.0, F	0.417	26.026	
5	66.9, F	1.848	26.068	
5	24.7, F	1.182	26.109	
5	16.4, F	0.946	26.151	
5	40.4, F	1.113	26.193	
5	43.5, F	1.548	26.235	
5	43.6, F	1.309	26.276	
5	77.8, F	1.629	26.318	
5	65.4, F	0.374	26.360	
5	46.0, F	2.446	26.401	
5	60.7, F	0.546	26.443	
5	9.3, F	0.905	26.485	
5	62.9, F	0.996	26.526	
5	43.2, F	1.925	26.568	
5	99.0, F	1.037	26.610	
5	32.1, F	1.506	26.652	
5	121.6, F	0.336	26.693	
5	51.0, F	2.359	26.735	
5	73.5, F	0.587	26.777	
5	62.0, F	1.495	26.818	
5	19.1, F	0.254	26.860	
5	49.0, F	2.154	26.902	
5	21.1, F	0.934	26.944	
5	71.1, F	1.263	26.985	
5	77.1, F	0.867	27.027	
5	46.4, F	1.783	27.069	
5	49.9, F	1.283	27.110	
5	54.0, F	0.558	27.152	
5	24.6, F	0.57	27.194	
5	67.9, F	1.41	27.236	
5	30.3, F	1.555	27.277	
5	76.4, F	0.515	27.319	
5	74.6, F	1.196	27.361	
5	15.2, F	1.903	27.402	
5	77.1, F	1.31	27.444	
5	52.3, F	1.339	27.486	
5	42.3, F	0.762	27.527	
5	51.0, F	1.216	27.569	
5	19.0, F	1.606	27.611	
5	95.6, F	0.929	27.653	
5	68.4, F	0.671	27.694	
5	33.8, F	1.578	27.736	
5	29.0, F	0.983	27.778	
5	90.6, F	1.03	27.819	
5	53.2, F	1.13	27.861	
5	69.8, F	1.292	27.903	
5	30.5, F	1.464	27.945	
5	115.2, F	0.727	27.986	
5	17.2, F	1.164	28.028	
5	60.0, F	2.263	28.070	
5	118.4, F	0.587	28.111	
5	12.6, F	1.075	28.153	
5	61.4, F	1.085	28.195	
5	77.5, F	1.638	28.237	
5	59.2, F	1.301	28.278	
5	307.7, F	0.431	28.320	
5	61.5, F	1.465	28.362	
5	10.6, F	1.33	28.403	
5	57.8, F	1.194	28.445	
5	46.2, F	0.584	28.487	
5	56.9, F	1.514	28.528	
5	44.1, F	1.954	28.570	
5	356.0, F	0.984	28.612	
5	30.1, F	0.85	28.654	
5	89.7, F	1.026	28.695	
5	42.8, F	1.732	28.737	
5	30.6, F	1.366	28.779	
5	123.0, F	0.491	28.820	
5	0.1, F	1.001	28.862	
5	57.2, F	1.697	28.904	
5	57.5, F	1.168	28.946	
5	95.8, F	0.556	28.987	
5	95.0, F	1.295	29.029	
5	19.0, F	1.924	29.071	
5	90.1, F	1.324	29.112	
5	21.1, F	0.568	29.154	
5	28.9, F	1.484	29.196	
5	47.8, F	1.779	29.238	
5	98.8, F	0.925	29.279	
5	15.4, F	1.469	29.321	
5	97.9, F	1.287	29.363	
5	37.9, F	1.028	29.404	
5	43.4, F	1.523	29.446	
5	106.2, F	0.651	29.488	
5	3.9, F	1.284	29.529	
5	75.9, F	1.328	29.571	
5	25.0, F	1.684	29.613	
5	104.6, F	0.369	29.655	
5	25.4, F	2.079	29.696	
5	65.3, F	1.677	29.738	
5	354.0, F	0.523	29.780	
5	60.5, F	0.613	29.821	
5	57.6, F	1.473	29.863	
5	66.4, F	1.558	29.905	
5	355.4, F	1.428	29.947	
5	98.6, F	0.269	29.988	
5	72.1, F	1.039	30.030	
5	43.0, F	1.859	30.072	
5	59.6, F	1.278	30.113	
5	68.6, F	0.751	30.155	
5	38.5, F	0.938	30.197	
5	44.6, F	1.233	30.239	
5	81.2, F	0.676	30.280	
5	65.7, F	1.589	30.322	
5	45.6, F	0.192	30.364	
5	56.3, F	1.789	30.405	
5	58.9, F	1.339	30.447	
5	23.8, F	1.336	30.489	
5	125.6, F	0.204	30.530	
5	80.5, F	1.47	30.572	
5	358.6, F	0.954	30.614	
5	43.8, F	0.59	30.656	
5	22.3, F	1.458	30.697	
5	57.1, F	2.13	30.739	
5	89.1, F	0.464	30.781	
5	27.4, F	0.541	30.822	
5	22.9, F	1.167	30.864	
5	50.7, F	2.064	30.906	
5	114.7, F	0.192	30.948	
5	22.4, F	1.735	30.989	
5	93.9, F	0.266	31.031	
5	64.7, F	1.737	31.073	
5	26.2, F	0.397	31.114	
5	232.6, F	6.301	31.156	
5	48.2, F	1.341	31.198	
5	63.3, F	1.344	31.240	
5	90.1, F	0.814	31.281	
5	2.9, F	0.824	31.323	
5	113.0, F	0.628	31.365	
5	54.2, F	2.423	31.406	
5	81.3, F	0.95	31.448	
5	60.9, F	0.709	31.490	
5	0.3, F	1.21	31.531	
5	57.9, F	1.286	31.573	
5	102.7, F	0.723	31.615	
5	49.9, F	0.378	31.657	
5	69.0, F	0.834	31.698	
5	3.7, F	0.706	31.740	
5	39.7, F	0.968	31.782	
5	0.6, F	0.413	31.823	
5	12.2, F	0.763	31.865	
5	57.0, F	0.969	31.907	
5	None	0	31.949	0.04099999999999682
5	41.2, F	0.33	31.990	
5	39.9, F	0.772	32.032	
5	70.0, F	0.974	32.074	
5	0.6, F	0.807	32.115	
5	36.7, F	0.211	32.157	
5	37.6, F	0.446	32.199	
5	344.8, F	0.9	32.241	
5	94.3, F	0.871	32.282	
5	40.5, F	0.18	32.324	
5	33.3, F	0.364	32.366	
5	354.1, F	0.83	32.407	
5	91.1, F	0.862	32.449	
5	66.3, F	3.067	32.491	
5	92.8, F	0.124	32.532	
5	114.8, F	0.217	32.574	
5	15.0, F	0.803	32.616	
5	243.2, F	1.181	32.658	
5	78.9, F	0.76	32.699	
5	262.5, F	0.284	32.741	
5	90.6, F	0.684	32.783	
5	325.7, F	0.107	32.824	
5	228.8, F	1.198	32.866	
5	60.1, F	0.185	32.908	
5	80.1, F	0.163	32.950	
5	87.0, F	0.27	32.991	
5	108.2, F	0.199	33.033	
5	253.9, F	0.586	33.075	
5	103.2, F	0.506	33.116	
5	104.7, F	0.594	33.158	
5	226.6, F	0.33	33.200	
5	0.5, F	0.44	33.242	
5	188.4, F	0.582	33.283	
5	4.1, F	0.223	33.325	
5	169.7, F	0.8	33.367	
5	65.3, F	0.28	33.408	
5	93.6, F	0.316	33.450	
5	102.5, F	0.328	33.492	
5	246.0, F	0.539	33.533	
5	112.6, F	0.81	33.575	
5	349.8, F	0.73	33.617	
5	190.9, F	0.385	33.659	
5	155.0, F	0.322	33.700	
5	63.6, F	0.939	33.742	
5	205.9, F	0.417	33.784	
5	9.8, F	0.786	33.825	
5	98.4, F	0.348	33.867	
5	92.5, F	0.766	33.909	
5	12.4, F	0.237	33.951	
5	9.3, F	0.65	33.992	
5	113.5, F	0.397	34.034	
5	84.0, F	0.871	34.076	
5	12.7, F	0.291	34.117	
5	35.2, F	0.57	34.159	
5	240.0, F	0.461	34.201	
5	42.3, F	1.472	34.243	
5	30.8, F	0.228	34.284	
5	149.7, F	0.551	34.326	
5	328.2, F	0.768	34.368	
5	88.7, F	1.013	34.409	
5	62.1, F	0.216	34.451	
5	53.5, F	0.519	34.493	
5	310.8, F	0.364	34.535	
5	193.6, F	0.475	34.576	
5	57.7, F	1.239	34.618	
5	248.3, F	0.734	34.660	
5	32.8, F	0.906	34.701	
5	106.7, F	0.808	34.743	
5	191.1, F	0.156	34.785	
5	153.1, F	0.219	34.826	
5	97.8, F	0.421	34.868	
5	297.0, F	0.163	34.910	
5	86.0, F	0.993	34.952	
5	58.8, F	0.24	34.993	
5	290.6, F	0.404	35.035	
5	88.6, F	1.053	35.077	
5	95.4, F	0.354	35.118	
5	238.2, F	0.469	35.160	
5	110.6, F	0.963	35.202	
5	70.9, F	0.838	35.244	
5	176.4, F	0.693	35.285	
5	54.7, F	0.462	35.327	
5	85.0, F	0.696	35.369	
5	69.5, F	0.379	35.410	
5	93.1, F	0.75	35.452	
5	71.0, F	0.166	35.494	
5	91.0, F	0.697	35.535	
5	82.9, F	0.734	35.577	
5	155.0, F	0.601	35.619	
5	61.5, F	0.895	35.661	
5	6.9, F	0.766	35.702	
5	74.3, F	1.22	35.744	
5	45.7, F	1.037	35.786	
5	39.2, F	0.264	35.827	
5	48.3, F	0.853	35.869	
5	64.1, F	0.733	35.911	
5	59.3, F	1.524	35.953	
5	334.1, F	0.225	35.994	
5	37.6, F	0.749	36.036	
5	75.1, F	1.34	36.078	
5	49.4, F	1.104	36.119	
5	86.8, F	0.325	36.161	
5	84.2, F	0.811	36.203	
5	60.2, F	0.819	36.245	
5	10.6, F	0.646	36.286	
5	114.8, F	0.541	36.328	
5	None	0	36.370	0.04100000000000392
5	66.9, F	1.052	36.411	
5	34.1, F	0.649	36.453	
5	118.7, F	0.957	36.495	
5	25.2, F	0.821	36.536	
5	96.4, F	1.445	36.578	
5	None	0	36.620	0.04200000000000159
5	75.6, F	0.735	36.662	
5	88.3, F	1.195	36.703	
5	90.8, F	1.53	36.745	
5	59.7, F	0.273	36.787	
5	82.9, F	0.922	36.828	
5	78.7, F	0.57	36.870	
5	109.1, F	0.805	36.912	
5	54.7, F	1.725	36.954	
5	328.5, F	0.203	36.995	
5	57.9, F	0.751	37.037	
5	93.4, F	1.978	37.079	
5	87.7, F	0.515	37.120	
5	31.3, F	0.437	37.162	
5	52.8, F	1.089	37.204	
5	61.0, F	1.175	37.246	
5	41.5, F	1.092	37.287	
5	50.4, F	0.414	37.329	
5	52.5, F	1.061	37.371	
5	58.9, F	1.141	37.412	
5	88.8, F	0.575	37.454	
5	73.9, F	1.237	37.496	
5	338.7, F	0.545	37.538	
5	92.2, F	1.951	37.579	
5	21.1, F	1.076	37.621	
5	8.8, F	0.169	37.663	
5	122.4, F	0.78	37.704	
5	55.9, F	2.074	37.746	
5	34.2, F	0.534	37.788	
5	104.4, F	1.027	37.829	
5	91.3, F	0.71	37.871	
5	71.4, F	1.105	37.913	
5	54.5, F	1.031	37.955	
5	124.5, F	0.636	37.996	
5	13.8, F	0.867	38.038	
5	89.5, F	1.776	38.080	
5	61.0, F	0.509	38.121	
5	71.9, F	1.086	38.163	
5	116.5, F	0.765	38.205	
5	46.0, F	1.383	38.247	
5	93.7, F	0.694	38.288	
5	83.6, F	1.159	38.330	
5	315.9, F	0.401	38.372	
5	96.6, F	1.834	38.413	
5	21.2, F	1.223	38.455	
5	183.2, F	0.527	38.497	
5	27.9, F	0.96	38.538	
5	83.6, F	1.762	38.580	
5	23.8, F	0.764	38.622	
5	91.9, F	0.913	38.664	
5	57.5, F	0.474	38.705	
5	62.8, F	1.798	38.747	
5	77.8, F	0.146	38.789	
5	78.8, F	0.851	38.830	
5	48.5, F	0.47	38.872	
5	65.0, F	1.56	38.914	
5	104.2, F	0.142	38.956	
5	80.1, F	0.782	38.997	
5	72.2, F	0.235	39.039	
5	92.4, F	0.961	39.081	
5	95.2, F	0.552	39.122	
5	96.6, F	0.926	39.164	
5	110.8, F	0.565	39.206	
5	91.2, F	0.64	39.248	
5	79.7, F	1.297	39.289	
5	17.4, F	0.154	39.331	
5	84.1, F	0.661	39.373	
5	104.0, F	2.318	39.414	
5	236.4, F	0.312	39.456	
5	46.9, F	0.693	39.498	
5	138.7, F	0.232	39.539	
5	2.3, F	3.691	39.581	
5	29.9, F	1.154	39.623	
5	136.7, F	9.465	39.665	
5	104.0, F	4.033	39.706	
5	113.0, F	5.432	39.748	
5	65.7, F	8.008	39.790	
5	265.4, F	0.714	39.831	
5	117.8, F	2.929	39.873	
5	345.9, F	3.159	39.915	
5	141.4, F	2.078	39.957	
5	174.3, F	0.322	39.998	
5	88.0, F	0.98	40.040	
5	68.0, F	3.201	40.082	
5	46.3, F	1.342	40.123	
5	94.8, F	0.593	40.165	
5	100.3, F	0.953	40.207	
5	92.5, F	1.282	40.249	
5	60.8, F	0.221	40.290	
5	89.8, F	0.795	40.332	
5	86.9, F	1.733	40.374	
5	101.1, F	0.854	40.415	
5	118.2, F	0.305	40.457	
5	104.6, F	1.022	40.499	
5	129.0, F	0.532	40.541	
5	82.7, F	1.53	40.582	
5	173.9, F	0.133	40.624	
5	112.2, F	0.506	40.666	
5	120.0, F	1.139	40.707	
5	138.4, F	1.495	40.749	
5	240.1, F	0.662	40.791	
5	65.4, F	1.099	40.832	
5	159.8, F	0.966	40.874	
5	96.7, F	1.404	40.916	
5	17.6, F	1.009	40.958	
5	156.4, F	0.557	40.999	
5	110.0, F	1.089	41.041	
5	126.3, F	1.089	41.083	
5	83.8, F	0.404	41.124	
5	72.5, F	1.613	41.166	
5	177.3, F	0.519	41.208	
5	80.9, F	1.008	41.250	
5	278.2, F	10.846	41.291	
5	94.9, F	0.201	41.333	
5	92.7, F	0.887	41.375	
5	105.2, F	1.237	41.416	
5	101.7, F	0.832	41.458	
5	314.3, F	0.185	41.500	
5	150.5, F	1.109	41.541	
5	82.8, F	2.096	41.583	
5	193.3, F	0.937	41.625	
5	63.9, F	0.763	41.667	
5	183.4, F	0.301	41.708	
5	178.5, F	1.886	41.750	
5	78.2, F	1.108	41.792	
5	85.6, F	0.771	41.833	
5	194.5, F	0.734	41.875	
5	169.3, F	2.187	41.917	
5	95.2, F	1.207	41.959	
5	56.9, F	0.981	42.000	
5	173.4, F	0.948	42.042	
5	129.1, F	1.005	42.084	
5	264.8, F	6.503	42.125	
5	110.4, F	0.676	42.167	
5	171.9, F	0.687	42.209	
5	82.5, F	0.93	42.251	
5	90.2, F	0.635	42.292	
5	209.7, F	0.25	42.334	
5	92.7, F	1.728	42.376	
5	122.1, F	0.86	42.417	
5	34.4, F	0.142	42.459	
5	87.0, F	0.781	42.501	
5	140.1, F	0.439	42.542	
5	121.2, F	1.207	42.584	
5	105.0, F	0.673	42.626	
5	200.7, F	0.268	42.668	
5	155.9, F	0.458	42.709	
5	138.2, F	1.344	42.751	
5	166.3, F	0.578	42.793	
5	36.7, F	1.221	42.834	
5	184.7, F	0.615	42.876	
5	84.9, F	0.602	42.918	
5	133.1, F	1.072	42.960	
5	175.9, F	1.05	43.001	
5	90.5, F	0.733	43.043	
5	120.3, F	1.062	43.085	
5	186.1, F	1.374	43.126	
5	164.5, F	0.874	43.168	
5	186.4, F	0.189	43.210	
5	160.8, F	1.468	43.252	
5	99.7, F	0.843	43.293	
5	191.3, F	0.558	43.335	
5	165.1, F	1.186	43.377	
5	149.4, F	1.531	43.418	
5	313.5, F	0.105	43.460	
5	173.3, F	0.698	43.502	
5	157.0, F	0.926	43.544	
5	138.8, F	1.109	43.585	
5	195.2, F	0.386	43.627	
5	178.4, F	0.66	43.669	
5	91.2, F	0.233	43.710	
5	116.4, F	0.955	43.752	
5	127.1, F	0.227	43.794	
5	86.6, F	0.601	43.835	
5	212.9, F	0.699	43.877	
5	149.6, F	1.828	43.919	
5	24.7, F	0.409	43.961	
5	201.8, F	0.849	44.002	
5	174.5, F	0.969	44.044	
5	88.1, F	1.077	44.086	
5	164.9, F	0.479	44.127	
5	277.8, F	0.904	44.169	
5	126.3, F	0.368	44.211	
5	176.1, F	1.071	44.253	
5	164.5, F	0.508	44.294	
5	175.9, F	0.789	44.336	
5	166.9, F	0.221	44.378	
5	181.0, F	1.17	44.419	
5	184.8, F	0.639	44.461	
5	204.5, F	0.137	44.503	
5	202.4, F	0.594	44.544	
5	198.0, F	0.459	44.586	
5	195.3, F	0.896	44.628	
5	232.8, F	0.223	44.670	
5	122.8, F	0.789	44.711	
5	319.2, F	0.411	44.753	
5	198.3, F	0.742	44.795	
5	317.3, F	0.173	44.836	
5	98.7, F	0.91	44.878	
5	170.4, F	0.694	44.920	
5	27.4, F	0.211	44.962	
5	278.6, F	0.468	45.003	
5	147.5, F	1.346	45.045	
5	28.8, F	0.365	45.087	
5	152.5, F	0.955	45.128	
5	84.9, F	0.762	45.170	
5	126.1, F	0.2	45.212	
5	123.0, F	0.985	45.254	
5	58.3, F	0.156	45.295	
5	78.7, F	0.614	45.337	
5	142.3, F	0.188	45.379	
5	109.2, F	1.123	45.420	
5	166.2, F	0.661	45.462	
5	62.3, F	0.841	45.504	
5	170.9, F	0.941	45.545	
5	102.1, F	0.844	45.587	
5	175.9, F	0.297	45.629	
5	47.2, F	0.462	45.671	
5	131.0, F	1.229	45.712	
5	98.0, F	0.621	45.754	
5	218.4, F	0.153	45.796	
5	154.1, F	0.32	45.837	
5	40.6, F	0.708	45.879	
5	117.4, F	1.205	45.921	
5	52.1, F	0.502	45.963	
5	207.5, F	0.598	46.004	
5	6.0, F	0.2	46.046	
5	105.0, F	0.676	46.088	
5	103.0, F	0.886	46.129	
5	142.6, F	0.277	46.171	
5	126.8, F	0.663	46.213	
5	9.2, F	0.564	46.255	
5	140.6, F	0.978	46.296	
5	79.6, F	1.004	46.338	
5	55.9, F	0.489	46.380	
5	176.8, F	0.735	46.421	
5	39.4, F	0.492	46.463	
5	61.7, F	0.717	46.505	
5	197.5, F	0.46	46.547	
5	15.0, F	0.985	46.588	
5	73.0, F	0.517	46.630	
5	59.2, F	0.694	46.672	
5	208.2, F	0.311	46.713	
5	12.6, F	1.135	46.755	
5	33.4, F	1.116	46.797	
5	332.0, F	0.211	46.838	
5	17.2, F	0.396	46.880	
5	74.4, F	0.389	46.922	
5	80.4, F	0.461	46.964	
5	285.0, F	0.486	47.005	
5	82.2, F	0.635	47.047	
5	315.8, F	0.317	47.089	
5	325.6, F	0.373	47.130	
5	129.8, F	0.932	47.172	
5	328.5, F	0.48	47.214	
5	236.7, F	0.548	47.256	
5	34.3, F	0.789	47.297	
5	250.8, F	0.653	47.339	
5	115.8, F	0.377	47.381	
5	261.3, F	0.865	47.422	
5	6.3, F	0.796	47.464	
5	165.7, F	0.158	47.506	
5	171.2, F	0.131	47.547	
5	269.4, F	0.194	47.589	
5	241.9, F	0.212	47.631	
5	89.5, F	0.663	47.673	
5	272.5, F	0.385	47.714	
5	276.2, F	0.473	47.756	
5	81.7, F	0.424	47.798	
5	273.8, F	0.593	47.839	
5	77.9, F	0.249	47.881	
5	109.4, F	0.187	47.923	
5	144.6, F	0.174	47.965	
5	260.1, F	0.898	48.006	
5	145.8, F	0.158	48.048	
5	209.1, F	0.269	48.090	
5	347.3, F	0.766	48.131	
5	113.8, F	0.862	48.173	
5	225.7, F	0.327	48.215	
5	227.9, F	0.394	48.257	
5	336.3, F	0.716	48.298	
5	118.9, F	0.781	48.340	
5	221.0, F	0.453	48.382	
5	332.6, F	0.679	48.423	
5	216.0, F	0.456	48.465	
5	49.4, F	0.873	48.507	
5	217.7, F	0.499	48.548	
5	211.6, F	0.581	48.590	
5	62.8, F	0.871	48.632	
5	212.8, F	0.541	48.674	
5	330.2, F	0.588	48.715	
5	201.9, F	0.626	48.757	
5	69.8, F	0.697	48.799	
5	297.5, F	0.383	48.840	
5	317.4, F	0.423	48.882	
5	130.1, F	1.052	48.924	
5	327.9, F	0.345	48.966	
5	325.0, F	0.309	49.007	
5	194.5, F	0.748	49.049	
5	316.6, F	0.224	49.091	
5	88.0, F	0.818	49.132	
5	297.9, F	0.192	49.174	
5	272.6, F	0.176	49.216	
5	None	0	49.258	
5	None	0	49.299	0.08299999999999841
5	155.9, F	0.103	49.341	
5	150.6, F	0.126	49.383	
5	143.8, F	0.281	49.424	
5	157.1, F	0.301	49.466	
5	7.3, F	0.661	49.508	
5	159.6, F	0.507	49.550	
5	142.7, F	0.691	49.591	
5	307.1, F	0.685	49.633	
5	48.6, F	0.658	49.675	
5	217.6, F	0.828	49.716	
5	71.1, F	0.657	49.758	
5	293.8, F	0.347	49.800	
5	200.0, F	0.844	49.841	
5	85.1, F	0.697	49.883	
5	249.3, F	0.28	49.925	
5	246.2, F	0.27	49.967	
5	226.5, F	0.289	50.008	
5	48.9, F	1.044	50.050	
5	185.4, F	0.503	50.092	
5	194.8, F	0.497	50.133	
5	4.8, F	0.409	50.175	
5	170.1, F	0.585	50.217	
5	51.1, F	0.379	50.259	
5	60.4, F	0.438	50.300	
5	290.9, F	0.539	50.342	
5	149.8, F	1.142	50.384	
5	276.0, F	0.289	50.425	
5	252.6, F	0.264	50.467	
5	94.5, F	0.764	50.509	
5	345.1, F	0.853	50.550	
5	214.4, F	0.342	50.592	
5	217.0, F	0.342	50.634	
5	114.1, F	0.851	50.676	
5	356.0, F	0.484	50.717	
5	177.2, F	0.594	50.759	
5	7.0, F	0.426	50.801	
5	175.6, F	0.688	50.842	
5	14.2, F	0.367	50.884	
5	22.3, F	0.303	50.926	
5	171.4, F	0.795	50.968	
5	283.9, F	0.843	51.009	
5	41.4, F	0.271	51.051	
5	33.1, F	0.319	51.093	
5	166.2, F	0.818	51.134	
5	43.4, F	0.359	51.176	
5	287.0, F	0.784	51.218	
5	58.9, F	0.354	51.260	
5	57.5, F	0.359	51.301	
5	149.9, F	0.833	51.343	
5	295.8, F	0.623	51.385	
5	55.3, F	0.5	51.426	
5	303.9, F	0.626	51.468	
5	145.7, F	0.808	51.510	
5	306.4, F	0.645	51.551	
5	149.2, F	0.991	51.593	
5	288.0, F	0.49	51.635	
5	53.4, F	0.618	51.677	
5	284.5, F	0.497	51.718	
5	59.6, F	0.561	51.760	
5	208.3, F	0.974	51.802	
5	68.6, F	0.635	51.843	
5	308.3, F	0.442	51.885	
5	68.1, F	0.656	51.927	
5	300.7, F	0.423	51.969	
5	204.8, F	0.843	52.010	
5	71.8, F	0.688	52.052	
5	304.2, F	0.351	52.094	
5	302.4, F	0.321	52.135	
5	137.7, F	1.156	52.177	
5	295.5, F	0.214	52.219	
5	335.5, F	0.188	52.261	
5	341.4, F	0.216	52.302	
5	337.8, F	0.159	52.344	
5	334.0, F	0.174	52.386	
5	310.0, F	0.106	52.427	
5	183.8, F	0.899	52.469	
5	336.3, F	0.214	52.511	
5	313.1, F	0.17	52.552	
5	91.6, F	0.802	52.594	
5	261.2, F	0.19	52.636	
5	265.0, F	0.151	52.678	
5	263.7, F	0.147	52.719	
5	285.5, F	0.138	52.761	
5	257.5, F	0.166	52.803	
5	92.7, F	0.858	52.844	
5	251.8, F	0.144	52.886	
5	229.4, F	0.14	52.928	
5	241.4, F	0.125	52.970	
5	249.6, F	0.1	53.011	
5	234.3, F	0.206	53.053	
5	348.7, F	0.809	53.095	
5	100.6, F	0.814	53.136	
5	218.0, F	0.306	53.178	
5	220.2, F	0.335	53.220	
5	187.7, F	0.576	53.262	
5	337.2, F	0.357	53.303	
5	328.9, F	0.329	53.345	
5	194.7, F	0.707	53.387	
5	73.3, F	0.861	53.428	
5	307.6, F	0.246	53.470	
5	290.4, F	0.221	53.512	
5	261.9, F	0.207	53.553	
5	263.1, F	0.226	53.595	
5	95.8, F	0.77	53.637	
5	252.3, F	0.237	53.679	
5	235.5, F	0.354	53.720	
5	226.9, F	0.37	53.762	
5	121.7, F	0.724	53.804	
5	330.8, F	0.811	53.845	
5	224.3, F	0.544	53.887	
5	125.1, F	0.881	53.929	
5	329.7, F	0.556	53.971	
5	224.1, F	0.653	54.012	
5	34.1, F	0.854	54.054	
5	206.6, F	0.839	54.096	
5	64.0, F	0.662	54.137	
5	302.9, F	0.504	54.179	
5	140.6, F	0.893	54.221	
5	311.0, F	0.678	54.263	
5	46.7, F	0.588	54.304	
5	222.2, F	0.858	54.346	
5	50.9, F	0.554	54.388	
5	219.6, F	1.007	54.429	
5	60.9, F	0.357	54.471	
5	61.4, F	0.341	54.513	
5	283.5, F	0.73	54.554	
5	85.4, F	0.251	54.596	
5	93.8, F	0.195	54.638	
5	123.3, F	0.178	54.680	
5	265.8, F	0.864	54.721	
5	114.7, F	0.122	54.763	
5	149.8, F	0.149	54.805	
5	166.7, F	0.196	54.846	
5	168.3, F	0.162	54.888	
5	181.8, F	0.217	54.930	
5	358.7, F	0.697	54.972	
5	187.8, F	0.43	55.013	
5	191.8, F	0.353	55.055	
5	353.2, F	0.657	55.097	
5	199.8, F	0.372	55.138	
5	210.7, F	0.442	55.180	
5	56.2, F	0.885	55.222	
5	226.2, F	0.487	55.264	
5	334.5, F	0.767	55.305	
5	104.8, F	0.68	55.347	
5	233.7, F	0.436	55.389	
5	237.3, F	0.4	55.430	
5	39.4, F	1.066	55.472	
5	237.3, F	0.389	55.514	
5	235.2, F	0.352	55.555	
5	106.8, F	0.682	55.597	
5	242.5, F	0.411	55.639	
5	244.0, F	0.418	55.681	
5	37.4, F	0.99	55.722	
5	246.8, F	0.542	55.764	
5	F	0.553	55.806	
5	104.4, F	0.481	55.847	
5	107.6, F	0.454	55.889	
5	329.6, F	1.072	55.931	
5	99.0, F	0.404	55.973	
5	265.2, F	0.621	56.014	
5	103.6, F	0.311	56.056	
5	116.4, F	0.25	56.098	
5	261.4, F	0.752	56.139	
5	108.7, F	0.268	56.181	
5	106.9, F	0.251	56.223	
5	115.3, F	0.231	56.265	
5	260.0, F	0.816	56.306	
5	149.1, F	0.275	56.348	
5	8.1, F	0.728	56.390	
5	164.9, F	0.254	56.431	
5	173.1, F	0.29	56.473	
5	358.4, F	0.527	56.515	
5	179.3, F	0.434	56.556	
5	202.9, F	0.462	56.598	
5	349.3, F	0.494	56.640	
5	199.8, F	0.467	56.682	
5	347.7, F	0.499	56.723	
5	204.7, F	0.492	56.765	
5	54.7, F	0.946	56.807	
5	212.5, F	0.532	56.848	
5	331.8, F	0.64	56.890	
5	220.6, F	0.547	56.932	
5	46.9, F	0.853	56.974	
5	225.4, F	0.608	57.015	
5	126.2, F	0.594	57.057	
5	315.2, F	0.897	57.099	
5	131.9, F	0.49	57.140	
5	240.3, F	0.705	57.182	
5	30.7, F	0.742	57.224	
5	147.7, F	0.444	57.266	
5	244.4, F	0.931	57.307	
5	9.2, F	0.591	57.349	
5	182.9, F	0.411	57.391	
5	348.7, F	0.605	57.432	
5	194.9, F	0.478	57.474	
5	346.6, F	0.632	57.516	
5	114.3, F	0.852	57.557	
5	219.7, F	0.428	57.599	
5	335.4, F	0.742	57.641	
5	238.4, F	0.439	57.683	
5	111.6, F	0.633	57.724	
5	241.8, F	0.48	57.766	
5	29.9, F	1.03	57.808	
5	253.1, F	0.483	57.849	
5	255.6, F	0.463	57.891	
5	93.3, F	0.502	57.933	
5	268.5, F	0.485	57.975	
5	78.8, F	0.488	58.016	
5	272.9, F	0.528	58.058	
5	91.1, F	0.428	58.100	
5	90.1, F	0.427	58.141	
5	270.2, F	0.601	58.183	
5	95.6, F	0.388	58.225	
5	267.1, F	0.631	58.267	
5	105.4, F	0.267	58.308	
5	111.8, F	0.219	58.350	
5	266.6, F	0.77	58.392	
5	106.3, F	0.235	58.433	
5	111.4, F	0.23	58.475	
5	115.0, F	0.213	58.517	
5	130.0, F	0.235	58.558	
5	313.6, F	1.132	58.600	
5	126.9, F	0.25	58.642	
5	114.4, F	0.213	58.684	
5	100.3, F	0.202	58.725	
5	126.9, F	0.245	58.767	
5	258.9, F	0.823	58.809	
5	129.9, F	0.246	58.850	
5	11.1, F	0.872	58.892	
5	134.5, F	0.233	58.934	
5	150.2, F	0.275	58.976	
5	151.6, F	0.252	59.017	
5	159.2, F	0.344	59.059	
5	304.1, F	0.999	59.101	
5	157.1, F	0.466	59.142	
5	22.9, F	0.62	59.184	
5	144.2, F	0.566	59.226	
5	210.8, F	0.809	59.268	
5	64.4, F	0.578	59.309	
5	301.2, F	0.459	59.351	
5	72.6, F	0.671	59.393	
5	190.8, F	0.919	59.434	
5	None	0	59.476	
5	None	0	59.518	
5	None	0	59.559	0.125
5	81.2, F	0.249	59.601	
5	79.1, F	0.243	59.643	
5	96.1, F	0.246	59.685	
5	105.6, F	0.212	59.726	
5	270.9, F	0.874	59.768	
5	60.7, F	0.123	59.810	
5	None	0	59.851	
5	None	0	59.893	0.08400000000000318
5	249.0, F	0.207	59.935	
5	259.3, F	0.29	59.977	
5	95.3, F	0.672	60.018	
5	264.2, F	0.407	60.060	
5	270.7, F	0.621	60.102	
5	85.2, F	0.288	60.143	
5	76.3, F	0.233	60.185	
5	278.8, F	0.768	60.227	
5	53.0, F	0.369	60.269	
5	41.1, F	0.482	60.310	
5	45.5, F	0.441	60.352	
5	221.9, F	0.875	60.394	
5	56.8, F	0.675	60.435	
5	319.8, F	0.454	60.477	
5	130.7, F	0.976	60.519	
5	339.4, F	0.452	60.560	
5	197.4, F	0.371	60.602	
5	351.7, F	0.669	60.644	
5	180.9, F	0.365	60.686	
5	2.5, F	0.727	60.727	
5	149.9, F	0.206	60.769	
5	129.2, F	0.168	60.811	
5	124.6, F	0.164	60.852	
5	120.1, F	0.184	60.894	
5	128.0, F	0.162	60.936	
5	264.4, F	0.829	60.978	
5	67.2, F	0.266	61.019	
5	65.0, F	0.357	61.061	
5	74.2, F	0.415	61.103	
5	279.5, F	0.604	61.144	
5	73.7, F	0.402	61.186	
5	72.7, F	0.4	61.228	
5	281.9, F	0.589	61.270	
5	79.2, F	0.432	61.311	
5	277.9, F	0.538	61.353	
5	86.7, F	0.536	61.395	
5	204.9, F	0.916	61.436	
5	75.9, F	0.687	61.478	
5	295.6, F	0.308	61.520	
5	321.7, F	0.31	61.561	
5	306.1, F	0.178	61.603	
5	81.4, F	0.861	61.645	
5	321.5, F	0.226	61.687	
5	187.1, F	0.854	61.728	
5	351.0, F	0.148	61.770	
5	358.4, F	0.107	61.812	
5	3.9, F	0.116	61.853	
5	None	0	61.895	0.041999999999994486
5	117.4, F	0.159	61.937	
5	125.6, F	0.156	61.979	
5	136.1, F	0.179	62.020	
5	144.3, F	0.193	62.062	
5	258.9, F	0.916	62.104	
5	149.9, F	0.184	62.145	
5	5.3, F	0.807	62.187	
5	173.6, F	0.271	62.229	
5	176.3, F	0.341	62.271	
5	174.5, F	0.293	62.312	
5	4.9, F	0.705	62.354	
5	185.4, F	0.374	62.396	
5	183.4, F	0.353	62.437	
5	359.0, F	0.602	62.479	
5	180.5, F	0.428	62.521	
5	9.6, F	0.5	62.562	
5	169.3, F	0.531	62.604	
5	19.1, F	0.483	62.646	
5	155.2, F	0.566	62.688	
5	23.1, F	0.502	62.729	
5	234.1, F	0.94	62.771	
5	29.8, F	0.497	62.813	
5	150.9, F	0.587	62.854	
5	40.6, F	0.586	62.896	
5	220.5, F	0.639	62.938	
5	56.0, F	0.934	62.980	
5	200.0, F	0.558	63.021	
5	346.1, F	0.488	63.063	
5	198.1, F	0.448	63.105	
5	345.7, F	0.569	63.146	
5	190.4, F	0.3	63.188	
5	359.7, F	0.606	63.230	
5	171.1, F	0.375	63.272	
5	166.6, F	0.447	63.313	
5	11.4, F	0.524	63.355	
5	161.6, F	0.386	63.397	
5	25.4, F	0.6	63.438	
5	142.0, F	0.474	63.480	
5	123.5, F	0.501	63.522	
5	329.6, F	0.701	63.563	
5	220.3, F	0.353	63.605	
5	103.1, F	0.792	63.647	
5	344.4, F	0.78	63.689	
5	233.9, F	0.175	63.730	
5	239.6, F	0.166	63.772	
5	233.5, F	0.177	63.814	
5	93.5, F	0.791	63.855	
5	259.1, F	0.233	63.897	
5	263.6, F	0.244	63.939	
5	254.2, F	0.232	63.981	
5	300.0, F	0.226	64.022	
5	88.5, F	0.798	64.064	
5	315.0, F	0.161	64.106	
5	345.1, F	0.234	64.147	
5	4.1, F	0.279	64.189	
5	10.6, F	0.348	64.231	
5	174.4, F	0.484	64.273	
5	8.4, F	0.514	64.314	
5	174.5, F	0.479	64.356	
5	18.4, F	0.519	64.398	
5	191.8, F	0.293	64.439	
5	208.3, F	0.327	64.481	
5	343.9, F	0.78	64.523	
5	235.5, F	0.33	64.564	
5	270.6, F	0.269	64.606	
5	82.8, F	0.771	64.648	
5	331.7, F	0.261	64.690	
5	342.4, F	0.344	64.731	
5	178.3, F	0.697	64.773	
5	15.5, F	0.453	64.815	
5	7.2, F	0.564	64.856	
5	167.1, F	0.357	64.898	
5	16.0, F	0.642	64.940	
5	135.4, F	0.402	64.982	
5	246.9, F	0.591	65.023	
5	118.0, F	0.722	65.065	
5	352.5, F	0.65	65.107	
5	184.4, F	9.956	65.148	
5	130.0, F	0.451	65.190	
5	73.1, F	0.22	65.232	
5	109.8, F	0.856	65.274	
5	181.9, F	0.611	65.315	
5	181.2, F	1.526	65.357	
5	17.5, F	0.747	65.399	
5	166.6, F	1.255	65.440	
5	232.4, F	0.192	65.482	
5	149.4, F	0.375	65.524	
5	234.0, F	0.145	65.566	
5	166.5, F	1.654	65.607	
5	274.1, F	0.152	65.649	
5	195.9, F	0.656	65.691	
5	151.1, F	0.717	65.732	
5	185.0, F	1.286	65.774	
5	136.6, F	0.451	65.816	
5	78.5, F	0.609	65.857	
5	209.6, F	2.044	65.899	
5	75.4, F	0.582	65.941	
5	164.2, F	0.934	65.983	
5	22.4, F	0.746	66.024	
5	192.7, F	1.823	66.066	
5	57.9, F	0.814	66.108	
5	109.7, F	1.248	66.149	
5	199.1, F	0.824	66.191	
5	128.4, F	0.542	66.233	
5	153.9, F	0.114	66.275	
5	177.0, F	0.788	66.316	
5	126.4, F	0.738	66.358	
5	103.0, F	0.68	66.400	
5	160.3, F	1.282	66.441	
5	115.6, F	0.649	66.483	
5	181.0, F	0.164	66.525	
5	138.6, F	0.446	66.566	
5	140.9, F	1.495	66.608	
5	189.5, F	0.605	66.650	
5	None	0	66.692	0.04100000000001103
5	140.4, F	0.317	66.733	
5	154.0, F	1.002	66.775	
5	191.4, F	0.411	66.817	
5	13.8, F	0.268	66.858	
5	166.9, F	1.362	66.900	
5	68.0, F	0.658	66.942	
5	191.4, F	1.285	66.984	
5	52.7, F	0.891	67.025	
5	183.4, F	1.074	67.067	
5	171.6, F	0.929	67.109	
5	158.9, F	0.402	67.150	
5	167.2, F	0.984	67.192	
5	232.3, F	0.656	67.234	
5	152.0, F	0.863	67.276	
5	110.6, F	0.463	67.317	
5	196.6, F	0.895	67.359	
5	227.7, F	0.212	67.401	
5	153.2, F	1.672	67.442	
5	194.4, F	0.689	67.484	
5	189.3, F	0.298	67.526	
5	178.4, F	0.571	67.567	
5	166.5, F	0.561	67.609	
5	181.4, F	1.209	67.651	
5	10.0, F	0.334	67.693	
5	175.8, F	1.178	67.734	
5	162.4, F	1.142	67.776	
5	234.1, F	0.573	67.818	
5	94.0, F	0.442	67.859	
5	202.3, F	0.702	67.901	
5	159.6, F	2.223	67.943	
5	354.2, F	0.394	67.985	
5	177.7, F	1.271	68.026	
5	175.9, F	0.558	68.068	
5	161.5, F	0.641	68.110	
5	94.6, F	0.187	68.151	
5	235.2, F	1.017	68.193	
5	166.5, F	0.777	68.235	
5	175.9, F	0.339	68.277	
5	190.0, F	0.81	68.318	
5	239.2, F	0.265	68.360	
5	218.5, F	0.453	68.402	
5	42.4, F	0.246	68.443	
5	186.8, F	0.857	68.485	
5	218.7, F	0.174	68.527	
5	224.8, F	0.528	68.569	
5	236.9, F	0.873	68.610	
5	129.4, F	0.329	68.652	
5	172.3, F	0.665	68.694	
5	187.9, F	0.102	68.735	
5	178.6, F	1.181	68.777	
5	193.8, F	0.466	68.819	
5	279.6, F	0.222	68.860	
5	233.8, F	0.686	68.902	
5	221.6, F	1.317	68.944	
5	319.8, F	0.209	68.986	
5	239.0, F	0.303	69.027	
5	132.0, F	0.712	69.069	
5	244.2, F	0.97	69.111	
5	181.6, F	0.626	69.152	
5	152.5, F	0.219	69.194	
5	196.5, F	0.317	69.236	
5	191.9, F	0.745	69.278	
5	221.4, F	0.363	69.319	
5	232.4, F	0.483	69.361	
5	58.0, F	0.525	69.403	
5	200.3, F	1.131	69.444	
5	147.9, F	0.387	69.486	
5	24.3, F	0.721	69.528	
5	226.0, F	0.751	69.569	
5	44.8, F	0.471	69.611	
5	213.2, F	0.944	69.653	
5	102.5, F	0.283	69.695	
5	62.8, F	0.245	69.736	
5	291.3, F	0.534	69.778	
5	83.8, F	0.271	69.820	
5	78.0, F	0.292	69.861	
5	282.6, F	0.466	69.903	
5	87.4, F	0.378	69.945	
5	92.0, F	0.372	69.987	
5	273.7, F	0.291	70.028	
5	272.6, F	0.281	70.070	
5	140.5, F	0.9	70.112	
5	319.8, F	0.127	70.153	
5	None	0	70.195	
5	None	0	70.237	0.08400000000000318
5	74.7, F	0.234	70.279	
5	45.8, F	0.293	70.320	
5	74.6, F	0.359	70.362	
5	55.5, F	0.51	70.404	
5	209.2, F	0.661	70.445	
5	331.5, F	0.251	70.487	
5	72.8, F	0.963	70.529	
5	179.4, F	0.481	70.570	
5	18.9, F	0.204	70.612	
5	None	0	70.654	0.04200000000000159
5	139.6, F	0.14	70.696	
5	242.3, F	0.441	70.737	
5	130.7, F	0.586	70.779	
5	208.8, F	0.342	70.821	
5	90.6, F	0.604	70.862	
5	281.5, F	0.165	70.904	
5	182.6, F	0.559	70.946	
5	173.4, F	0.91	70.988	
5	175.3, F	0.341	71.029	
5	5.9, F	0.27	71.071	
5	170.6, F	1.433	71.113	
5	60.8, F	0.211	71.154	
5	152.9, F	0.356	71.196	
5	215.8, F	1.112	71.238	
5	156.9, F	0.47	71.280	
5	169.5, F	0.73	71.321	
5	157.5, F	0.293	71.363	
5	156.1, F	0.389	71.405	
5	250.0, F	0.788	71.446	
5	197.1, F	0.364	71.488	
5	185.4, F	0.69	71.530	
5	None	0	71.572	0.04099999999999682
5	193.7, F	0.613	71.613	
5	138.1, F	0.763	71.655	
5	262.2, F	0.311	71.697	
5	225.6, F	0.364	71.738	
5	147.7, F	0.907	71.780	
5	201.5, F	0.377	71.822	
5	205.3, F	0.554	71.863	
5	64.8, F	0.749	71.905	
5	228.4, F	0.369	71.947	
5	207.3, F	0.33	71.989	
5	209.8, F	0.695	72.030	
5	83.9, F	0.472	72.072	
5	215.3, F	1.184	72.114	
5	182.1, F	0.322	72.155	
5	184.2, F	0.758	72.197	
5	217.0, F	0.394	72.239	
5	198.3, F	1.295	72.281	
5	137.3, F	0.536	72.322	
5	272.8, F	0.831	72.364	
5	168.8, F	0.288	72.406	
5	183.7, F	0.928	72.447	
5	227.0, F	0.405	72.489	
5	208.2, F	0.804	72.531	
5	149.3, F	0.405	72.572	
5	240.4, F	1.015	72.614	
5	None	0	72.656	0.04199999999998738
5	212.5, F	0.505	72.698	
5	158.3, F	0.826	72.739	
5	235.1, F	0.891	72.781	
5	169.5, F	0.615	72.823	
5	286.2, F	0.111	72.864	
5	194.3, F	0.52	72.906	
5	188.9, F	1.427	72.948	
5	268.2, F	0.354	72.990	
5	140.2, F	0.703	73.031	
5	202.6, F	1.337	73.073	
5	145.2, F	0.417	73.115	
5	169.0, F	0.809	73.156	
5	237.4, F	0.84	73.198	
5	164.5, F	0.801	73.240	
5	173.5, F	0.533	73.282	
5	None	0	73.323	0.04200000000000159
5	215.4, F	0.25	73.365	
5	207.8, F	0.369	73.407	
5	197.2, F	1.147	73.448	
5	267.5, F	0.536	73.490	
5	137.0, F	0.158	73.532	
5	180.4, F	0.267	73.573	
5	301.2, F	0.511	73.615	
5	224.0, F	0.879	73.657	
5	None	0	73.699	0.04099999999999682
5	255.0, F	0.412	73.740	
5	263.0, F	1.356	73.782	
5	180.4, F	0.402	73.824	
5	313.8, F	0.517	73.865	
5	237.4, F	1.232	73.907	
5	271.6, F	0.806	73.949	
5	213.7, F	0.162	73.991	
5	255.4, F	0.645	74.032	
5	207.8, F	0.144	74.074	
5	261.6, F	1.085	74.116	
5	246.6, F	0.898	74.157	
5	339.0, F	0.59	74.199	
5	248.3, F	0.805	74.241	
5	281.1, F	0.773	74.283	
5	249.0, F	1.467	74.324	
5	49.0, F	0.363	74.366	
5	273.4, F	1.156	74.408	
5	236.8, F	0.44	74.449	
5	266.9, F	1.08	74.491	
5	248.0, F	0.636	74.533	
5	212.9, F	0.537	74.575	
5	273.3, F	1.761	74.616	
5	196.1, F	0.708	74.658	
5	286.5, F	0.834	74.700	
5	302.5, F	0.553	74.741	
5	273.0, F	1.488	74.783	
5	232.0, F	0.192	74.825	
5	284.5, F	0.777	74.866	
5	186.1, F	0.953	74.908	
5	287.6, F	1.24	74.950	
5	284.1, F	0.634	74.992	
5	279.5, F	1.09	75.033	
5	320.6, F	0.449	75.075	
5	259.4, F	0.434	75.117	
5	268.0, F	1.178	75.158	
5	324.9, F	0.591	75.200	
5	350.6, F	0.725	75.242	
5	287.4, F	1.292	75.284	
5	313.2, F	1.079	75.325	
5	265.0, F	0.416	75.367	
5	286.6, F	1.225	75.409	
5	311.2, F	1.575	75.450	
5	30.9, F	0.136	75.492	
5	325.6, F	0.795	75.534	
5	277.7, F	0.826	75.575	
5	283.4, F	1.506	75.617	
5	321.7, F	1.057	75.659	
5	254.4, F	0.443	75.701	
5	277.2, F	0.865	75.742	
5	290.0, F	1.112	75.784	
5	284.1, F	0.657	75.826	
5	344.8, F	0.374	75.867	
5	314.9, F	1.086	75.909	
5	276.9, F	1.502	75.951	
5	302.0, F	0.969	75.993	
5	268.4, F	0.442	76.034	
5	328.9, F	0.318	76.076	
5	295.6, F	1.701	76.118	
5	298.7, F	0.973	76.159	
5	326.9, F	0.777	76.201	
5	144.8, F	0.092	76.243	
5	291.1, F	1.906	76.285	
5	5.8, F	1.319	76.326	
5	216.4, F	0.452	76.368	
5	323.3, F	1.239	76.410	
5	338.0, F	0.854	76.451	
5	309.0, F	0.51	76.493	
5	355.7, F	0.872	76.535	
5	324.9, F	0.487	76.576	
5	301.6, F	1.059	76.618	
5	346.2, F	0.93	76.660	
5	321.5, F	0.538	76.702	
5	115.8, F	0.305	76.743	
5	327.2, F	1.937	76.785	
5	286.9, F	0.406	76.827	
5	12.4, F	0.549	76.868	
5	219.3, F	0.237	76.910	
5	340.0, F	1.488	76.952	
5	252.5, F	1.148	76.994	
5	253.9, F	0.527	77.035	
5	358.4, F	0.939	77.077	
5	297.7, F	0.701	77.119	
5	146.9, F	0.673	77.160	
5	303.0, F	1.011	77.202	
5	264.0, F	0.562	77.244	
5	None	0	77.286	0.04099999999999682
5	296.4, F	0.375	77.327	
5	307.8, F	0.403	77.369	
5	295.8, F	0.681	77.411	
5	13.7, F	0.531	77.452	
5	193.4, F	0.897	77.494	
5	None	0	77.536	
5	None	0	77.578	0.08299999999999841
5	188.6, F	0.1	77.619	
5	211.2, F	0.365	77.661	
5	200.3, F	0.6	77.703	
5	296.9, F	0.161	77.744	
5	77.8, F	0.722	77.786	
5	250.8, F	0.225	77.828	
5	238.4, F	0.269	77.869	
5	222.3, F	0.441	77.911	
5	126.8, F	0.802	77.953	
5	289.9, F	0.303	77.995	
5	293.5, F	0.364	78.036	
5	69.8, F	0.603	78.078	
5	224.6, F	1.001	78.120	
5	62.2, F	0.362	78.161	
5	288.2, F	0.759	78.203	
5	44.1, F	0.135	78.245	
5	322.1, F	0.172	78.287	
5	201.5, F	0.63	78.328	
5	310.4, F	0.411	78.370	
5	59.6, F	0.625	78.412	
5	217.2, F	0.847	78.453	
5	36.5, F	0.417	78.495	
5	288.1, F	0.762	78.537	
5	182.5, F	0.461	78.578	
5	313.9, F	0.306	78.620	
5	295.6, F	0.531	78.662	
5	151.3, F	0.614	78.704	
5	15.5, F	0.329	78.745	
5	285.0, F	0.894	78.787	
5	183.4, F	0.633	78.829	
5	302.7, F	0.3	78.870	
5	56.9, F	0.554	78.912	
5	296.5, F	0.729	78.954	
5	184.3, F	0.252	78.996	
5	328.8, F	0.388	79.037	
5	200.6, F	0.478	79.079	
5	328.9, F	0.583	79.121	
5	117.2, F	0.835	79.162	
5	318.4, F	0.605	79.204	
5	224.7, F	0.483	79.246	
5	128.5, F	0.805	79.288	
5	314.5, F	0.642	79.329	
5	317.6, F	0.68	79.371	
5	117.6, F	0.606	79.413	
5	235.9, F	0.534	79.454	
5	18.1, F	0.496	79.496	
5	116.9, F	0.276	79.538	
5	267.2, F	0.629	79.579	
5	30.6, F	0.102	79.621	
5	336.5, F	0.143	79.663	
5	328.4, F	0.299	79.705	
5	321.1, F	0.449	79.746	
5	224.7, F	0.37	79.788	
5	31.4, F	0.667	79.830	
5	266.1, F	0.415	79.871	
5	86.5, F	0.349	79.913	
5	283.0, F	0.705	79.955	
5	48.3, F	0.183	79.997	
5	29.2, F	0.221	80.038	
5	13.4, F	0.345	80.080	
5	159.2, F	0.273	80.122	
5	356.9, F	0.657	80.163	
5	None	0	80.205	
5	None	0	80.247	0.08400000000000318
5	1.8, F	0.227	80.289	
5	359.6, F	0.27	80.330	
5	359.3, F	0.255	80.372	
5	170.9, F	0.36	80.414	
5	25.7, F	0.306	80.455	
5	247.0, F	0.686	80.497	
5	23.1, F	0.458	80.539	
5	140.1, F	0.343	80.581	
5	117.4, F	0.332	80.622	
5	322.8, F	1.09	80.664	
5	96.1, F	0.272	80.706	
5	96.3, F	0.292	80.747	
5	271.0, F	0.601	80.789	
5	100.5, F	0.279	80.831	
5	97.6, F	0.271	80.872	
5	276.8, F	0.583	80.914	
5	55.5, F	0.26	80.956	
5	60.7, F	0.256	80.998	
5	58.3, F	0.225	81.039	
5	217.7, F	0.967	81.081	
5	50.5, F	0.214	81.123	
5	37.3, F	0.233	81.164	
5	51.5, F	0.175	81.206	
5	35.2, F	0.141	81.248	
5	50.6, F	0.129	81.290	
5	280.8, F	0.863	81.331	
5	175.5, F	0.648	81.373	
5	302.4, F	0.192	81.415	
5	307.6, F	0.308	81.456	
5	79.6, F	0.574	81.498	
5	294.9, F	0.362	81.540	
5	205.5, F	0.649	81.581	
5	77.2, F	0.405	81.623	
5	287.2, F	0.61	81.665	
5	72.5, F	0.219	81.707	
5	72.4, F	0.249	81.748	
5	282.5, F	0.661	81.790	
5	78.5, F	0.335	81.832	
5	158.9, F	0.851	81.873	
5	284.9, F	0.584	81.915	
5	84.9, F	0.347	81.957	
5	88.4, F	0.395	81.999	
5	280.2, F	0.486	82.040	
5	88.2, F	0.502	82.082	
5	264.1, F	0.351	82.124	
5	102.9, F	0.482	82.165	
5	267.1, F	0.36	82.207	
5	247.3, F	0.42	82.249	
5	90.0, F	0.54	82.291	
5	280.0, F	0.444	82.332	
5	97.8, F	0.484	82.374	
5	290.0, F	0.449	82.416	
5	69.2, F	0.425	82.457	
5	301.4, F	0.499	82.499	
5	65.2, F	0.515	82.541	
5	234.6, F	0.595	82.582	
5	33.8, F	0.808	82.624	
5	229.7, F	1.434	82.666	
5	74.5, F	0.775	82.708	
5	313.5, F	0.536	82.749	
5	301.0, F	0.497	82.791	
5	90.3, F	0.41	82.833	
5	139.0, F	0.184	82.874	
5	138.3, F	0.161	82.916	
5	7.4, F	1.31	82.958	
5	160.1, F	0.511	83.000	
5	289.9, F	0.747	83.041	
5	148.6, F	0.698	83.083	
5	54.4, F	0.591	83.125	
5	316.8, F	0.596	83.166	
5	128.8, F	0.742	83.208	
5	312.3, F	0.52	83.250	
5	122.3, F	0.921	83.292	
5	342.2, F	0.379	83.333	
5	355.1, F	0.371	83.375	
5	175.8, F	0.257	83.417	
5	157.5, F	0.248	83.458	
5	13.5, F	0.398	83.500	
5	154.3, F	0.214	83.542	
5	143.3, F	0.172	83.584	
5	307.9, F	1.16	83.625	
5	137.4, F	0.207	83.667	
5	150.5, F	0.159	83.709	
5	186.1, F	0.17	83.750	
5	180.2, F	0.239	83.792	
5	346.7, F	0.606	83.834	
5	224.0, F	0.17	83.875	
5	239.4, F	0.179	83.917	
5	89.4, F	0.606	83.959	
5	277.3, F	0.355	84.001	
5	280.9, F	0.396	84.042	
5	93.6, F	0.323	84.084	
5	269.1, F	0.67	84.126	
5	81.5, F	0.143	84.167	
5	None	0	84.209	
5	None	0	84.251	0.08400000000000318
5	203.6, F	0.165	84.293	
5	None	0	84.334	0.04200000000000159
5	219.3, F	0.144	84.376	
5	208.2, F	0.112	84.418	
5	346.1, F	0.704	84.459	
5	249.7, F	0.259	84.501	
5	108.5, F	0.554	84.543	
5	262.2, F	0.432	84.584	
5	264.3, F	0.533	84.626	
5	113.3, F	0.304	84.668	
5	94.0, F	0.227	84.710	
5	99.7, F	0.107	84.751	
5	272.4, F	0.992	84.793	
5	None	0	84.835	0.04100000000001103
5	304.7, F	0.126	84.876	
5	243.4, F	0.136	84.918	
5	90.4, F	0.66	84.960	
5	273.6, F	0.256	85.002	
5	259.7, F	0.162	85.043	
5	277.5, F	0.169	85.085	
5	95.6, F	0.712	85.127	
5	254.0, F	0.098	85.168	
5	173.1, F	0.117	85.210	
5	2.6, F	0.559	85.252	
5	163.5, F	0.317	85.294	
5	148.0, F	0.343	85.335	
5	24.5, F	0.352	85.377	
5	232.2, F	0.823	85.419	
5	72.4, F	0.251	85.460	
5	88.0, F	0.381	85.502	
5	277.2, F	0.43	85.544	
5	96.0, F	0.516	85.585	
5	232.0, F	0.18	85.627	
5	102.0, F	0.66	85.669	
5	234.8, F	0.187	85.711	
5	214.2, F	0.166	85.752	
5	199.4, F	0.234	85.794	
5	189.2, F	0.214	85.836	
5	348.2, F	0.434	85.877	
5	148.7, F	0.275	85.919	
5	140.6, F	0.317	85.961	
5	20.3, F	0.406	86.003	
5	144.6, F	0.254	86.044	
5	165.9, F	0.27	86.086	
5	344.6, F	0.417	86.128	
5	213.8, F	0.306	86.169	
5	326.7, F	0.606	86.211	
5	250.9, F	0.446	86.253	
5	108.3, F	0.302	86.295	
5	267.1, F	0.629	86.336	
5	115.1, F	0.259	86.378	
5	121.1, F	0.112	86.420	
5	359.0, F	0.655	86.461	
5	169.6, F	0.116	86.503	
5	148.5, F	0.119	86.545	
5	163.4, F	0.22	86.587	
5	144.5, F	0.274	86.628	
5	304.3, F	0.879	86.670	
5	153.6, F	0.29	86.712	
5	162.3, F	0.31	86.753	
5	13.1, F	0.383	86.795	
5	156.9, F	0.316	86.837	
5	163.1, F	0.491	86.878	
5	18.7, F	0.324	86.920	
5	297.1, F	0.726	86.962	
5	133.8, F	0.643	87.004	
5	58.4, F	0.646	87.045	
5	203.4, F	0.552	87.087	
5	343.6, F	0.33	87.129	
5	354.3, F	0.273	87.170	
5	168.7, F	0.41	87.212	
5	6.7, F	0.457	87.254	
5	155.6, F	0.494	87.296	
5	29.6, F	0.376	87.337	
5	162.9, F	0.678	87.379	
5	41.2, F	0.287	87.421	
5	284.4, F	0.467	87.462	
5	79.8, F	0.484	87.504	
5	276.7, F	0.384	87.546	
5	91.1, F	0.583	87.587	
5	288.1, F	0.174	87.629	
5	217.0, F	0.138	87.671	
5	101.3, F	0.855	87.713	
5	242.0, F	0.164	87.754	
5	None	0	87.796	0.04199999999998738
5	119.7, F	0.113	87.838	
5	100.8, F	0.181	87.879	
5	109.4, F	0.286	87.921	
5	282.4, F	0.451	87.963	
5	77.5, F	0.706	88.005	
5	323.5, F	0.292	88.046	
5	328.7, F	0.223	88.088	
5	178.5, F	0.485	88.130	
5	349.8, F	0.389	88.171	
5	184.9, F	0.387	88.213	
5	354.4, F	0.387	88.255	
5	168.1, F	0.394	88.297	
5	9.7, F	0.437	88.338	
5	163.4, F	0.438	88.380	
5	8.2, F	0.392	88.422	
5	137.2, F	0.372	88.463	
5	17.6, F	0.429	88.505	
5	133.1, F	0.281	88.547	
5	320.7, F	1.062	88.588	
5	131.8, F	0.29	88.630	
5	115.2, F	0.331	88.672	
5	85.9, F	0.432	88.714	
5	299.1, F	0.395	88.755	
5	52.5, F	0.842	88.797	
5	201.0, F	0.46	88.839	
5	336.4, F	0.557	88.880	
5	207.7, F	0.426	88.922	
5	338.2, F	0.971	88.964	
5	79.0, F	0.579	89.006	
5	294.7, F	0.443	89.047	
5	140.6, F	0.843	89.089	
5	302.9, F	0.566	89.131	
5	62.1, F	0.585	89.172	
5	196.0, F	0.793	89.214	
5	338.6, F	0.36	89.256	
5	20.0, F	0.225	89.298	
5	35.8, F	0.297	89.339	
5	150.4, F	0.697	89.381	
5	83.0, F	0.444	89.423	
5	284.5, F	0.116	89.464	
5	93.9, F	1.009	89.506	
5	126.7, F	0.234	89.548	
5	245.1, F	0.491	89.590	
5	118.4, F	0.809	89.631	
5	345.1, F	0.421	89.673	
5	178.2, F	0.555	89.715	
5	25.9, F	0.32	89.756	
5	80.5, F	0.447	89.798	
5	85.3, F	0.5	89.840	
5	194.9, F	1.093	89.881	
5	348.2, F	0.614	89.923	
5	174.2, F	0.237	89.965	
5	160.8, F	0.448	90.007	
5	24.2, F	0.447	90.048	
5	147.8, F	0.56	90.090	
5	56.8, F	0.574	90.132	
5	204.6, F	0.805	90.173	
5	83.0, F	0.602	90.215	
5	329.6, F	0.312	90.257	
5	354.6, F	0.365	90.299	
5	174.9, F	0.461	90.340	
5	12.4, F	0.476	90.382	
5	173.4, F	0.367	90.424	
5	8.9, F	0.526	90.465	
5	133.9, F	0.298	90.507	
5	108.2, F	0.256	90.549	
5	17.1, F	0.708	90.590	
5	272.9, F	0.563	90.632	
5	58.6, F	0.334	90.674	
5	64.1, F	0.293	90.716	
5	283.8, F	0.655	90.757	
5	160.4, F	0.838	90.799	
5	31.1, F	0.377	90.841	
5	36.2, F	0.343	90.882	
5	298.0, F	0.754	90.924	
5	152.9, F	0.389	90.966	
5	14.9, F	0.409	91.008	
5	165.0, F	0.405	91.049	
5	359.9, F	0.464	91.091	
5	188.5, F	0.237	91.133	
5	208.3, F	0.249	91.174	
5	346.0, F	0.691	91.216	
5	227.4, F	0.2	91.258	
5	279.5, F	0.189	91.300	
5	303.6, F	0.334	91.341	
5	80.2, F	0.518	91.383	
5	306.7, F	0.48	91.425	
5	230.5, F	0.656	91.466	
5	21.4, F	0.438	91.508	
5	139.0, F	0.281	91.550	
5	3.1, F	0.739	91.591	
5	332.8, F	0.262	91.633	
5	313.1, F	0.348	91.675	
5	206.9, F	0.62	91.717	
5	306.1, F	0.56	91.758	
5	30.5, F	0.508	91.800	
5	257.6, F	0.808	91.842	
5	150.0, F	0.27	91.883	
5	3.7, F	0.643	91.925	
5	None	0	91.967	0.04200000000000159
5	285.8, F	0.198	92.009	
5	287.9, F	0.247	92.050	
5	280.4, F	0.299	92.092	
5	76.6, F	0.447	92.134	
5	291.6, F	0.572	92.175	
5	158.6, F	0.966	92.217	
5	44.8, F	0.221	92.259	
5	289.1, F	0.98	92.301	
5	1.0, F	0.288	92.342	
5	329.7, F	0.339	92.384	
5	199.1, F	0.58	92.426	
5	46.0, F	0.504	92.467	
5	237.0, F	0.695	92.509	
5	15.8, F	0.407	92.551	
5	176.3, F	0.292	92.593	
5	337.3, F	0.741	92.634	
5	233.4, F	0.322	92.676	
5	240.1, F	0.448	92.718	
5	127.5, F	0.532	92.759	
5	304.8, F	1.099	92.801	
5	154.6, F	0.238	92.843	
5	180.9, F	0.267	92.884	
5	333.0, F	0.494	92.926	
5	221.4, F	0.511	92.968	
5	46.6, F	0.519	93.010	
5	231.8, F	0.647	93.051	
5	35.4, F	0.435	93.093	
5	238.9, F	0.924	93.135	
5	357.5, F	0.322	93.176	
5	180.8, F	0.752	93.218	
5	331.3, F	0.308	93.260	
5	306.5, F	0.292	93.302	
5	80.9, F	0.593	93.343	
5	297.1, F	0.349	93.385	
5	276.4, F	0.387	93.427	
5	166.4, F	1.356	93.468	
5	319.6, F	1.09	93.510	
5	134.2, F	0.301	93.552	
5	151.9, F	0.319	93.593	
5	173.4, F	0.254	93.635	
5	348.3, F	0.494	93.677	
5	196.2, F	0.409	93.719	
5	316.6, F	0.442	93.760	
5	210.3, F	0.757	93.802	
5	54.0, F	0.446	93.844	
5	297.9, F	0.67	93.885	
5	158.9, F	0.884	93.927	
5	0.5, F	0.21	93.969	
5	309.0, F	0.148	94.011	
5	294.2, F	0.188	94.052	
5	274.4, F	0.198	94.094	
5	257.0, F	0.328	94.136	
5	233.5, F	0.335	94.177	
5	112.6, F	0.541	94.219	
5	244.5, F	0.518	94.261	
5	31.3, F	0.57	94.303	
5	241.1, F	0.619	94.344	
5	141.8, F	0.577	94.386	
5	48.0, F	0.404	94.428	
5	220.0, F	0.728	94.469	
5	51.9, F	0.502	94.511	
5	309.9, F	0.54	94.553	
5	145.6, F	0.914	94.594	
5	309.6, F	0.47	94.636	
5	73.2, F	0.52	94.678	
5	302.4, F	0.334	94.720	
5	301.3, F	0.306	94.761	
5	144.7, F	1.139	94.803	
5	309.1, F	0.358	94.845	
5	305.4, F	0.313	94.886	
5	305.7, F	0.312	94.928	
5	74.8, F	0.629	94.970	
5	320.7, F	0.311	95.012	
5	190.8, F	0.789	95.053	
5	324.5, F	0.334	95.095	
5	82.6, F	0.849	95.137	
5	22.5, F	0.12	95.178	
5	None	0	95.220	
5	None	0	95.262	
5	None	0	95.304	0.125
5	145.3, F	0.167	95.345	
5	260.7, F	1.03	95.387	
5	None	0	95.429	0.04099999999999682
5	141.5, F	0.143	95.470	
5	133.2, F	0.111	95.512	
5	None	0	95.554	
5	None	0	95.596	
5	None	0	95.637	
5	None	0	95.679	0.1670000000000016
5	213.5, F	0.103	95.721	
5	220.7, F	0.094	95.762	
5	None	0	95.804	0.04200000000000159
5	189.1, F	0.146	95.846	
5	357.7, F	0.652	95.887	
5	138.6, F	0.236	95.929	
5	137.3, F	0.242	95.971	
5	145.8, F	0.253	96.013	
5	19.4, F	0.669	96.054	
5	121.4, F	0.301	96.096	
5	263.1, F	0.569	96.138	
5	94.3, F	0.321	96.179	
5	95.9, F	0.342	96.221	
5	267.8, F	0.447	96.263	
5	106.8, F	0.466	96.305	
5	239.6, F	0.381	96.346	
5	37.2, F	0.669	96.388	
5	238.0, F	0.366	96.430	
5	115.2, F	0.537	96.471	
5	227.8, F	0.436	96.513	
5	330.5, F	0.701	96.555	
5	119.5, F	0.649	96.596	
5	216.2, F	0.337	96.638	
5	337.7, F	0.633	96.680	
5	119.2, F	0.712	96.722	
5	205.5, F	0.352	96.763	
5	337.1, F	0.435	96.805	
5	186.2, F	0.436	96.847	
5	353.8, F	0.484	96.888	
5	180.4, F	0.429	96.930	
5	358.8, F	0.461	96.972	
5	176.3, F	0.48	97.014	
5	353.9, F	0.385	97.055	
5	175.8, F	0.419	97.097	
5	353.8, F	0.396	97.139	
5	173.6, F	0.469	97.180	
5	352.7, F	0.378	97.222	
5	3.7, F	0.399	97.264	
5	166.9, F	0.591	97.306	
5	17.1, F	0.364	97.347	
5	162.5, F	0.525	97.389	
5	10.3, F	0.386	97.431	
5	165.6, F	0.504	97.472	
5	9.1, F	0.328	97.514	
5	359.9, F	0.399	97.556	
5	172.2, F	0.454	97.597	
5	347.0, F	0.387	97.639	
5	186.6, F	0.478	97.681	
5	345.9, F	0.369	97.723	
5	189.9, F	0.49	97.764	
5	343.7, F	0.391	97.806	
5	330.2, F	0.34	97.848	
5	189.2, F	0.602	97.889	
5	318.6, F	0.308	97.931	
5	64.4, F	0.619	97.973	
5	202.8, F	0.705	98.015	
5	301.9, F	0.545	98.056	
5	62.0, F	0.447	98.098	
5	203.8, F	0.811	98.140	
5	59.5, F	0.485	98.181	
5	305.4, F	0.566	98.223	
5	65.2, F	0.505	98.265	
5	199.9, F	0.599	98.307	
5	332.6, F	0.374	98.348	
5	69.6, F	0.828	98.390	
5	174.0, F	0.607	98.432	
5	21.2, F	0.335	98.473	
5	38.4, F	0.346	98.515	
5	233.7, F	0.651	98.557	
5	38.0, F	0.444	98.599	
5	150.0, F	0.51	98.640	
5	300.6, F	1.06	98.682	
5	159.2, F	0.355	98.724	
5	4.3, F	0.501	98.765	
5	212.2, F	0.319	98.807	
5	210.9, F	0.308	98.849	
5	47.0, F	0.737	98.890	
5	217.4, F	0.332	98.932	
5	216.0, F	0.402	98.974	
5	334.0, F	0.675	99.016	
5	120.1, F	0.568	99.057	
5	236.5, F	0.409	99.099	
5	58.0, F	0.587	99.141	
5	209.7, F	0.465	99.182	
5	324.1, F	0.544	99.224	
5	136.6, F	0.873	99.266	
5	320.4, F	0.393	99.308	
5	321.5, F	0.317	99.349	
5	194.0, F	0.695	99.391	
5	79.4, F	0.587	99.433	
5	295.1, F	0.25	99.474	
5	303.5, F	0.272	99.516	
5	84.2, F	0.584	99.558	
5	316.3, F	0.248	99.599	
5	None	0	99.641	
5	None	0	99.683	0.08399999999998897
5	78.0, F	0.139	99.725	
5	162.5, F	1.033	99.766	
5	85.0, F	0.33	99.808	
5	281.4, F	0.414	99.850	
5	80.8, F	0.443	99.891	
5	282.5, F	0.356	99.933	
5	84.3, F	0.642	99.975	
5	313.5, F	0.209	100.017	
5	321.5, F	0.206	100.058	
5	311.4, F	0.203	100.100	
5	23.8, F	0.196	100.142	
5	163.7, F	0.718	100.183	
5	225.3, F	0.796	100.225	
5	28.9, F	0.403	100.267	
5	47.2, F	0.335	100.309	
5	204.6, F	0.796	100.350	
5	113.2, F	0.215	100.392	
5	12.8, F	0.375	100.434	
5	12.0, F	0.449	100.475	
5	163.9, F	0.442	100.517	
5	13.7, F	0.406	100.559	
5	159.4, F	0.56	100.600	
5	45.4, F	0.433	100.642	
5	145.3, F	0.709	100.684	
5	306.1, F	0.64	100.726	
5	43.2, F	0.431	100.767	
5	206.0, F	0.581	100.809	
5	63.6, F	0.618	100.851	
5	340.9, F	0.384	100.892	
5	163.7, F	0.517	100.934	
5	51.6, F	0.314	100.976	
5	81.4, F	0.354	101.018	
5	189.5, F	0.725	101.059	
5	170.8, F	0.524	101.101	
5	26.7, F	0.729	101.143	
5	328.1, F	0.168	101.184	
5	226.7, F	0.55	101.226	
5	58.2, F	0.405	101.268	
5	190.0, F	0.621	101.310	
5	76.2, F	0.437	101.351	
5	254.8, F	0.323	101.393	
5	30.2, F	0.643	101.435	
5	127.9, F	0.63	101.476	
5	217.0, F	0.536	101.518	
5	54.7, F	0.529	101.560	
5	330.4, F	0.462	101.602	
5	130.0, F	1.051	101.643	
5	339.4, F	0.363	101.685	
5	340.0, F	0.346	101.727	
5	183.4, F	0.621	101.768	
5	338.5, F	0.327	101.810	
5	340.5, F	0.344	101.852	
5	186.4, F	0.539	101.893	
5	343.3, F	0.503	101.935	
5	124.8, F	0.919	101.977	
5	341.9, F	0.466	102.019	
5	192.7, F	0.434	102.060	
5	341.8, F	0.476	102.102	
5	200.8, F	0.368	102.144	
5	345.5, F	0.653	102.185	
5	208.5, F	0.298	102.227	
5	122.0, F	0.676	102.269	
5	324.9, F	0.712	102.311	
5	244.0, F	0.505	102.352	
5	144.7, F	0.468	102.394	
5	19.9, F	0.437	102.436	
5	251.4, F	1.099	102.477	
5	356.2, F	0.534	102.519	
5	116.4, F	0.858	102.561	
5	189.3, F	0.32	102.602	
5	352.8, F	0.535	102.644	
5	193.3, F	0.344	102.686	
5	351.2, F	0.546	102.728	
5	198.8, F	0.255	102.769	
5	197.1, F	0.248	102.811	
5	351.4, F	0.687	102.853	
5	210.1, F	0.201	102.894	
5	193.6, F	0.259	102.936	
5	204.8, F	0.191	102.978	
5	101.9, F	0.739	103.020	
5	346.2, F	0.845	103.061	
5	231.0, F	0.148	103.103	
5	276.4, F	0.244	103.145	
5	279.1, F	0.229	103.186	
5	98.6, F	0.497	103.228	
5	272.7, F	0.366	103.270	
5	274.6, F	0.37	103.312	
5	101.7, F	0.381	103.353	
5	268.9, F	0.524	103.395	
5	102.5, F	0.222	103.437	
5	113.5, F	0.228	103.478	
5	114.7, F	0.196	103.520	
5	265.5, F	0.94	103.562	
5	147.9, F	0.177	103.603	
5	144.6, F	0.217	103.645	
5	4.6, F	0.673	103.687	
5	149.6, F	0.219	103.729	
5	149.1, F	0.179	103.770	
5	156.8, F	0.193	103.812	
5	158.4, F	0.16	103.854	
5	354.0, F	0.674	103.895	
5	213.8, F	0.205	103.937	
5	211.3, F	0.215	103.979	
5	213.7, F	0.216	104.021	
5	221.0, F	0.274	104.062	
5	334.7, F	0.724	104.104	
5	135.1, F	0.7	104.146	
5	223.8, F	0.519	104.187	
5	317.0, F	0.653	104.229	
5	138.3, F	0.6	104.271	
5	40.8, F	0.498	104.313	
5	226.9, F	0.487	104.354	
5	42.9, F	0.528	104.396	
5	218.8, F	0.489	104.438	
5	33.8, F	0.651	104.479	
5	229.6, F	0.385	104.521	
5	231.1, F	0.352	104.563	
5	36.5, F	0.673	104.605	
5	251.3, F	0.303	104.646	
5	113.2, F	0.481	104.688	
5	248.5, F	0.325	104.730	
5	339.0, F	1.046	104.771	
5	103.4, F	0.443	104.813	
5	270.7, F	0.392	104.855	
5	100.0, F	0.397	104.896	
5	284.9, F	0.417	104.938	
5	91.6, F	0.348	104.980	
5	277.2, F	0.477	105.022	
5	70.5, F	0.299	105.063	
5	154.6, F	0.868	105.105	
5	291.0, F	0.723	105.147	
5	28.1, F	0.34	105.188	
5	40.7, F	0.31	105.230	
5	159.7, F	0.7	105.272	
5	296.6, F	0.966	105.314	
5	23.6, F	0.377	105.355	
5	162.5, F	0.593	105.397	
5	16.9, F	0.372	105.439	
5	10.1, F	0.398	105.480	
5	167.7, F	0.596	105.522	
5	9.2, F	0.368	105.564	
5	161.8, F	0.483	105.605	
5	288.0, F	1.12	105.647	
5	164.2, F	0.459	105.689	
5	6.2, F	0.452	105.731	
5	158.9, F	0.397	105.772	
5	6.5, F	0.509	105.814	
5	170.3, F	0.499	105.856	
5	357.8, F	0.511	105.897	
5	178.2, F	0.422	105.939	
5	353.0, F	0.507	105.981	
5	185.8, F	0.369	106.023	
5	350.7, F	0.628	106.064	
5	180.7, F	0.326	106.106	
5	172.2, F	0.346	106.148	
5	351.9, F	0.555	106.189	
5	173.0, F	0.343	106.231	
5	169.6, F	0.332	106.273	
5	358.1, F	0.579	106.315	
5	169.1, F	0.369	106.356	
5	0.7, F	0.483	106.398	
5	169.4, F	0.364	106.440	
5	170.2, F	0.364	106.481	
5	358.0, F	0.583	106.523	
5	169.3, F	0.292	106.565	
5	169.0, F	0.253	106.606	
5	1.3, F	0.575	106.648	
5	165.7, F	0.295	106.690	
5	166.3, F	0.347	106.732	
5	3.0, F	0.544	106.773	
5	172.9, F	0.349	106.815	
5	359.3, F	0.528	106.857	
5	173.2, F	0.313	106.898	
5	168.4, F	0.308	106.940	
5	0.4, F	0.63	106.982	
5	164.2, F	0.202	107.024	
5	255.0, F	1.273	107.065	
5	44.9, F	0.786	107.107	
5	210.8, F	0.299	107.149	
5	208.4, F	0.307	107.190	
5	337.3, F	0.702	107.232	
5	129.8, F	0.661	107.274	
5	226.9, F	0.453	107.316	
5	35.6, F	0.573	107.357	
5	232.9, F	0.485	107.399	
5	141.8, F	0.484	107.441	
5	301.3, F	0.95	107.482	
5	157.8, F	0.527	107.524	
5	10.7, F	0.461	107.566	
5	156.7, F	0.46	107.608	
5	6.3, F	0.465	107.649	
5	163.8, F	0.471	107.691	
5	290.5, F	1.106	107.733	
5	167.1, F	0.387	107.774	
5	6.2, F	0.35	107.816	
5	169.0, F	0.386	107.858	
5	4.3, F	0.389	107.899	
5	167.9, F	0.482	107.941	
5	19.4, F	0.361	107.983	
5	24.0, F	0.355	108.025	
5	153.4, F	0.496	108.066	
5	14.1, F	0.475	108.108	
5	148.5, F	0.428	108.150	
5	311.6, F	1.009	108.191	
5	147.2, F	0.454	108.233	
5	149.7, F	0.431	108.275	
5	13.3, F	0.537	108.317	
5	250.0, F	0.811	108.358	
5	154.8, F	0.456	108.400	
5	4.1, F	0.62	108.442	
5	163.3, F	0.303	108.483	
5	162.5, F	0.388	108.525	
5	4.7, F	0.54	108.567	
5	157.8, F	0.357	108.608	
5	8.0, F	0.636	108.650	
5	146.0, F	0.318	108.692	
5	256.6, F	0.775	108.734	
5	152.1, F	0.34	108.775	
5	10.8, F	0.614	108.817	
5	156.2, F	0.413	108.859	
5	14.5, F	0.483	108.900	
5	155.7, F	0.54	108.942	
5	302.5, F	0.916	108.984	
5	150.6, F	0.578	109.026	
5	21.2, F	0.412	109.067	
5	155.8, F	0.713	109.109	
5	265.7, F	0.964	109.151	
5	83.6, F	0.215	109.192	
5	103.3, F	0.213	109.234	
5	121.2, F	0.157	109.276	
5	146.7, F	0.146	109.318	
5	165.6, F	0.168	109.359	
5	280.2, F	0.839	109.401	
5	183.9, F	0.251	109.443	
5	121.7, F	0.944	109.484	
5	350.4, F	0.402	109.526	
5	343.0, F	0.328	109.568	
5	178.5, F	0.54	109.609	
5	338.5, F	0.275	109.651	
5	182.9, F	0.705	109.693	
5	322.1, F	0.148	109.735	
5	322.2, F	0.147	109.776	
5	320.4, F	0.149	109.818	
5	275.0, F	0.102	109.860	
5	None	0	109.901	0.04200000000000159
5	251.2, F	0.096	109.943	
5	106.2, F	0.78	109.985	
5	196.6, F	0.178	110.027	
5	196.8, F	0.221	110.068	
5	350.3, F	0.73	110.110	
5	181.2, F	0.423	110.152	
5	178.5, F	0.416	110.193	
5	352.0, F	0.482	110.235	
5	176.5, F	0.49	110.277	
5	2.4, F	0.384	110.319	
5	170.9, F	0.557	110.360	
5	0.5, F	0.352	110.402	
5	167.7, F	0.642	110.444	
5	10.4, F	0.282	110.485	
5	15.5, F	0.27	110.527	
5	43.1, F	0.196	110.569	
5	165.8, F	0.76	110.611	
5	288.1, F	0.726	110.652	
5	50.2, F	0.267	110.694	
5	45.2, F	0.334	110.736	
5	63.7, F	0.366	110.777	
5	201.2, F	0.76	110.819	
5	79.4, F	0.555	110.861	
5	326.1, F	0.246	110.902	
5	316.9, F	0.212	110.944	
5	None	0	110.986	
5	None	0	111.028	0.08299999999999841
5	165.0, F	0.707	111.069	
5	41.1, F	0.248	111.111	
5	47.3, F	0.358	111.153	
5	46.5, F	0.459	111.194	
5	216.4, F	0.533	111.236	
5	42.2, F	0.456	111.278	
5	238.4, F	0.563	111.320	
5	15.6, F	0.574	111.361	
5	144.3, F	0.351	111.403	
5	261.3, F	0.69	111.445	
5	14.5, F	0.658	111.486	
5	131.3, F	0.473	111.528	
5	129.2, F	0.48	111.570	
5	317.9, F	0.819	111.611	
5	131.8, F	0.611	111.653	
5	219.4, F	0.391	111.695	
5	49.7, F	0.6	111.737	
5	197.2, F	0.491	111.778	
5	335.9, F	0.335	111.820	
5	177.3, F	0.67	111.862	
5	355.0, F	0.239	111.903	
5	353.7, F	0.237	111.945	
5	15.4, F	0.147	111.987	
5	167.9, F	0.851	112.029	
5	33.7, F	0.137	112.070	
5	52.8, F	0.193	112.112	
5	40.0, F	0.253	112.154	
5	58.8, F	0.22	112.195	
5	44.1, F	0.226	112.237	
5	289.6, F	0.811	112.279	
5	149.4, F	0.61	112.321	
5	25.7, F	0.415	112.362	
5	148.6, F	0.664	112.404	
5	303.6, F	0.683	112.446	
5	41.8, F	0.594	112.487	
5	126.7, F	0.722	112.529	
5	338.7, F	0.516	112.571	
5	206.4, F	0.363	112.612	
5	344.5, F	0.621	112.654	
5	119.4, F	0.853	112.696	
5	196.8, F	0.266	112.738	
5	349.5, F	0.685	112.779	
5	190.2, F	0.306	112.821	
5	192.6, F	0.297	112.863	
5	334.5, F	0.478	112.904	
5	196.3, F	0.476	112.946	
5	337.9, F	0.564	112.988	
5	118.4, F	0.79	113.030	
5	188.8, F	0.338	113.071	
5	354.7, F	0.612	113.113	
5	156.6, F	0.288	113.155	
5	142.6, F	0.273	113.196	
5	15.4, F	0.628	113.238	
5	143.8, F	0.452	113.280	
5	237.3, F	0.591	113.322	
5	29.8, F	0.503	113.363	
5	147.4, F	0.66	113.405	
5	307.1, F	0.701	113.447	
5	143.9, F	0.678	113.488	
5	315.9, F	0.625	113.530	
5	137.9, F	0.733	113.572	
5	323.7, F	0.563	113.614	
5	63.1, F	0.513	113.655	
5	207.5, F	0.625	113.697	
5	64.8, F	0.481	113.739	
5	308.6, F	0.401	113.780	
5	206.6, F	0.614	113.822	
5	61.1, F	0.499	113.864	
5	308.2, F	0.387	113.905	
5	141.4, F	0.838	113.947	
5	306.9, F	0.376	113.989	
5	315.7, F	0.401	114.031	
5	65.5, F	0.494	114.072	
5	197.1, F	0.696	114.114	
5	319.8, F	0.339	114.156	
5	67.3, F	0.558	114.197	
5	317.1, F	0.354	114.239	
5	193.5, F	0.695	114.281	
5	313.6, F	0.32	114.323	
5	71.2, F	0.493	114.364	
5	308.5, F	0.413	114.406	
5	143.4, F	0.838	114.448	
5	310.3, F	0.419	114.489	
5	307.5, F	0.445	114.531	
5	64.9, F	0.422	114.573	
5	206.1, F	0.678	114.614	
5	61.8, F	0.397	114.656	
5	293.8, F	0.422	114.698	
5	60.8, F	0.43	114.740	
5	209.1, F	0.684	114.781	
5	60.6, F	0.446	114.823	
5	308.0, F	0.42	114.865	
5	61.1, F	0.453	114.906	
5	205.9, F	0.659	114.948	
5	310.3, F	0.461	114.990	
5	54.4, F	0.409	115.032	
5	214.8, F	0.665	115.073	
5	53.9, F	0.401	115.115	
5	64.3, F	0.345	115.157	
5	288.5, F	0.454	115.198	
5	153.9, F	0.92	115.240	
5	287.8, F	0.461	115.282	
5	79.7, F	0.341	115.324	
5	278.4, F	0.45	115.365	
5	82.8, F	0.232	115.407	
5	89.0, F	0.231	115.449	
5	267.7, F	0.738	115.490	
5	114.5, F	0.176	115.532	
5	123.0, F	0.143	115.574	
5	159.9, F	0.215	115.615	
5	165.6, F	0.285	115.657	
5	2.1, F	0.511	115.699	
5	176.7, F	0.343	115.741	
5	173.5, F	0.398	115.782	
5	337.4, F	0.273	115.824	
5	320.3, F	0.205	115.866	
5	190.3, F	0.665	115.907	
5	293.3, F	0.197	115.949	
5	240.2, F	0.248	115.991	
5	239.3, F	0.295	116.033	
5	130.5, F	0.55	116.074	
5	325.6, F	0.679	116.116	
5	138.8, F	0.679	116.158	
5	314.8, F	0.517	116.199	
5	211.6, F	0.656	116.241	
5	72.7, F	0.339	116.283	
5	276.3, F	0.353	116.325	
5	104.4, F	0.37	116.366	
5	257.5, F	0.382	116.408	
5	115.9, F	0.4	116.450	
5	234.1, F	0.418	116.491	
5	136.1, F	0.686	116.533	
5	320.0, F	0.588	116.575	
5	139.6, F	0.775	116.617	
5	322.7, F	0.388	116.658	
5	323.1, F	0.391	116.700	
5	132.9, F	0.766	116.742	
5	326.8, F	0.394	116.783	
5	183.2, F	0.769	116.825	
5	None	0	116.867	
5	None	0	116.908	
5	None	0	116.950	0.125
5	100.5, F	0.852	116.992	
5	220.6, F	0.092	117.034	
5	None	0	117.075	0.04200000000000159
5	202.7, F	0.225	117.117	
5	338.1, F	0.616	117.159	
5	204.2, F	0.29	117.200	
5	205.2, F	0.438	117.242	
5	330.3, F	0.527	117.284	
5	128.7, F	0.698	117.326	
5	330.8, F	0.527	117.367	
5	202.8, F	0.464	117.409	
5	49.7, F	0.557	117.451	
5	201.9, F	0.502	117.492	
5	330.3, F	0.517	117.534	
5	131.5, F	0.765	117.576	
5	321.2, F	0.367	117.617	
5	353.3, F	0.196	117.659	
5	178.8, F	0.741	117.701	
5	None	0	117.743	
5	None	0	117.784	
5	None	0	117.826	
5	None	0	117.868	
5	None	0	117.909	0.2079999999999984
5	94.1, F	0.112	117.951	
5	101.1, F	0.136	117.993	
5	106.4, F	0.159	118.035	
5	76.2, F	0.13	118.076	
5	274.8, F	0.653	118.118	
5	47.4, F	0.223	118.160	
5	39.5, F	0.288	118.201	
5	59.9, F	0.229	118.243	
5	55.1, F	0.215	118.285	
5	286.6, F	0.609	118.327	
5	156.4, F	0.744	118.368	
5	39.3, F	0.32	118.410	
5	38.9, F	0.307	118.452	
5	297.1, F	0.632	118.493	
5	146.7, F	0.645	118.535	
5	44.1, F	0.392	118.577	
5	300.6, F	0.636	118.618	
5	143.2, F	0.499	118.660	
5	310.7, F	0.815	118.702	
5	147.9, F	0.491	118.744	
5	143.0, F	0.491	118.785	
5	16.1, F	0.719	118.827	
5	251.7, F	0.577	118.869	
5	130.0, F	0.409	118.910	
5	22.5, F	0.589	118.952	
5	224.9, F	0.633	118.994	
5	37.8, F	0.48	119.036	
5	140.8, F	0.697	119.077	
5	315.2, F	0.511	119.119	
5	208.1, F	0.497	119.161	
5	42.2, F	0.712	119.202	
5	213.7, F	0.391	119.244	
5	338.1, F	0.733	119.286	
5	119.0, F	0.404	119.328	
5	245.9, F	0.434	119.369	
5	129.0, F	0.457	119.411	
5	329.5, F	0.881	119.453	
5	92.8, F	0.326	119.494	
5	268.4, F	0.383	119.536	
5	89.1, F	0.369	119.578	
5	66.4, F	0.498	119.620	
5	322.3, F	0.397	119.661	
5	199.1, F	0.447	119.703	
5	343.1, F	0.417	119.745	
5	115.5, F	0.974	119.786	
5	6.8, F	0.718	119.828	
5	138.7, F	0.233	119.870	
5	258.5, F	0.692	119.911	
5	130.2, F	0.31	119.953	
5	12.6, F	0.987	119.995	
5	92.7, F	0.334	120.037	
5	285.6, F	0.309	120.078	
5	69.5, F	0.517	120.120	
5	180.3, F	0.573	120.162	
5	5.0, F	0.33	120.203	
5	16.5, F	0.43	120.245	
5	148.4, F	0.432	120.287	
5	33.5, F	0.718	120.329	
5	220.4, F	0.262	120.370	
5	100.7, F	0.797	120.412	
5	None	0	120.454	0.04100000000001103
5	74.7, F	0.262	120.495	
5	290.6, F	0.363	120.537	
5	78.9, F	0.52	120.579	
5	328.0, F	0.104	120.621	
5	48.1, F	0.274	120.662	
5	69.3, F	0.34	120.704	
5	86.4, F	0.507	120.746	
5	342.1, F	0.182	120.787	
5	160.8, F	0.69	120.829	
5	47.5, F	0.29	120.871	
5	56.8, F	0.323	120.912	
5	75.4, F	0.357	120.954	
5	None	0	120.996	0.04200000000000159
5	134.6, F	0.094	121.038	
5	129.1, F	0.222	121.079	
5	124.6, F	0.239	121.121	
5	131.4, F	0.511	121.163	
5	134.1, F	0.673	121.204	
5	324.6, F	0.38	121.246	
5	185.4, F	0.601	121.288	
5	None	0	121.330	
5	None	0	121.371	0.08299999999999841
5	149.1, F	0.101	121.413	
5	None	0	121.455	0.04099999999999682
5	153.9, F	0.351	121.496	
5	18.4, F	0.462	121.538	
5	144.1, F	0.285	121.580	
5	148.5, F	0.197	121.621	
5	1.9, F	0.544	121.663	
5	180.5, F	0.346	121.705	
5	181.9, F	0.334	121.747	
5	347.5, F	0.657	121.788	
5	255.1, F	0.347	121.830	
5	257.8, F	0.547	121.872	
5	135.4, F	0.194	121.913	
5	262.7, F	0.913	121.955	
5	225.0, F	0.226	121.997	
5	25.1, F	0.803	122.039	
5	261.7, F	0.549	122.080	
5	146.5, F	0.265	122.122	
5	186.1, F	0.284	122.164	
5	197.1, F	0.279	122.205	
5	337.9, F	0.697	122.247	
5	216.2, F	0.376	122.289	
5	217.7, F	0.47	122.331	
5	318.3, F	0.608	122.372	
5	126.9, F	0.619	122.414	
5	297.3, F	0.797	122.456	
5	148.8, F	0.731	122.497	
5	72.6, F	0.488	122.539	
5	261.0, F	0.664	122.581	
5	94.2, F	0.414	122.623	
5	254.2, F	0.617	122.664	
5	98.2, F	0.556	122.706	
5	121.6, F	0.595	122.748	
5	218.4, F	0.527	122.789	
5	74.0, F	0.498	122.831	
