6	134.6, F	0.99	0.042	
6	90.5, F	0.893	0.083	
6	131.2, F	0.453	0.125	
6	201.9, F	0.791	0.167	
6	99.1, F	0.926	0.209	
6	159.7, F	0.529	0.250	
6	95.0, F	0.324	0.292	
6	227.5, F	0.465	0.334	
6	132.3, F	1.851	0.375	
6	236.0, F	0.308	0.417	
6	183.6, F	0.491	0.459	
6	99.4, F	0.764	0.500	
6	182.0, F	0.997	0.542	
6	155.9, F	0.532	0.584	
6	182.9, F	1.007	0.626	
6	247.4, F	0.975	0.667	
6	74.1, F	0.475	0.709	
6	92.4, F	1.045	0.751	
6	144.4, F	0.482	0.792	
6	175.8, F	1.222	0.834	
6	211.2, F	1.562	0.876	
6	85.6, F	0.991	0.918	
6	41.6, F	0.894	0.959	
6	179.3, F	1.214	1.001	
6	157.8, F	1.278	1.043	
6	118.6, F	0.684	1.084	
6	32.4, F	1.054	1.126	
6	208.9, F	0.303	1.168	
6	185.2, F	1.16	1.210	
6	185.9, F	0.8	1.251	
6	133.6, F	0.203	1.293	
6	93.3, F	0.701	1.335	
6	189.4, F	0.635	1.376	
6	74.0, F	1.237	1.418	
6	112.4, F	0.901	1.460	
6	9.7, F	0.637	1.502	
6	103.8, F	0.957	1.543	
6	181.0, F	0.441	1.585	
6	8.8, F	0.623	1.627	
6	81.1, F	0.9	1.668	
6	65.5, F	0.77	1.710	
6	None	0	1.752	0.040999999999999925
6	97.7, F	0.627	1.793	
6	172.3, F	0.097	1.835	
6	63.3, F	1.127	1.877	
6	30.3, F	0.674	1.919	
6	98.1, F	0.728	1.960	
6	None	0	2.002	0.04200000000000026
6	34.0, F	1.283	2.044	
6	133.3, F	1.348	2.085	
6	81.4, F	0.207	2.127	
6	286.0, F	0.403	2.169	
6	87.3, F	1.047	2.211	
6	92.8, F	0.308	2.252	
6	105.1, F	0.501	2.294	
6	220.6, F	0.258	2.336	
6	23.1, F	0.548	2.377	
6	162.5, F	0.806	2.419	
6	84.5, F	0.438	2.461	
6	278.3, F	0.306	2.502	
6	128.4, F	0.885	2.544	
6	181.9, F	0.826	2.586	
6	130.4, F	0.14	2.628	
6	135.4, F	0.443	2.669	
6	148.8, F	1.049	2.711	
6	209.8, F	0.254	2.753	
6	340.1, F	0.23	2.794	
6	165.8, F	1.055	2.836	
6	117.4, F	0.831	2.878	
6	350.6, F	0.27	2.920	
6	98.6, F	0.234	2.961	
6	104.7, F	0.561	3.003	
6	187.7, F	0.754	3.045	
6	130.0, F	1.577	3.086	
6	265.9, F	0.365	3.128	
6	97.0, F	1.088	3.170	
6	48.4, F	1.148	3.212	
6	115.5, F	0.717	3.253	
6	176.1, F	0.327	3.295	
6	115.8, F	0.634	3.337	
6	63.0, F	1.334	3.378	
6	247.7, F	0.488	3.420	
6	113.4, F	0.562	3.462	
6	346.7, F	0.666	3.503	
6	144.6, F	0.389	3.545	
6	145.8, F	0.375	3.587	
6	24.3, F	0.67	3.629	
6	135.3, F	0.441	3.670	
6	249.4, F	0.653	3.712	
6	122.6, F	0.416	3.754	
6	27.7, F	0.89	3.795	
6	249.9, F	0.554	3.837	
6	96.3, F	0.576	3.879	
6	264.3, F	0.385	3.921	
6	101.7, F	0.497	3.962	
6	258.6, F	0.384	4.004	
6	252.8, F	0.412	4.046	
6	37.6, F	0.968	4.087	
6	235.4, F	0.395	4.129	
6	109.7, F	0.802	4.171	
6	229.5, F	0.337	4.213	
6	216.0, F	0.313	4.254	
6	349.0, F	0.693	4.296	
6	194.2, F	0.421	4.338	
6	118.1, F	0.928	4.379	
6	329.2, F	0.575	4.421	
6	197.2, F	0.606	4.463	
6	335.5, F	0.403	4.505	
6	325.7, F	0.225	4.546	
6	187.7, F	0.877	4.588	
6	90.6, F	0.917	4.630	
6	None	0	4.671	0.041999999999999815
6	161.0, F	0.282	4.713	
6	14.7, F	0.626	4.755	
6	235.7, F	0.807	4.796	
6	151.8, F	0.648	4.838	
6	63.6, F	0.344	4.880	
6	67.3, F	0.335	4.922	
6	263.0, F	0.611	4.963	
6	117.8, F	0.399	5.005	
6	231.7, F	1.013	5.047	
6	64.0, F	0.185	5.088	
6	168.1, F	0.194	5.130	
6	179.4, F	0.459	5.172	
6	199.5, F	0.998	5.214	
6	243.7, F	0.531	5.255	
6	170.6, F	0.92	5.297	
6	183.8, F	0.181	5.339	
6	203.6, F	1.164	5.380	
6	242.5, F	0.738	5.422	
6	11.7, F	0.157	5.464	
6	213.2, F	0.29	5.505	
6	213.5, F	1.258	5.547	
6	184.5, F	0.305	5.589	
6	193.1, F	0.85	5.631	
6	233.5, F	0.438	5.672	
6	214.9, F	0.897	5.714	
6	111.8, F	0.266	5.756	
6	244.7, F	0.829	5.797	
6	46.4, F	0.21	5.839	
6	173.5, F	1.591	5.881	
6	75.3, F	0.336	5.923	
6	105.9, F	0.47	5.964	
6	225.4, F	0.575	6.006	
6	142.6, F	1.627	6.048	
6	34.3, F	0.367	6.089	
6	206.2, F	1.099	6.131	
6	110.4, F	0.746	6.173	
6	181.3, F	0.313	6.215	
6	169.8, F	0.71	6.256	
6	83.5, F	0.342	6.298	
6	103.6, F	0.603	6.340	
6	182.9, F	0.694	6.381	
6	171.3, F	1.147	6.423	
6	22.6, F	0.463	6.465	
6	158.4, F	0.873	6.506	
6	246.4, F	0.377	6.548	
6	118.7, F	0.705	6.590	
6	208.8, F	0.758	6.632	
6	103.6, F	0.663	6.673	
6	203.9, F	0.966	6.715	
6	244.5, F	0.383	6.757	
6	140.7, F	0.836	6.798	
6	256.2, F	0.386	6.840	
6	200.3, F	0.86	6.882	
6	102.9, F	0.719	6.924	
6	204.9, F	0.83	6.965	
6	221.3, F	0.406	7.007	
6	147.3, F	1.324	7.049	
6	198.9, F	0.866	7.090	
6	205.6, F	0.622	7.132	
6	91.0, F	0.796	7.174	
6	190.3, F	1.077	7.216	
6	191.5, F	0.71	7.257	
6	188.6, F	0.981	7.299	
6	187.0, F	0.511	7.341	
6	186.7, F	0.629	7.382	
6	175.3, F	0.974	7.424	
6	166.5, F	0.51	7.466	
6	44.1, F	0.19	7.507	
6	157.5, F	1.07	7.549	
6	138.0, F	0.707	7.591	
6	197.5, F	0.995	7.633	
6	189.4, F	0.683	7.674	
6	122.0, F	1.42	7.716	
6	233.6, F	0.493	7.758	
6	134.7, F	1.155	7.799	
6	183.0, F	0.338	7.841	
6	171.0, F	1.317	7.883	
6	149.1, F	0.655	7.925	
6	285.1, F	0.44	7.966	
6	110.1, F	0.807	8.008	
6	203.2, F	0.996	8.050	
6	244.5, F	0.367	8.091	
6	141.1, F	0.695	8.133	
6	314.6, F	0.482	8.175	
6	155.6, F	0.97	8.217	
6	254.2, F	0.718	8.258	
6	17.1, F	0.566	8.300	
6	171.4, F	0.598	8.342	
6	None	0	8.383	0.04200000000000159
6	205.2, F	0.329	8.425	
6	213.3, F	0.525	8.467	
6	209.6, F	0.799	8.508	
6	117.7, F	0.47	8.550	
6	231.5, F	0.991	8.592	
6	68.6, F	0.104	8.634	
6	None	0	8.675	0.041999999999999815
6	193.4, F	0.76	8.717	
6	206.8, F	0.217	8.759	
6	204.7, F	0.611	8.800	
6	191.9, F	0.988	8.842	
6	133.8, F	1.044	8.884	
6	254.5, F	0.154	8.926	
6	211.1, F	0.628	8.967	
6	269.1, F	0.436	9.009	
6	162.0, F	0.867	9.051	
6	220.4, F	1.251	9.092	
6	159.5, F	0.351	9.134	
6	345.4, F	0.226	9.176	
6	194.7, F	1.593	9.218	
6	72.9, F	0.498	9.259	
6	271.4, F	0.489	9.301	
6	119.5, F	0.512	9.343	
6	222.5, F	1.114	9.384	
6	124.3, F	0.339	9.426	
6	167.7, F	0.541	9.468	
6	49.9, F	0.247	9.509	
6	235.7, F	0.97	9.551	
6	165.9, F	0.836	9.593	
6	134.1, F	0.549	9.635	
6	154.5, F	0.893	9.676	
6	201.0, F	0.978	9.718	
6	116.3, F	0.791	9.760	
6	199.9, F	0.756	9.801	
6	278.6, F	0.148	9.843	
6	179.6, F	1.024	9.885	
6	156.4, F	0.427	9.927	
6	157.7, F	0.744	9.968	
6	80.5, F	0.386	10.010	
6	223.9, F	4.343	10.052	
6	162.5, F	0.429	10.093	
6	30.0, F	0.326	10.135	
6	162.9, F	0.691	10.177	
6	109.9, F	0.376	10.219	
6	100.5, F	0.418	10.260	
6	258.2, F	0.58	10.302	
6	83.9, F	0.544	10.344	
6	288.7, F	0.233	10.385	
6	267.2, F	0.102	10.427	
6	26.1, F	0.511	10.469	
6	169.6, F	0.879	10.511	
6	25.9, F	0.899	10.552	
6	152.8, F	0.418	10.594	
6	232.1, F	1.17	10.636	
6	61.7, F	0.377	10.677	
6	98.9, F	0.869	10.719	
6	236.6, F	0.514	10.761	
6	67.0, F	0.528	10.802	
6	284.8, F	0.771	10.844	
6	101.4, F	0.304	10.886	
6	150.1, F	0.303	10.928	
6	249.2, F	0.968	10.969	
6	157.1, F	0.318	11.011	
6	58.2, F	0.248	11.053	
6	43.9, F	0.383	11.094	
6	189.1, F	2.09	11.136	
6	20.8, F	0.409	11.178	
6	72.3, F	0.185	11.220	
6	91.2, F	0.093	11.261	
6	171.4, F	0.343	11.303	
6	161.3, F	0.681	11.345	
6	231.0, F	0.994	11.386	
6	165.6, F	0.824	11.428	
6	69.9, F	0.16	11.470	
6	179.2, F	0.152	11.511	
6	169.9, F	0.652	11.553	
6	None	0	11.595	0.041999999999999815
6	200.0, F	0.179	11.637	
6	188.9, F	0.303	11.678	
6	185.1, F	0.816	11.720	
6	None	0	11.762	0.04100000000000037
6	206.0, F	0.336	11.803	
6	357.9, F	0.246	11.845	
6	181.3, F	1.307	11.887	
6	68.9, F	0.164	11.929	
6	160.3, F	0.321	11.970	
6	159.4, F	0.617	12.012	
6	143.1, F	0.3	12.054	
6	160.9, F	0.744	12.095	
6	217.8, F	1.201	12.137	
6	144.0, F	0.345	12.179	
6	95.8, F	0.296	12.221	
6	148.6, F	0.642	12.262	
6	213.9, F	1.112	12.304	
6	113.1, F	0.389	12.346	
6	205.9, F	1.023	12.387	
6	143.6, F	0.722	12.429	
6	294.1, F	0.329	12.471	
6	92.6, F	0.613	12.512	
6	208.5, F	0.417	12.554	
6	181.9, F	0.486	12.596	
6	18.8, F	0.329	12.638	
6	170.9, F	0.764	12.679	
6	105.9, F	0.298	12.721	
6	108.4, F	0.311	12.763	
6	129.7, F	0.335	12.804	
6	239.9, F	0.721	12.846	
6	67.1, F	0.466	12.888	
6	261.1, F	0.471	12.930	
6	82.9, F	0.486	12.971	
6	231.2, F	0.413	13.013	
6	111.2, F	0.661	13.055	
6	232.8, F	0.225	13.096	
6	None	0	13.138	0.041999999999999815
6	121.2, F	0.1	13.180	
6	93.5, F	0.197	13.222	
6	95.6, F	0.173	13.263	
6	None	0	13.305	0.041999999999999815
6	223.1, F	0.104	13.347	
6	332.0, F	0.341	13.388	
6	333.2, F	0.363	13.430	
6	324.0, F	0.308	13.472	
6	72.1, F	0.815	13.513	
6	213.2, F	0.711	13.555	
6	316.2, F	0.509	13.597	
6	312.8, F	0.495	13.639	
6	141.4, F	0.867	13.680	
6	317.2, F	0.727	13.722	
6	122.1, F	0.423	13.764	
6	312.8, F	0.931	13.805	
6	149.6, F	0.354	13.847	
6	178.4, F	0.14	13.889	
6	224.0, F	0.12	13.931	
6	237.9, F	0.107	13.972	
6	343.5, F	0.833	14.014	
6	249.9, F	0.511	14.056	
6	90.3, F	0.339	14.097	
6	270.9, F	0.738	14.139	
6	86.5, F	0.232	14.181	
6	170.7, F	0.154	14.223	
6	None	0	14.264	
6	None	0	14.306	0.0840000000000014
6	209.0, F	0.105	14.348	
6	213.7, F	0.148	14.389	
6	119.0, F	37.823	14.431	
6	61.2, F	1.513	14.473	
6	119.2, F	1.182	14.514	
6	121.2, F	1.999	14.556	
6	120.2, F	0.598	14.598	
6	25.7, F	0.323	14.640	
6	83.6, F	0.769	14.681	
6	148.1, F	1.538	14.723	
6	44.4, F	1.991	14.765	
6	177.0, F	1.496	14.806	
6	69.4, F	1.255	14.848	
6	136.4, F	1.361	14.890	
6	130.8, F	0.585	14.932	
6	105.6, F	0.429	14.973	
6	99.5, F	1.064	15.015	
6	62.0, F	1.933	15.057	
6	65.4, F	0.397	15.098	
6	126.1, F	1.259	15.140	
6	70.4, F	0.727	15.182	
6	178.9, F	3.14	15.224	
6	67.4, F	1.337	15.265	
6	195.9, F	1.104	15.307	
6	75.6, F	1.112	15.349	
6	65.8, F	1.157	15.390	
6	62.6, F	1.179	15.432	
6	80.4, F	1.015	15.474	
6	77.0, F	0.822	15.515	
6	75.5, F	1.341	15.557	
6	165.2, F	0.604	15.599	
6	334.1, F	3.669	15.641	
6	78.2, F	1.174	15.682	
6	1.6, F	0.397	15.724	
6	60.8, F	1.104	15.766	
6	126.0, F	0.472	15.807	
6	47.1, F	1.102	15.849	
6	107.4, F	0.234	15.891	
6	65.5, F	0.796	15.933	
6	25.9, F	0.165	15.974	
6	172.7, F	0.835	16.016	
6	103.3, F	0.399	16.058	
6	84.6, F	0.83	16.099	
6	126.9, F	0.236	16.141	
6	144.4, F	0.445	16.183	
6	355.8, F	0.366	16.225	
6	117.2, F	0.765	16.266	
6	118.5, F	0.134	16.308	
6	123.9, F	0.465	16.350	
6	138.2, F	0.826	16.391	
6	258.2, F	0.683	16.433	
6	167.5, F	0.832	16.475	
6	316.8, F	0.555	16.517	
6	145.6, F	1.53	16.558	
6	94.3, F	0.57	16.600	
6	218.6, F	0.534	16.642	
6	76.3, F	0.631	16.683	
6	137.6, F	0.387	16.725	
6	145.4, F	0.809	16.767	
6	235.2, F	0.621	16.808	
6	107.0, F	0.832	16.850	
6	187.9, F	0.782	16.892	
6	136.4, F	0.296	16.934	
6	126.6, F	0.463	16.975	
6	339.0, F	0.861	17.017	
6	112.4, F	1.182	17.059	
6	149.2, F	0.6	17.100	
6	316.8, F	0.734	17.142	
6	117.5, F	1.048	17.184	
6	49.9, F	0.492	17.226	
6	115.0, F	0.866	17.267	
6	346.3, F	0.532	17.309	
6	142.4, F	0.478	17.351	
6	50.2, F	1.029	17.392	
6	177.7, F	0.427	17.434	
6	155.1, F	0.478	17.476	
6	36.7, F	0.415	17.517	
6	194.2, F	0.488	17.559	
6	346.0, F	0.466	17.601	
6	120.7, F	1.211	17.643	
6	44.1, F	0.262	17.684	
6	311.3, F	0.619	17.726	
6	127.4, F	0.902	17.768	
6	320.0, F	0.375	17.809	
6	334.4, F	0.322	17.851	
6	125.5, F	1.246	17.893	
6	285.8, F	0.962	17.935	
6	33.4, F	0.211	17.976	
6	49.8, F	0.253	18.018	
6	61.6, F	0.235	18.060	
6	162.2, F	0.949	18.101	
6	69.5, F	0.459	18.143	
6	294.4, F	0.493	18.185	
6	80.4, F	0.428	18.227	
6	292.8, F	0.512	18.268	
6	74.9, F	0.434	18.310	
6	286.3, F	0.521	18.352	
6	154.7, F	0.943	18.393	
6	293.2, F	0.479	18.435	
6	75.5, F	0.569	18.477	
6	306.1, F	0.387	18.518	
6	67.6, F	0.781	18.560	
6	200.9, F	0.693	18.602	
6	331.4, F	0.447	18.644	
6	342.4, F	0.557	18.685	
6	194.4, F	0.294	18.727	
6	107.1, F	1.001	18.769	
6	357.6, F	0.643	18.810	
6	178.2, F	0.291	18.852	
6	145.3, F	0.221	18.894	
6	318.7, F	1.152	18.936	
6	117.1, F	0.263	18.977	
6	112.1, F	0.316	19.019	
6	102.0, F	0.448	19.061	
6	263.9, F	0.454	19.102	
6	98.4, F	0.569	19.144	
6	272.7, F	0.322	19.186	
6	288.2, F	0.096	19.228	
6	89.4, F	0.872	19.269	
6	None	0	19.311	0.04200000000000159
6	259.3, F	0.092	19.353	
6	345.8, F	0.146	19.394	
6	332.0, F	0.138	19.436	
6	338.8, F	0.182	19.478	
6	329.6, F	0.257	19.520	
6	192.1, F	0.619	19.561	
6	335.0, F	0.472	19.603	
6	57.9, F	0.895	19.645	
6	202.9, F	0.519	19.686	
6	303.9, F	0.615	19.728	
6	229.0, F	0.427	19.770	
6	38.5, F	0.293	19.811	
6	173.8, F	0.589	19.853	
6	22.0, F	0.853	19.895	
6	251.4, F	0.804	19.937	
6	139.0, F	0.121	19.978	
6	35.1, F	0.762	20.020	
6	331.7, F	0.135	20.062	
6	78.9, F	0.754	20.103	
6	299.9, F	0.448	20.145	
6	215.9, F	0.904	20.187	
6	17.1, F	0.484	20.229	
6	348.0, F	0.509	20.270	
6	200.6, F	0.549	20.312	
6	334.8, F	0.531	20.354	
6	223.3, F	0.545	20.395	
6	337.4, F	0.967	20.437	
6	75.1, F	0.59	20.479	
6	272.3, F	0.585	20.520	
6	46.6, F	0.467	20.562	
6	178.9, F	1.031	20.604	
6	276.3, F	1.017	20.646	
6	347.5, F	0.189	20.687	
6	77.0, F	0.808	20.729	
6	315.8, F	0.303	20.771	
6	314.0, F	0.377	20.812	
6	204.2, F	0.739	20.854	
6	58.2, F	0.717	20.896	
6	317.2, F	0.471	20.938	
6	206.3, F	0.695	20.979	
6	60.6, F	0.664	21.021	
6	301.1, F	0.67	21.063	
6	149.6, F	0.672	21.104	
6	306.9, F	0.683	21.146	
6	136.5, F	0.641	21.188	
6	329.6, F	0.675	21.230	
6	114.6, F	0.714	21.271	
6	342.4, F	0.739	21.313	
6	198.2, F	0.307	21.355	
6	177.7, F	0.248	21.396	
6	160.7, F	0.272	21.438	
6	15.5, F	0.735	21.480	
6	136.1, F	0.378	21.521	
6	120.9, F	0.54	21.563	
6	68.6, F	1.512	21.605	
6	77.7, F	0.202	21.647	
6	130.0, F	0.17	21.688	
6	21.1, F	0.732	21.730	
6	96.0, F	0.653	21.772	
6	171.3, F	0.896	21.813	
6	70.5, F	0.39	21.855	
6	313.4, F	0.465	21.897	
6	326.6, F	0.18	21.939	
6	67.4, F	0.925	21.980	
6	171.2, F	0.578	22.022	
6	25.1, F	0.318	22.064	
6	295.8, F	0.131	22.105	
6	48.4, F	0.132	22.147	
6	66.6, F	0.461	22.189	
6	61.6, F	0.892	22.231	
6	37.6, F	1.13	22.272	
6	224.6, F	1.001	22.314	
6	114.0, F	1.119	22.356	
6	162.5, F	0.658	22.397	
6	10.0, F	1.012	22.439	
6	130.7, F	0.357	22.481	
6	166.3, F	0.661	22.523	
6	81.6, F	0.63	22.564	
6	103.3, F	0.68	22.606	
6	123.4, F	0.211	22.648	
6	95.0, F	0.705	22.689	
6	77.0, F	0.898	22.731	
6	195.0, F	0.387	22.773	
6	104.0, F	0.493	22.814	
6	260.5, F	0.128	22.856	
6	104.1, F	0.428	22.898	
6	89.1, F	0.697	22.940	
6	None	0	22.981	0.04199999999999804
6	64.4, F	0.462	23.023	
6	140.7, F	0.572	23.065	
6	90.1, F	0.908	23.106	
6	72.5, F	0.187	23.148	
6	274.4, F	0.606	23.190	
6	57.5, F	1.325	23.232	
6	359.9, F	0.47	23.273	
6	147.4, F	0.627	23.315	
6	35.8, F	0.567	23.357	
6	228.1, F	0.159	23.398	
6	50.6, F	1.38	23.440	
6	123.0, F	0.204	23.482	
6	245.6, F	0.919	23.523	
6	82.8, F	0.852	23.565	
6	326.8, F	0.108	23.607	
6	46.3, F	0.122	23.649	
6	56.4, F	0.244	23.690	
6	64.4, F	0.707	23.732	
6	194.1, F	0.382	23.774	
6	75.1, F	0.796	23.815	
6	319.6, F	0.167	23.857	
6	None	0	23.899	0.04199999999999804
6	185.3, F	1.281	23.941	
6	16.1, F	0.954	23.982	
6	109.3, F	0.257	24.024	
6	244.2, F	0.81	24.066	
6	140.1, F	0.383	24.107	
6	139.4, F	0.386	24.149	
6	18.2, F	0.543	24.191	
6	236.8, F	0.981	24.233	
6	15.9, F	0.423	24.274	
6	168.7, F	0.62	24.316	
6	26.6, F	0.342	24.358	
6	49.3, F	0.225	24.399	
6	171.0, F	0.992	24.441	
6	269.5, F	0.81	24.483	
6	78.3, F	0.207	24.524	
6	108.9, F	0.173	24.566	
6	133.8, F	0.197	24.608	
6	8.2, F	0.893	24.650	
6	162.8, F	0.241	24.691	
6	180.5, F	0.444	24.733	
6	183.2, F	0.45	24.775	
6	338.4, F	0.426	24.816	
6	185.5, F	0.512	24.858	
6	325.3, F	0.397	24.900	
6	312.2, F	0.429	24.942	
6	210.2, F	0.724	24.983	
6	70.1, F	0.486	25.025	
6	290.9, F	0.647	25.067	
6	53.1, F	0.366	25.108	
6	163.4, F	0.796	25.150	
6	285.6, F	0.791	25.192	
6	30.8, F	0.219	25.234	
6	21.6, F	0.209	25.275	
6	176.6, F	0.799	25.317	
6	10.7, F	0.178	25.359	
6	348.1, F	0.126	25.400	
6	329.0, F	0.173	25.442	
6	308.5, F	0.132	25.484	
6	306.7, F	0.122	25.525	
6	303.6, F	0.132	25.567	
6	297.3, F	0.172	25.609	
6	299.8, F	0.143	25.651	
6	137.4, F	1.263	25.692	
6	300.3, F	0.224	25.734	
6	290.0, F	0.236	25.776	
6	286.3, F	0.217	25.817	
6	285.5, F	0.217	25.859	
6	87.2, F	0.786	25.901	
6	273.0, F	0.213	25.943	
6	271.5, F	0.223	25.984	
6	269.5, F	0.235	26.026	
6	264.7, F	0.271	26.068	
6	93.8, F	0.669	26.109	
6	261.3, F	0.31	26.151	
6	257.6, F	0.313	26.193	
6	103.9, F	0.631	26.235	
6	251.8, F	0.391	26.276	
6	257.0, F	0.404	26.318	
6	33.4, F	1.118	26.360	
6	255.0, F	0.42	26.401	
6	116.3, F	0.58	26.443	
6	248.1, F	0.481	26.485	
6	252.1, F	0.5	26.526	
6	127.9, F	0.541	26.568	
6	32.8, F	0.753	26.610	
6	247.9, F	0.638	26.652	
6	138.5, F	0.563	26.693	
6	297.3, F	0.799	26.735	
6	142.1, F	0.653	26.777	
6	20.9, F	0.521	26.818	
6	249.3, F	0.597	26.860	
6	16.2, F	0.481	26.902	
6	139.2, F	0.624	26.944	
6	333.2, F	0.945	26.985	
6	120.0, F	0.574	27.027	
6	283.6, F	0.316	27.069	
6	73.0, F	0.705	27.110	
6	326.4, F	0.316	27.152	
6	167.8, F	0.6	27.194	
6	12.2, F	0.41	27.236	
6	31.4, F	0.438	27.277	
6	104.1, F	0.719	27.319	
6	239.0, F	0.146	27.361	
6	9.4, F	1.143	27.402	
6	163.4, F	0.806	27.444	
6	50.6, F	0.482	27.486	
6	322.6, F	0.712	27.527	
6	97.1, F	0.909	27.569	
6	None	0	27.611	
6	None	0	27.653	0.08299999999999841
6	35.2, F	0.146	27.694	
6	40.7, F	0.233	27.736	
6	42.2, F	0.25	27.778	
6	44.5, F	0.247	27.819	
6	283.5, F	0.866	27.861	
6	55.5, F	0.116	27.903	
6	178.5, F	0.97	27.945	
6	None	0	27.986	
6	None	0	28.028	0.08399999999999963
6	213.8, F	1.205	28.070	
6	125.4, F	0.174	28.111	
6	None	0	28.153	0.04200000000000159
6	235.2, F	0.264	28.195	
6	233.9, F	0.957	28.237	
6	271.1, F	0.72	28.278	
6	269.0, F	0.854	28.320	
6	266.4, F	0.095	28.362	
6	280.9, F	0.491	28.403	
6	131.2, F	0.29	28.445	
6	121.0, F	0.293	28.487	
6	275.2, F	0.389	28.528	
6	91.0, F	0.801	28.570	
6	203.4, F	0.154	28.612	
6	166.4, F	0.166	28.654	
6	138.3, F	0.206	28.695	
6	99.8, F	0.581	28.737	
6	264.6, F	0.225	28.779	
6	None	0	28.820	0.04199999999999804
6	88.1, F	1.13	28.862	
6	322.3, F	0.2	28.904	
6	79.2, F	0.835	28.946	
6	78.7, F	0.43	28.987	
6	287.1, F	0.18	29.029	
6	80.8, F	0.749	29.071	
6	305.7, F	1.244	29.112	
6	89.5, F	0.565	29.154	
6	70.1, F	0.191	29.196	
6	81.7, F	1.529	29.238	
6	43.4, F	0.198	29.279	
6	9.9, F	0.636	29.321	
6	109.8, F	0.825	29.363	
6	78.7, F	1.437	29.404	
6	71.9, F	1.137	29.446	
6	26.6, F	0.826	29.488	
6	93.0, F	1.183	29.529	
6	76.8, F	0.713	29.571	
6	62.4, F	1.299	29.613	
6	100.1, F	0.925	29.655	
6	81.1, F	0.844	29.696	
6	59.8, F	1.523	29.738	
6	47.9, F	1.548	29.780	
6	184.7, F	0.878	29.821	
6	73.0, F	0.697	29.863	
6	74.5, F	2.1	29.905	
6	47.0, F	1.056	29.947	
6	67.8, F	0.296	29.988	
6	86.1, F	0.946	30.030	
6	71.4, F	1.515	30.072	
6	128.4, F	0.253	30.113	
6	79.4, F	1.122	30.155	
6	70.9, F	0.975	30.197	
6	71.5, F	1.775	30.239	
6	110.0, F	0.532	30.280	
6	90.9, F	1.331	30.322	
6	93.7, F	1.221	30.364	
6	50.0, F	1.417	30.405	
6	87.2, F	1.08	30.447	
6	97.2, F	0.819	30.489	
6	99.1, F	0.678	30.530	
6	90.5, F	2.182	30.572	
6	86.1, F	0.935	30.614	
6	67.6, F	0.624	30.656	
6	63.2, F	0.476	30.697	
6	96.0, F	2.189	30.739	
6	7.5, F	1.043	30.781	
6	75.3, F	0.946	30.822	
6	112.4, F	0.982	30.864	
6	55.1, F	2.006	30.906	
6	77.6, F	1.527	30.948	
6	126.6, F	0.49	30.989	
6	93.7, F	1.331	31.031	
6	61.7, F	2.35	31.073	
6	135.4, F	1.048	31.114	
6	72.1, F	4.163	31.156	
6	115.4, F	0.694	31.198	
6	54.4, F	2.867	31.240	
6	78.0, F	0.827	31.281	
6	145.1, F	0.659	31.323	
6	64.9, F	1.279	31.365	
6	73.5, F	1.337	31.406	
6	52.7, F	1.718	31.448	
6	73.8, F	1.208	31.490	
6	56.6, F	0.73	31.531	
6	93.3, F	1.527	31.573	
6	58.2, F	0.718	31.615	
6	63.0, F	1.577	31.657	
6	60.8, F	0.309	31.698	
6	76.8, F	1.483	31.740	
6	57.6, F	1.742	31.782	
6	72.2, F	0.982	31.823	
6	64.2, F	0.361	31.865	
6	80.7, F	1.003	31.907	
6	56.6, F	1.043	31.949	
6	36.3, F	1.135	31.990	
6	74.0, F	0.387	32.032	
6	62.2, F	2.052	32.074	
6	89.3, F	1.164	32.115	
6	33.3, F	1.34	32.157	
6	54.4, F	0.643	32.199	
6	84.9, F	2.0	32.241	
6	66.5, F	0.869	32.282	
6	24.2, F	0.953	32.324	
6	81.8, F	1.127	32.366	
6	55.6, F	1.969	32.407	
6	152.0, F	0.47	32.449	
6	63.3, F	1.601	32.491	
6	50.7, F	2.828	32.532	
6	75.6, F	2.115	32.574	
6	299.9, F	0.872	32.616	
6	152.6, F	0.714	32.658	
6	52.7, F	1.83	32.699	
6	65.3, F	1.883	32.741	
6	28.8, F	0.926	32.783	
6	146.4, F	0.351	32.824	
6	45.9, F	1.832	32.866	
6	109.5, F	0.39	32.908	
6	73.9, F	2.059	32.950	
6	15.2, F	0.944	32.991	
6	133.2, F	0.792	33.033	
6	62.9, F	2.761	33.075	
6	352.3, F	1.086	33.116	
6	72.3, F	0.993	33.158	
6	358.2, F	0.694	33.200	
6	40.2, F	1.634	33.242	
6	63.3, F	2.182	33.283	
6	351.9, F	1.069	33.325	
6	34.7, F	0.328	33.367	
6	58.3, F	2.345	33.408	
6	33.8, F	0.363	33.450	
6	25.7, F	1.051	33.492	
6	353.5, F	0.908	33.533	
6	42.7, F	0.939	33.575	
6	34.1, F	2.03	33.617	
6	120.3, F	0.883	33.659	
6	8.8, F	0.521	33.700	
6	42.9, F	2.38	33.742	
6	43.4, F	0.365	33.784	
6	64.3, F	1.187	33.825	
6	52.2, F	2.029	33.867	
6	20.9, F	1.155	33.909	
6	68.8, F	1.646	33.951	
6	43.2, F	0.731	33.992	
6	69.8, F	1.138	34.034	
6	61.1, F	1.176	34.076	
6	15.7, F	1.612	34.117	
6	244.0, F	0.542	34.159	
6	59.0, F	1.097	34.201	
6	51.7, F	1.91	34.243	
6	41.1, F	0.362	34.284	
6	68.6, F	1.339	34.326	
6	24.7, F	1.301	34.368	
6	45.7, F	1.235	34.409	
6	49.9, F	1.275	34.451	
6	None	0	34.493	0.041999999999994486
6	47.8, F	1.155	34.535	
6	46.9, F	2.057	34.576	
6	32.3, F	0.832	34.618	
6	82.2, F	1.019	34.660	
6	358.7, F	1.519	34.701	
6	65.8, F	2.326	34.743	
6	324.4, F	0.952	34.785	
6	96.7, F	1.429	34.826	
6	71.2, F	0.65	34.868	
6	42.7, F	1.987	34.910	
6	127.9, F	0.363	34.952	
6	16.7, F	1.911	34.993	
6	80.6, F	1.548	35.035	
6	48.8, F	1.526	35.077	
6	77.4, F	0.266	35.118	
6	84.5, F	1.197	35.160	
6	68.2, F	1.474	35.202	
6	20.2, F	1.412	35.244	
6	135.1, F	1.188	35.285	
6	40.2, F	0.44	35.327	
6	36.1, F	1.451	35.369	
6	68.7, F	2.229	35.410	
6	106.0, F	0.232	35.452	
6	89.1, F	1.207	35.494	
6	355.9, F	0.825	35.535	
6	37.5, F	1.836	35.577	
6	37.4, F	0.439	35.619	
6	72.3, F	1.338	35.661	
6	52.1, F	1.908	35.702	
6	34.9, F	1.108	35.744	
6	63.1, F	1.741	35.786	
6	None	0	35.827	0.04200000000000159
6	55.0, F	0.674	35.869	
6	9.5, F	1.423	35.911	
6	88.5, F	1.009	35.953	
6	70.3, F	1.178	35.994	
6	1.3, F	1.002	36.036	
6	48.6, F	2.049	36.078	
6	78.0, F	1.883	36.119	
6	68.1, F	0.18	36.161	
6	21.9, F	0.823	36.203	
6	89.4, F	1.701	36.245	
6	76.0, F	2.015	36.286	
6	30.1, F	1.048	36.328	
6	3.4, F	0.682	36.370	
6	87.9, F	1.657	36.411	
6	36.2, F	0.195	36.453	
6	74.3, F	1.189	36.495	
6	70.0, F	1.378	36.536	
6	59.3, F	1.483	36.578	
6	109.1, F	0.784	36.620	
6	356.2, F	1.568	36.662	
6	77.5, F	0.589	36.703	
6	67.1, F	1.696	36.745	
6	130.7, F	0.583	36.787	
6	28.3, F	1.543	36.828	
6	99.7, F	1.607	36.870	
6	61.7, F	1.427	36.912	
6	20.9, F	0.819	36.954	
6	123.8, F	0.368	36.995	
6	82.2, F	1.398	37.037	
6	56.9, F	1.649	37.079	
6	347.8, F	0.604	37.120	
6	54.5, F	2.218	37.162	
6	144.7, F	0.707	37.204	
6	13.2, F	0.646	37.246	
6	54.2, F	1.039	37.287	
6	47.3, F	1.288	37.329	
6	211.1, F	0.511	37.371	
6	89.9, F	2.649	37.412	
6	5.5, F	0.5	37.454	
6	39.3, F	1.204	37.496	
6	63.5, F	1.367	37.538	
6	106.9, F	1.13	37.579	
6	47.3, F	2.032	37.621	
6	193.3, F	0.414	37.663	
6	83.2, F	0.544	37.704	
6	72.5, F	2.099	37.746	
6	69.5, F	0.746	37.788	
6	356.6, F	0.561	37.829	
6	164.8, F	0.626	37.871	
6	43.5, F	2.248	37.913	
6	91.8, F	1.709	37.955	
6	30.2, F	0.346	37.996	
6	57.6, F	1.021	38.038	
6	90.1, F	0.51	38.080	
6	67.5, F	0.818	38.121	
6	68.0, F	1.883	38.163	
6	26.8, F	0.689	38.205	
6	5.1, F	1.736	38.247	
6	90.9, F	1.055	38.288	
6	77.7, F	1.201	38.330	
6	10.4, F	0.475	38.372	
6	92.1, F	1.491	38.413	
6	81.3, F	1.64	38.455	
6	20.6, F	0.529	38.497	
6	26.9, F	1.215	38.538	
6	41.1, F	1.055	38.580	
6	124.8, F	0.631	38.622	
6	94.6, F	1.531	38.664	
6	54.0, F	0.298	38.705	
6	64.1, F	2.128	38.747	
6	51.8, F	0.709	38.789	
6	64.7, F	1.823	38.830	
6	132.3, F	0.318	38.872	
6	79.5, F	2.027	38.914	
6	37.2, F	0.993	38.956	
6	347.8, F	0.392	38.997	
6	47.7, F	0.985	39.039	
6	94.0, F	1.891	39.081	
6	83.4, F	0.678	39.122	
6	61.4, F	0.929	39.164	
6	313.8, F	0.28	39.206	
6	66.5, F	1.481	39.248	
6	40.4, F	1.801	39.289	
6	131.0, F	0.151	39.331	
6	74.1, F	0.748	39.373	
6	69.3, F	1.91	39.414	
6	8.5, F	1.439	39.456	
6	103.2, F	0.729	39.498	
6	None	0	39.539	0.04200000000000159
6	62.2, F	2.04	39.581	
6	94.5, F	1.67	39.623	
6	324.9, F	1.949	39.665	
6	50.6, F	2.418	39.706	
6	172.0, F	0.684	39.748	
6	49.3, F	1.132	39.790	
6	217.4, F	0.591	39.831	
6	254.5, F	0.224	39.873	
6	77.0, F	2.153	39.915	
6	352.9, F	0.988	39.957	
6	140.4, F	0.86	39.998	
6	89.7, F	0.891	40.040	
6	57.3, F	2.259	40.082	
6	33.2, F	1.153	40.123	
6	59.4, F	2.506	40.165	
6	187.6, F	0.348	40.207	
6	50.7, F	1.964	40.249	
6	128.8, F	0.735	40.290	
6	93.6, F	1.06	40.332	
6	99.5, F	0.685	40.374	
6	60.0, F	2.265	40.415	
6	194.0, F	0.177	40.457	
6	167.3, F	0.324	40.499	
6	43.8, F	1.683	40.541	
6	48.0, F	0.899	40.582	
6	89.0, F	0.713	40.624	
6	30.3, F	0.558	40.666	
6	103.2, F	0.877	40.707	
6	82.7, F	1.159	40.749	
6	51.7, F	1.345	40.791	
6	38.8, F	1.201	40.832	
6	92.1, F	0.81	40.874	
6	59.9, F	1.972	40.916	
6	257.8, F	0.401	40.958	
6	351.1, F	0.487	40.999	
6	57.7, F	0.889	41.041	
6	340.0, F	0.721	41.083	
6	199.0, F	0.681	41.124	
6	306.4, F	0.17	41.166	
6	332.8, F	0.243	41.208	
6	294.1, F	0.133	41.250	
6	52.0, F	3.124	41.291	
6	None	0	41.333	
6	None	0	41.375	
6	None	0	41.416	
6	None	0	41.458	0.1670000000000016
6	52.9, F	0.113	41.500	
6	None	0	41.541	0.04200000000000159
6	51.1, F	0.119	41.583	
6	269.1, F	0.737	41.625	
6	None	0	41.667	0.04099999999999682
6	172.0, F	0.237	41.708	
6	14.1, F	0.532	41.750	
6	144.8, F	0.507	41.792	
6	131.0, F	0.523	41.833	
6	270.5, F	0.887	41.875	
6	353.3, F	0.267	41.917	
6	338.4, F	0.166	41.959	
6	187.3, F	0.794	42.000	
6	308.1, F	0.206	42.042	
6	None	0	42.084	0.04099999999999682
6	95.2, F	21.558	42.125	
6	89.0, F	1.044	42.167	
6	76.5, F	0.864	42.209	
6	81.5, F	1.02	42.251	
6	64.1, F	0.925	42.292	
6	165.1, F	0.767	42.334	
6	68.8, F	1.1	42.376	
6	59.2, F	1.139	42.417	
6	170.7, F	0.514	42.459	
6	112.8, F	0.897	42.501	
6	27.0, F	0.591	42.542	
6	106.0, F	0.912	42.584	
6	16.3, F	0.552	42.626	
6	118.0, F	0.622	42.668	
6	178.0, F	0.116	42.709	
6	154.9, F	0.676	42.751	
6	57.6, F	1.013	42.793	
6	183.2, F	0.658	42.834	
6	45.0, F	0.192	42.876	
6	94.5, F	1.102	42.918	
6	96.1, F	0.692	42.960	
6	195.1, F	0.231	43.001	
6	172.0, F	0.582	43.043	
6	91.2, F	1.147	43.085	
6	102.0, F	0.716	43.126	
6	180.5, F	0.59	43.168	
6	69.6, F	0.575	43.210	
6	117.5, F	2.041	43.252	
6	145.7, F	0.247	43.293	
6	38.6, F	1.033	43.335	
6	180.5, F	0.544	43.377	
6	130.5, F	1.174	43.418	
6	126.6, F	0.285	43.460	
6	99.1, F	0.74	43.502	
6	132.5, F	0.423	43.544	
6	74.4, F	0.975	43.585	
6	157.3, F	1.095	43.627	
6	84.5, F	0.964	43.669	
6	109.4, F	0.492	43.710	
6	35.0, F	0.703	43.752	
6	108.5, F	1.179	43.794	
6	113.2, F	0.941	43.835	
6	52.5, F	0.179	43.877	
6	101.3, F	1.368	43.919	
6	188.6, F	0.392	43.961	
6	118.5, F	1.541	44.002	
6	None	0	44.044	0.04200000000000159
6	119.3, F	1.226	44.086	
6	87.2, F	0.466	44.127	
6	98.6, F	1.181	44.169	
6	213.8, F	0.36	44.211	
6	133.1, F	1.9	44.253	
6	211.3, F	0.442	44.294	
6	10.0, F	0.207	44.336	
6	116.5, F	0.458	44.378	
6	139.9, F	1.169	44.419	
6	162.4, F	0.42	44.461	
6	169.9, F	0.938	44.503	
6	98.8, F	0.572	44.544	
6	191.4, F	1.198	44.586	
6	138.1, F	1.116	44.628	
6	200.4, F	0.583	44.670	
6	101.7, F	0.198	44.711	
6	150.0, F	1.481	44.753	
6	195.6, F	0.902	44.795	
6	180.5, F	0.37	44.836	
6	175.8, F	0.947	44.878	
6	159.0, F	1.001	44.920	
6	89.2, F	0.736	44.962	
6	199.9, F	0.591	45.003	
6	105.3, F	0.11	45.045	
6	155.0, F	0.922	45.087	
6	139.1, F	1.224	45.128	
6	153.2, F	0.389	45.170	
6	49.0, F	0.286	45.212	
6	99.5, F	1.143	45.254	
6	172.2, F	0.692	45.295	
6	153.0, F	1.004	45.337	
6	None	0	45.379	0.04100000000000392
6	164.8, F	0.749	45.420	
6	78.0, F	0.754	45.462	
6	168.9, F	0.141	45.504	
6	172.1, F	0.748	45.545	
6	104.0, F	0.966	45.587	
6	206.9, F	0.602	45.629	
6	341.1, F	0.124	45.671	
6	178.1, F	1.532	45.712	
6	116.0, F	0.456	45.754	
6	129.2, F	0.604	45.796	
6	321.7, F	0.637	45.837	
6	142.7, F	0.935	45.879	
6	203.4, F	0.658	45.921	
6	140.5, F	1.09	45.963	
6	259.9, F	0.314	46.004	
6	218.0, F	0.484	46.046	
6	252.9, F	0.501	46.088	
6	164.3, F	0.891	46.129	
6	126.4, F	0.278	46.171	
6	240.1, F	1.105	46.213	
6	181.0, F	1.462	46.255	
6	304.1, F	0.41	46.296	
6	100.5, F	0.606	46.338	
6	225.5, F	0.862	46.380	
6	177.1, F	0.941	46.421	
6	173.3, F	0.333	46.463	
6	326.4, F	0.351	46.505	
6	195.9, F	0.917	46.547	
6	225.2, F	0.479	46.588	
6	24.0, F	0.473	46.630	
6	230.1, F	1.084	46.672	
6	107.8, F	0.17	46.713	
6	182.8, F	0.799	46.755	
6	333.4, F	0.159	46.797	
6	251.3, F	0.137	46.838	
6	206.0, F	0.334	46.880	
6	228.7, F	0.966	46.922	
6	88.4, F	0.18	46.964	
6	161.8, F	0.321	47.005	
6	176.2, F	0.728	47.047	
6	170.9, F	0.29	47.089	
6	208.9, F	0.583	47.130	
6	214.3, F	1.011	47.172	
6	84.2, F	0.218	47.214	
6	230.3, F	1.327	47.256	
6	214.2, F	0.333	47.297	
6	155.0, F	0.773	47.339	
6	276.3, F	0.86	47.381	
6	199.8, F	0.676	47.422	
6	256.1, F	0.52	47.464	
6	144.0, F	0.482	47.506	
6	190.0, F	0.635	47.547	
6	245.3, F	0.564	47.589	
6	226.6, F	1.132	47.631	
6	333.4, F	0.172	47.673	
6	260.7, F	0.406	47.714	
6	242.0, F	1.151	47.756	
6	143.8, F	1.02	47.798	
6	253.0, F	0.85	47.839	
6	202.2, F	0.475	47.881	
6	270.5, F	1.255	47.923	
6	249.3, F	0.807	47.965	
6	204.2, F	0.744	48.006	
6	271.9, F	0.856	48.048	
6	244.8, F	1.505	48.090	
6	218.2, F	1.04	48.131	
6	181.7, F	0.102	48.173	
6	228.3, F	0.352	48.215	
6	237.3, F	1.367	48.257	
6	291.2, F	0.458	48.298	
6	102.6, F	0.281	48.340	
6	None	0	48.382	0.04100000000000392
6	278.1, F	0.409	48.423	
6	263.5, F	0.702	48.465	
6	204.7, F	0.098	48.507	
6	284.1, F	0.312	48.548	
6	272.3, F	0.721	48.590	
6	None	0	48.632	0.04200000000000159
6	321.4, F	0.298	48.674	
6	315.6, F	0.526	48.715	
6	238.8, F	1.126	48.757	
6	341.7, F	0.405	48.799	
6	322.9, F	0.499	48.840	
6	113.9, F	0.795	48.882	
6	254.2, F	0.42	48.924	
6	316.7, F	0.801	48.966	
6	155.4, F	0.365	49.007	
6	175.9, F	0.255	49.049	
6	336.7, F	0.565	49.091	
6	210.9, F	1.007	49.132	
6	73.4, F	0.34	49.174	
6	269.9, F	0.77	49.216	
6	197.6, F	0.192	49.258	
6	217.7, F	0.239	49.299	
6	205.8, F	0.363	49.341	
6	316.2, F	0.667	49.383	
6	152.5, F	1.171	49.424	
6	240.7, F	0.485	49.466	
6	164.9, F	0.712	49.508	
6	63.2, F	0.222	49.550	
6	254.6, F	0.748	49.591	
6	139.0, F	0.464	49.633	
6	148.0, F	0.502	49.675	
6	291.4, F	0.939	49.716	
6	46.3, F	0.221	49.758	
6	168.7, F	1.02	49.800	
6	109.7, F	0.181	49.841	
6	144.1, F	0.407	49.883	
6	15.1, F	0.319	49.925	
6	22.4, F	0.199	49.967	
6	223.5, F	1.297	50.008	
6	138.5, F	0.163	50.050	
6	145.2, F	0.352	50.092	
6	17.3, F	0.639	50.133	
6	174.6, F	0.633	50.175	
6	15.9, F	0.337	50.217	
6	165.0, F	1.124	50.259	
6	251.3, F	0.656	50.300	
6	34.1, F	0.742	50.342	
6	136.5, F	0.671	50.384	
6	293.3, F	0.714	50.425	
6	156.9, F	0.974	50.467	
6	304.5, F	0.596	50.509	
6	74.4, F	0.577	50.550	
6	282.5, F	0.374	50.592	
6	85.3, F	0.594	50.634	
6	254.6, F	0.355	50.676	
6	227.6, F	0.265	50.717	
6	107.4, F	0.828	50.759	
6	217.3, F	0.248	50.801	
6	210.2, F	0.274	50.842	
6	206.4, F	0.239	50.884	
6	353.0, F	0.751	50.926	
6	191.6, F	0.243	50.968	
6	179.8, F	0.259	51.009	
6	174.8, F	0.233	51.051	
6	357.4, F	0.855	51.093	
6	183.3, F	0.193	51.134	
6	191.2, F	0.128	51.176	
6	187.4, F	0.116	51.218	
6	166.8, F	0.14	51.260	
6	None	0	51.301	
6	None	0	51.343	0.08399999999999608
6	1.5, F	0.928	51.385	
6	None	0	51.426	
6	None	0	51.468	0.08399999999999608
6	179.6, F	0.926	51.510	
6	348.4, F	0.13	51.551	
6	338.3, F	0.154	51.593	
6	345.9, F	0.189	51.635	
6	335.5, F	0.222	51.677	
6	80.4, F	0.899	51.718	
6	319.4, F	0.175	51.760	
6	191.6, F	0.732	51.802	
6	336.3, F	0.424	51.843	
6	338.3, F	0.535	51.885	
6	192.3, F	0.452	51.927	
6	332.6, F	0.539	51.969	
6	124.6, F	0.901	52.010	
6	334.2, F	0.541	52.052	
6	202.3, F	0.622	52.094	
6	330.4, F	0.462	52.135	
6	126.2, F	0.969	52.177	
6	337.8, F	0.42	52.219	
6	343.5, F	0.447	52.261	
6	192.2, F	0.421	52.302	
6	344.9, F	0.415	52.344	
6	190.1, F	0.559	52.386	
6	340.2, F	0.413	52.427	
6	124.5, F	1.016	52.469	
6	339.2, F	0.534	52.511	
6	199.6, F	0.656	52.552	
6	311.3, F	0.327	52.594	
6	310.5, F	0.294	52.636	
6	75.7, F	0.776	52.678	
6	196.3, F	0.807	52.719	
6	320.3, F	0.288	52.761	
6	316.9, F	0.234	52.803	
6	314.5, F	0.221	52.844	
6	81.2, F	0.828	52.886	
6	309.8, F	0.133	52.928	
6	None	0	52.970	0.04100000000000392
6	183.9, F	0.868	53.011	
6	None	0	53.053	
6	None	0	53.095	
6	None	0	53.136	0.125
6	185.0, F	0.092	53.178	
6	188.4, F	0.13	53.220	
6	0.5, F	0.629	53.262	
6	180.1, F	0.423	53.303	
6	181.4, F	0.466	53.345	
6	355.6, F	0.451	53.387	
6	176.9, F	0.678	53.428	
6	30.5, F	0.138	53.470	
6	47.9, F	0.139	53.512	
6	80.2, F	0.183	53.553	
6	90.9, F	0.251	53.595	
6	94.0, F	0.299	53.637	
6	266.9, F	0.625	53.679	
6	109.5, F	0.38	53.720	
6	108.4, F	0.367	53.762	
6	252.3, F	0.69	53.804	
6	116.6, F	0.32	53.845	
6	19.9, F	0.831	53.887	
6	253.0, F	0.736	53.929	
6	128.0, F	0.344	53.971	
6	128.3, F	0.326	54.012	
6	254.1, F	0.791	54.054	
6	13.0, F	0.589	54.096	
6	168.7, F	0.336	54.137	
6	168.3, F	0.345	54.179	
6	2.9, F	0.673	54.221	
6	182.4, F	0.331	54.263	
6	184.3, F	0.33	54.304	
6	354.7, F	0.627	54.346	
6	191.0, F	0.351	54.388	
6	196.7, F	0.443	54.429	
6	329.6, F	0.485	54.471	
6	203.1, F	0.607	54.513	
6	57.3, F	0.799	54.554	
6	299.3, F	0.322	54.596	
6	196.7, F	0.904	54.638	
6	88.5, F	0.709	54.680	
6	277.5, F	0.283	54.721	
6	296.5, F	0.278	54.763	
6	299.9, F	0.212	54.805	
6	83.6, F	0.827	54.846	
6	326.6, F	0.214	54.888	
6	349.5, F	0.373	54.930	
6	181.2, F	0.565	54.972	
6	5.3, F	0.426	55.013	
6	137.4, F	0.532	55.055	
6	24.0, F	0.897	55.097	
6	251.8, F	0.546	55.138	
6	112.6, F	0.438	55.180	
6	254.1, F	0.592	55.222	
6	30.1, F	1.82	55.264	
6	191.6, F	0.337	55.305	
6	201.8, F	0.228	55.347	
6	184.3, F	0.215	55.389	
6	358.5, F	0.847	55.430	
6	217.0, F	0.126	55.472	
6	198.0, F	0.136	55.514	
6	185.1, F	0.191	55.555	
6	172.7, F	0.329	55.597	
6	0.9, F	0.609	55.639	
6	177.9, F	0.455	55.681	
6	196.6, F	0.578	55.722	
6	328.3, F	0.316	55.764	
6	82.3, F	0.813	55.806	
6	308.5, F	0.18	55.847	
6	279.2, F	0.094	55.889	
6	183.0, F	0.93	55.931	
6	None	0	55.973	
6	None	0	56.014	
6	None	0	56.056	0.125
6	143.0, F	0.126	56.098	
6	6.8, F	0.864	56.139	
6	134.4, F	0.2	56.181	
6	130.1, F	0.2	56.223	
6	130.4, F	0.257	56.265	
6	253.8, F	0.748	56.306	
6	131.2, F	0.367	56.348	
6	21.6, F	0.75	56.390	
6	133.0, F	0.387	56.431	
6	248.8, F	0.741	56.473	
6	136.3, F	0.538	56.515	
6	33.5, F	0.676	56.556	
6	235.3, F	0.742	56.598	
6	21.0, F	0.452	56.640	
6	145.8, F	0.554	56.682	
6	298.8, F	0.903	56.723	
6	155.0, F	0.651	56.765	
6	36.5, F	0.448	56.807	
6	158.7, F	0.728	56.848	
6	293.9, F	0.754	56.890	
6	53.8, F	0.356	56.932	
6	70.3, F	0.377	56.974	
6	212.1, F	1.097	57.015	
6	96.1, F	0.413	57.057	
6	123.1, F	0.401	57.099	
6	332.3, F	1.023	57.140	
6	98.6, F	0.668	57.182	
6	233.8, F	0.2	57.224	
6	181.5, F	0.232	57.266	
6	172.3, F	0.284	57.307	
6	14.0, F	0.616	57.349	
6	153.8, F	0.391	57.391	
6	109.3, F	0.194	57.432	
6	71.5, F	0.22	57.474	
6	334.5, F	0.692	57.516	
6	41.8, F	1.2	57.557	
6	2.1, F	0.332	57.599	
6	132.1, F	0.522	57.641	
6	29.5, F	1.171	57.683	
6	323.1, F	0.181	57.724	
6	18.3, F	0.392	57.766	
6	129.4, F	0.484	57.808	
6	31.5, F	1.027	57.849	
6	259.3, F	0.215	57.891	
6	34.9, F	0.182	57.933	
6	61.3, F	0.348	57.975	
6	150.7, F	0.974	58.016	
6	313.3, F	0.356	58.058	
6	86.1, F	0.993	58.100	
6	85.5, F	0.167	58.141	
6	94.6, F	0.2	58.183	
6	263.4, F	0.551	58.225	
6	107.4, F	0.744	58.267	
6	199.2, F	0.395	58.308	
6	1.2, F	0.496	58.350	
6	163.4, F	0.495	58.392	
6	57.3, F	0.429	58.433	
6	149.8, F	1.066	58.475	
6	263.4, F	0.166	58.517	
6	192.8, F	0.217	58.558	
6	160.1, F	0.282	58.600	
6	14.1, F	0.723	58.642	
6	122.2, F	0.298	58.684	
6	F	0.3	58.725	
6	141.8, F	0.475	58.767	
6	310.3, F	0.851	58.809	
6	142.2, F	0.634	58.850	
6	41.5, F	0.526	58.892	
6	221.1, F	0.971	58.934	
6	66.1, F	0.338	58.976	
6	75.4, F	0.267	59.017	
6	272.0, F	0.734	59.059	
6	96.2, F	0.222	59.101	
6	89.0, F	0.176	59.142	
6	77.5, F	0.176	59.184	
6	75.6, F	0.209	59.226	
6	274.1, F	0.831	59.268	
6	39.3, F	0.15	59.309	
6	12.9, F	0.179	59.351	
6	179.9, F	0.739	59.393	
6	343.1, F	0.327	59.434	
6	343.2, F	0.349	59.476	
6	191.0, F	0.447	59.518	
6	345.4, F	0.625	59.559	
6	324.8, F	0.266	59.601	
6	66.0, F	0.735	59.643	
6	311.8, F	0.437	59.685	
6	212.0, F	0.623	59.726	
6	37.8, F	0.741	59.768	
6	247.5, F	0.575	59.810	
6	19.5, F	0.846	59.851	
6	254.7, F	0.767	59.893	
6	178.6, F	0.284	59.935	
6	197.8, F	0.314	59.977	
6	343.5, F	0.541	60.018	
6	211.7, F	0.647	60.060	
6	90.6, F	0.444	60.102	
6	249.4, F	0.562	60.143	
6	136.9, F	0.589	60.185	
6	229.7, F	0.973	60.227	
6	114.4, F	0.361	60.269	
6	142.3, F	0.56	60.310	
6	272.6, F	0.784	60.352	
6	168.0, F	1.243	60.394	
6	100.7, F	0.14	60.435	
6	170.3, F	0.578	60.477	
6	161.3, F	0.841	60.519	
6	301.9, F	0.501	60.560	
6	109.0, F	1.045	60.602	
6	197.2, F	0.601	60.644	
6	24.1, F	0.115	60.686	
6	151.7, F	0.306	60.727	
6	168.9, F	0.755	60.769	
6	105.4, F	0.32	60.811	
6	271.0, F	0.408	60.852	
6	112.9, F	0.985	60.894	
6	180.4, F	0.968	60.936	
6	147.2, F	0.426	60.978	
6	148.7, F	0.466	61.019	
6	286.8, F	0.71	61.061	
6	108.5, F	0.905	61.103	
6	190.1, F	0.662	61.144	
6	None	0	61.186	0.04200000000000159
6	138.6, F	0.558	61.228	
6	145.6, F	1.338	61.270	
6	195.7, F	0.659	61.311	
6	None	0	61.353	0.04200000000000159
6	146.6, F	0.391	61.395	
6	151.6, F	1.014	61.436	
6	102.2, F	0.715	61.478	
6	194.2, F	0.502	61.520	
6	342.8, F	0.237	61.561	
6	172.5, F	1.248	61.603	
6	24.3, F	0.455	61.645	
6	164.4, F	0.772	61.687	
6	88.4, F	0.211	61.728	
6	231.9, F	0.883	61.770	
6	58.2, F	0.275	61.812	
6	167.8, F	1.019	61.853	
6	151.7, F	0.408	61.895	
6	263.1, F	0.986	61.937	
6	193.2, F	0.46	61.979	
6	141.5, F	0.969	62.020	
6	261.0, F	0.415	62.062	
6	226.1, F	1.379	62.104	
6	201.5, F	0.273	62.145	
6	213.5, F	0.941	62.187	
6	114.3, F	0.352	62.229	
6	189.2, F	0.917	62.271	
6	201.0, F	0.316	62.312	
6	211.6, F	0.713	62.354	
6	281.5, F	0.33	62.396	
6	157.7, F	1.059	62.437	
6	255.4, F	0.487	62.479	
6	154.8, F	0.922	62.521	
6	272.5, F	0.44	62.562	
6	141.3, F	1.035	62.604	
6	153.5, F	0.546	62.646	
6	187.9, F	0.676	62.688	
6	109.9, F	0.153	62.729	
6	167.7, F	1.068	62.771	
6	186.6, F	0.586	62.813	
6	90.0, F	0.258	62.854	
6	203.8, F	0.139	62.896	
6	171.9, F	1.497	62.938	
6	172.6, F	0.962	62.980	
6	172.4, F	0.676	63.021	
6	139.3, F	0.554	63.063	
6	142.4, F	1.15	63.105	
6	224.7, F	2.564	63.146	
6	133.8, F	0.471	63.188	
6	216.3, F	1.094	63.230	
6	166.2, F	0.973	63.272	
6	167.0, F	0.52	63.313	
6	105.1, F	0.241	63.355	
6	231.2, F	0.732	63.397	
6	168.4, F	1.67	63.438	
6	94.1, F	0.558	63.480	
6	211.2, F	0.547	63.522	
6	182.2, F	1.15	63.563	
6	158.7, F	1.159	63.605	
6	58.8, F	0.676	63.647	
6	185.2, F	1.225	63.689	
6	132.2, F	1.184	63.730	
6	162.3, F	1.123	63.772	
6	207.7, F	0.752	63.814	
6	102.2, F	0.896	63.855	
6	177.9, F	0.823	63.897	
6	155.6, F	1.101	63.939	
6	179.2, F	0.45	63.981	
6	175.2, F	0.815	64.022	
6	111.0, F	0.672	64.064	
6	132.5, F	1.809	64.106	
6	350.5, F	0.556	64.147	
6	172.4, F	0.827	64.189	
6	83.0, F	0.656	64.231	
6	119.6, F	1.358	64.273	
6	327.4, F	0.254	64.314	
6	129.4, F	1.735	64.356	
6	177.2, F	0.141	64.398	
6	60.2, F	1.208	64.439	
6	159.5, F	0.955	64.481	
6	82.3, F	0.819	64.523	
6	110.5, F	0.174	64.564	
6	111.4, F	1.331	64.606	
6	F	0.965	64.648	
6	16.4, F	0.283	64.690	
6	156.4, F	1.077	64.731	
6	154.0, F	0.676	64.773	
6	63.4, F	1.131	64.815	
6	163.6, F	0.931	64.856	
6	82.3, F	0.756	64.898	
6	130.0, F	1.082	64.940	
6	75.8, F	0.232	64.982	
6	103.6, F	0.742	65.023	
6	137.5, F	0.551	65.065	
6	129.1, F	1.553	65.107	
6	298.3, F	2.645	65.148	
6	109.1, F	1.26	65.190	
6	39.8, F	0.797	65.232	
6	82.4, F	0.922	65.274	
6	163.6, F	1.057	65.315	
6	205.6, F	0.304	65.357	
6	148.1, F	0.269	65.399	
6	135.4, F	2.657	65.440	
6	None	0	65.482	0.04200000000000159
6	226.4, F	0.18	65.524	
6	2.1, F	1.26	65.566	
6	94.5, F	0.717	65.607	
6	212.9, F	0.53	65.649	
6	92.5, F	0.752	65.691	
6	200.4, F	0.459	65.732	
6	215.1, F	1.016	65.774	
6	82.3, F	1.549	65.816	
6	305.0, F	0.426	65.857	
6	217.6, F	0.928	65.899	
6	357.0, F	0.583	65.941	
6	8.4, F	0.342	65.983	
6	205.5, F	0.884	66.024	
6	80.8, F	1.764	66.066	
6	291.6, F	0.399	66.108	
6	273.5, F	0.312	66.149	
6	51.6, F	0.275	66.191	
6	175.0, F	1.073	66.233	
6	301.5, F	0.574	66.275	
6	18.7, F	0.306	66.316	
6	345.2, F	0.262	66.358	
6	27.9, F	0.169	66.400	
6	311.1, F	0.395	66.441	
6	200.0, F	1.84	66.483	
6	12.6, F	1.584	66.525	
6	120.6, F	0.486	66.566	
6	239.6, F	0.303	66.608	
6	221.8, F	0.365	66.650	
6	222.3, F	0.419	66.692	
6	111.0, F	1.391	66.733	
6	214.2, F	0.331	66.775	
6	208.6, F	0.321	66.817	
6	112.5, F	0.369	66.858	
6	20.1, F	1.304	66.900	
6	171.9, F	0.719	66.942	
6	162.2, F	0.771	66.984	
6	64.4, F	0.442	67.025	
6	320.2, F	0.422	67.067	
6	182.9, F	1.406	67.109	
6	11.8, F	0.392	67.150	
6	60.0, F	0.354	67.192	
6	78.7, F	0.484	67.234	
6	102.5, F	0.775	67.276	
6	103.9, F	0.563	67.317	
6	225.7, F	0.653	67.359	
6	97.8, F	1.115	67.401	
6	154.2, F	0.228	67.442	
6	231.1, F	0.494	67.484	
6	13.7, F	0.792	67.526	
6	169.6, F	0.861	67.567	
6	33.6, F	0.542	67.609	
6	185.4, F	1.07	67.651	
6	356.5, F	0.362	67.693	
6	13.7, F	0.165	67.734	
6	None	0	67.776	0.04200000000000159
6	231.2, F	0.297	67.818	
6	163.6, F	0.348	67.859	
6	214.4, F	0.766	67.901	
6	203.3, F	0.761	67.943	
6	320.0, F	0.664	67.985	
6	147.1, F	1.145	68.026	
6	291.2, F	0.867	68.068	
6	93.3, F	0.382	68.110	
6	264.6, F	1.274	68.151	
6	113.2, F	0.699	68.193	
6	172.0, F	0.496	68.235	
6	201.9, F	0.207	68.277	
6	197.4, F	0.535	68.318	
6	194.8, F	0.59	68.360	
6	351.5, F	0.475	68.402	
6	182.0, F	1.209	68.443	
6	43.8, F	0.536	68.485	
6	241.6, F	0.156	68.527	
6	204.3, F	0.212	68.569	
6	117.2, F	0.197	68.610	
6	143.2, F	0.336	68.652	
6	130.1, F	0.334	68.694	
6	132.2, F	0.53	68.735	
6	226.2, F	0.982	68.777	
6	60.6, F	0.848	68.819	
6	299.8, F	0.6	68.860	
6	138.5, F	1.179	68.902	
6	297.5, F	0.375	68.944	
6	296.0, F	0.235	68.986	
6	87.6, F	1.123	69.027	
6	266.8, F	0.8	69.069	
6	202.5, F	0.144	69.111	
6	178.1, F	0.123	69.152	
6	176.1, F	0.145	69.194	
6	153.8, F	0.131	69.236	
6	354.4, F	0.163	69.278	
6	189.8, F	0.234	69.319	
6	None	0	69.361	
6	None	0	69.403	
6	None	0	69.444	
6	None	0	69.486	
6	None	0	69.528	0.2079999999999984
6	217.6, F	0.225	69.569	
6	219.3, F	0.256	69.611	
6	88.1, F	0.95	69.653	
6	242.1, F	0.334	69.695	
6	227.0, F	0.384	69.736	
6	233.4, F	0.33	69.778	
6	56.0, F	1.039	69.820	
6	211.8, F	0.754	69.861	
6	319.8, F	0.91	69.903	
6	136.3, F	0.84	69.945	
6	309.9, F	0.701	69.987	
6	146.7, F	0.988	70.028	
6	305.5, F	0.731	70.070	
6	61.3, F	0.619	70.112	
6	213.3, F	1.256	70.153	
6	61.3, F	0.613	70.195	
6	286.8, F	0.791	70.237	
6	70.5, F	0.564	70.279	
6	65.7, F	0.457	70.320	
6	215.4, F	1.602	70.362	
6	34.6, F	0.729	70.404	
6	67.1, F	0.54	70.445	
6	278.2, F	0.847	70.487	
6	75.9, F	0.443	70.529	
6	69.2, F	0.51	70.570	
6	216.9, F	1.866	70.612	
6	27.0, F	0.587	70.654	
6	62.5, F	0.343	70.696	
6	70.4, F	0.277	70.737	
6	275.1, F	1.261	70.779	
6	77.5, F	0.794	70.821	
6	69.1, F	0.249	70.862	
6	66.2, F	0.266	70.904	
6	276.8, F	1.19	70.946	
6	81.3, F	0.848	70.988	
6	171.3, F	1.435	71.029	
6	291.3, F	1.315	71.071	
6	77.3, F	0.876	71.113	
6	69.3, F	0.235	71.154	
6	84.2, F	0.219	71.196	
6	275.7, F	1.197	71.238	
6	75.2, F	0.764	71.280	
6	52.0, F	0.323	71.321	
6	69.0, F	0.17	71.363	
6	280.3, F	1.252	71.405	
6	154.9, F	1.443	71.446	
6	2.4, F	0.747	71.488	
6	42.3, F	0.122	71.530	
6	28.7, F	0.181	71.572	
6	42.5, F	0.148	71.613	
6	178.9, F	1.352	71.655	
6	1.4, F	0.551	71.697	
6	None	0	71.738	0.04200000000000159
6	183.9, F	0.162	71.780	
6	189.2, F	0.187	71.822	
6	350.0, F	0.253	71.863	
6	192.3, F	0.259	71.905	
6	325.5, F	0.171	71.947	
6	318.5, F	0.198	71.989	
6	204.7, F	0.336	72.030	
6	338.5, F	0.286	72.072	
6	205.4, F	0.531	72.114	
6	101.8, F	0.221	72.155	
6	258.0, F	0.279	72.197	
6	127.8, F	0.237	72.239	
6	239.9, F	0.209	72.281	
6	118.4, F	0.28	72.322	
6	223.5, F	0.219	72.364	
6	350.0, F	1.273	72.406	
6	162.0, F	0.583	72.447	
6	111.8, F	0.337	72.489	
6	227.0, F	0.221	72.531	
6	207.1, F	0.34	72.572	
6	96.7, F	0.187	72.614	
6	295.9, F	0.332	72.656	
6	101.1, F	0.114	72.698	
6	127.0, F	0.096	72.739	
6	304.0, F	0.443	72.781	
6	4.0, F	0.376	72.823	
6	358.9, F	0.412	72.864	
6	None	0	72.906	
6	None	0	72.948	
6	None	0	72.990	0.125
6	356.1, F	0.104	73.031	
6	347.4, F	0.096	73.073	
6	None	0	73.115	0.04100000000001103
6	275.5, F	0.116	73.156	
6	None	0	73.198	
6	None	0	73.240	
6	None	0	73.282	
6	None	0	73.323	
6	None	0	73.365	0.20900000000000318
6	20.8, F	0.166	73.407	
6	None	0	73.448	0.04200000000000159
6	46.6, F	0.226	73.490	
6	44.2, F	0.244	73.532	
6	177.6, F	1.322	73.573	
6	359.5, F	0.683	73.615	
6	35.7, F	0.206	73.657	
6	31.7, F	0.2	73.699	
6	283.7, F	0.338	73.740	
6	46.7, F	0.168	73.782	
6	15.7, F	0.222	73.824	
6	181.8, F	1.223	73.865	
6	2.6, F	0.629	73.907	
6	30.7, F	0.215	73.949	
6	329.3, F	0.28	73.991	
6	172.6, F	1.058	74.032	
6	351.2, F	0.886	74.074	
6	39.6, F	0.477	74.116	
6	185.2, F	0.962	74.157	
6	351.0, F	0.478	74.199	
6	352.5, F	0.472	74.241	
6	162.8, F	0.809	74.283	
6	343.3, F	0.585	74.324	
6	342.9, F	0.566	74.366	
6	156.7, F	0.691	74.408	
6	350.1, F	0.604	74.449	
6	192.8, F	0.729	74.491	
6	17.9, F	0.661	74.533	
6	194.1, F	0.704	74.575	
6	17.0, F	0.67	74.616	
6	192.1, F	0.776	74.658	
6	14.0, F	0.669	74.700	
6	196.4, F	0.678	74.741	
6	21.6, F	0.716	74.783	
6	191.4, F	0.618	74.825	
6	353.3, F	0.766	74.866	
6	140.2, F	0.475	74.908	
6	181.8, F	0.386	74.950	
6	354.8, F	1.016	74.992	
6	187.0, F	0.277	75.033	
6	177.1, F	0.237	75.075	
6	201.4, F	0.326	75.117	
6	353.2, F	1.024	75.158	
6	111.0, F	0.344	75.200	
6	199.3, F	0.254	75.242	
6	218.5, F	0.239	75.284	
6	91.6, F	0.348	75.325	
6	221.2, F	0.194	75.367	
6	221.8, F	0.177	75.409	
6	244.3, F	0.154	75.450	
6	7.2, F	1.436	75.492	
6	206.7, F	0.686	75.534	
6	102.8, F	0.199	75.575	
6	256.5, F	0.308	75.617	
6	66.7, F	0.142	75.659	
6	None	0	75.701	
6	None	0	75.742	0.08300000000001262
6	195.3, F	0.11	75.784	
6	None	0	75.826	
6	None	0	75.867	
6	None	0	75.909	
6	None	0	75.951	
6	None	0	75.993	0.20800000000001262
6	210.0, F	0.126	76.034	
6	212.1, F	0.13	76.076	
6	217.7, F	0.139	76.118	
6	227.2, F	0.187	76.159	
6	226.1, F	0.283	76.201	
6	238.7, F	0.275	76.243	
6	344.8, F	1.088	76.285	
6	106.4, F	1.001	76.326	
6	211.4, F	0.513	76.368	
6	207.3, F	0.539	76.410	
6	348.7, F	0.737	76.451	
6	191.7, F	0.551	76.493	
6	351.0, F	0.682	76.535	
6	121.6, F	1.378	76.576	
6	299.2, F	0.924	76.618	
6	185.4, F	0.815	76.660	
6	346.4, F	0.471	76.702	
6	189.4, F	0.948	76.743	
6	77.4, F	1.251	76.785	
6	287.0, F	0.734	76.827	
6	329.4, F	0.244	76.868	
6	332.4, F	0.182	76.910	
6	320.0, F	0.193	76.952	
6	188.0, F	1.46	76.994	
6	72.7, F	1.059	77.035	
6	324.7, F	0.451	77.077	
6	226.4, F	0.472	77.119	
6	296.0, F	0.381	77.160	
6	116.8, F	0.817	77.202	
6	271.0, F	0.41	77.244	
6	248.7, F	0.57	77.286	
6	101.4, F	0.631	77.327	
6	247.8, F	0.662	77.369	
6	114.6, F	0.452	77.411	
6	242.3, F	0.914	77.452	
6	25.9, F	0.822	77.494	
6	152.4, F	0.607	77.536	
6	301.6, F	1.218	77.578	
6	135.4, F	1.153	77.619	
6	22.9, F	0.416	77.661	
6	39.4, F	0.29	77.703	
6	226.6, F	1.665	77.744	
6	76.8, F	0.613	77.786	
6	77.1, F	0.193	77.828	
6	124.8, F	0.163	77.869	
6	145.5, F	0.221	77.911	
6	38.1, F	0.182	77.953	
6	252.7, F	1.379	77.995	
6	80.0, F	0.606	78.036	
6	62.9, F	0.18	78.078	
6	68.6, F	0.168	78.120	
6	88.6, F	0.119	78.161	
6	43.1, F	0.127	78.203	
6	187.8, F	0.52	78.245	
6	232.5, F	0.108	78.287	
6	222.8, F	0.316	78.328	
6	225.7, F	0.216	78.370	
6	230.0, F	0.229	78.412	
6	343.9, F	1.226	78.453	
6	173.1, F	0.735	78.495	
6	None	0	78.537	
6	None	0	78.578	0.08299999999999841
6	261.3, F	0.815	78.620	
6	223.8, F	0.277	78.662	
6	344.6, F	1.117	78.704	
6	132.9, F	1.018	78.745	
6	249.9, F	0.52	78.787	
6	119.4, F	0.375	78.829	
6	324.9, F	1.278	78.870	
6	167.4, F	0.898	78.912	
6	114.8, F	0.243	78.954	
6	131.5, F	0.196	78.996	
6	310.6, F	1.833	79.037	
6	147.4, F	0.926	79.079	
6	220.5, F	0.1	79.121	
6	248.9, F	0.236	79.162	
6	113.5, F	0.203	79.204	
6	257.0, F	0.271	79.246	
6	145.0, F	0.176	79.288	
6	1.4, F	1.281	79.329	
6	210.6, F	0.685	79.371	
6	45.7, F	0.117	79.413	
6	5.7, F	0.21	79.454	
6	346.7, F	0.27	79.496	
6	202.2, F	0.291	79.538	
6	346.0, F	0.373	79.579	
6	273.4, F	0.239	79.621	
6	301.7, F	0.368	79.663	
6	72.4, F	0.606	79.705	
6	309.3, F	0.597	79.746	
6	308.1, F	0.736	79.788	
6	156.0, F	0.741	79.830	
6	39.2, F	0.697	79.871	
6	237.3, F	1.028	79.913	
6	23.8, F	0.744	79.955	
6	147.1, F	0.311	79.997	
6	132.2, F	0.261	80.038	
6	319.6, F	1.615	80.080	
6	123.4, F	0.985	80.122	
6	42.8, F	0.217	80.163	
6	41.0, F	0.245	80.205	
6	254.8, F	1.156	80.247	
6	21.6, F	0.448	80.289	
6	137.7, F	0.165	80.330	
6	91.5, F	0.148	80.372	
6	69.7, F	0.181	80.414	
6	56.7, F	0.306	80.455	
6	62.1, F	0.329	80.497	
6	283.9, F	0.784	80.539	
6	64.3, F	0.374	80.581	
6	63.7, F	0.463	80.622	
6	301.4, F	0.659	80.664	
6	147.7, F	0.764	80.706	
6	42.0, F	0.529	80.747	
6	216.4, F	0.91	80.789	
6	45.7, F	0.583	80.831	
6	310.6, F	0.668	80.872	
6	141.8, F	0.706	80.914	
6	316.0, F	0.78	80.956	
6	131.8, F	0.626	80.998	
6	320.3, F	0.798	81.039	
6	135.5, F	0.653	81.081	
6	319.6, F	0.694	81.123	
6	139.7, F	0.679	81.164	
6	317.3, F	0.677	81.206	
6	147.1, F	0.772	81.248	
6	43.8, F	0.588	81.290	
6	222.9, F	0.876	81.331	
6	40.8, F	0.552	81.373	
6	301.2, F	0.948	81.415	
6	160.9, F	0.614	81.456	
6	29.2, F	0.5	81.498	
6	169.8, F	0.6	81.540	
6	14.9, F	0.521	81.581	
6	253.2, F	1.465	81.623	
6	43.6, F	0.779	81.665	
6	186.1, F	0.505	81.707	
6	0.6, F	0.492	81.748	
6	184.8, F	0.518	81.790	
6	9.8, F	0.501	81.832	
6	178.5, F	0.546	81.873	
6	15.6, F	0.502	81.915	
6	169.1, F	0.592	81.957	
6	29.0, F	0.483	81.999	
6	162.2, F	0.592	82.040	
6	34.8, F	0.509	82.082	
6	298.6, F	0.913	82.124	
6	156.1, F	0.727	82.165	
6	40.4, F	0.614	82.207	
6	157.2, F	0.857	82.249	
6	300.1, F	0.848	82.291	
6	42.0, F	0.68	82.332	
6	226.6, F	1.081	82.374	
6	40.0, F	0.701	82.416	
6	130.5, F	0.538	82.457	
6	306.3, F	0.959	82.499	
6	134.8, F	0.488	82.541	
6	123.7, F	0.431	82.582	
6	315.9, F	1.187	82.624	
6	106.7, F	0.394	82.666	
6	92.3, F	0.369	82.708	
6	87.5, F	0.301	82.749	
6	277.5, F	1.174	82.791	
6	67.3, F	0.316	82.833	
6	68.4, F	0.25	82.874	
6	62.2, F	0.287	82.916	
6	133.2, F	0.288	82.958	
6	295.3, F	1.286	83.000	
6	99.4, F	0.951	83.041	
6	112.0, F	0.393	83.083	
6	261.4, F	0.508	83.125	
6	41.3, F	0.808	83.166	
6	255.8, F	0.497	83.208	
6	98.1, F	0.491	83.250	
6	237.3, F	0.37	83.292	
6	95.9, F	0.779	83.333	
6	254.6, F	0.106	83.375	
6	None	0	83.417	
6	None	0	83.458	
6	None	0	83.500	0.125
6	23.2, F	0.107	83.542	
6	14.7, F	0.193	83.584	
6	None	0	83.625	
6	None	0	83.667	0.08400000000000318
6	26.6, F	0.096	83.709	
6	None	0	83.750	0.04200000000000159
6	145.2, F	0.096	83.792	
6	None	0	83.834	
6	None	0	83.875	0.08299999999999841
6	329.6, F	0.166	83.917	
6	333.4, F	0.364	83.959	
6	201.1, F	0.815	84.001	
6	324.0, F	0.377	84.042	
6	311.3, F	0.395	84.084	
6	155.4, F	0.976	84.126	
6	297.8, F	0.764	84.167	
6	37.9, F	0.484	84.209	
6	56.0, F	0.351	84.251	
6	224.8, F	1.327	84.293	
6	41.5, F	0.403	84.334	
6	46.1, F	0.407	84.376	
6	51.3, F	0.369	84.418	
6	287.3, F	1.075	84.459	
6	172.5, F	0.855	84.501	
6	17.4, F	0.321	84.543	
6	3.7, F	0.283	84.584	
6	348.7, F	0.3	84.626	
6	196.7, F	0.682	84.668	
6	340.9, F	0.409	84.710	
6	161.6, F	0.636	84.751	
6	327.5, F	0.556	84.793	
6	20.5, F	0.501	84.835	
6	177.3, F	0.493	84.876	
6	356.0, F	0.444	84.918	
6	199.4, F	0.419	84.960	
6	343.8, F	0.501	85.002	
6	197.5, F	0.587	85.043	
6	344.7, F	0.405	85.085	
6	188.1, F	0.492	85.127	
6	1.9, F	0.382	85.168	
6	179.3, F	0.788	85.210	
6	10.4, F	0.326	85.252	
6	22.7, F	0.21	85.294	
6	49.6, F	0.167	85.335	
6	57.3, F	0.15	85.377	
6	172.9, F	1.412	85.419	
6	22.4, F	0.495	85.460	
6	221.0, F	0.367	85.502	
6	34.5, F	0.475	85.544	
6	203.4, F	0.313	85.585	
6	334.4, F	0.16	85.627	
6	135.5, F	0.6	85.669	
6	349.5, F	0.159	85.711	
6	324.8, F	0.104	85.752	
6	322.9, F	0.118	85.794	
6	None	0	85.836	0.04099999999999682
6	187.1, F	0.725	85.877	
6	None	0	85.919	
6	None	0	85.961	0.08400000000000318
6	67.5, F	0.094	86.003	
6	None	0	86.044	
6	None	0	86.086	0.08400000000000318
6	295.4, F	0.158	86.128	
6	273.6, F	0.348	86.169	
6	38.4, F	0.179	86.211	
6	3.7, F	0.249	86.253	
6	209.1, F	0.358	86.295	
6	341.6, F	0.333	86.336	
6	221.8, F	0.302	86.378	
6	323.7, F	0.441	86.420	
6	238.0, F	0.442	86.461	
6	70.7, F	0.755	86.503	
6	227.3, F	0.449	86.545	
6	315.2, F	0.416	86.587	
6	111.6, F	0.771	86.628	
6	307.6, F	0.408	86.670	
6	230.4, F	0.565	86.712	
6	73.0, F	0.647	86.753	
6	276.9, F	0.495	86.795	
6	221.6, F	0.802	86.837	
6	96.8, F	0.629	86.878	
6	266.5, F	0.453	86.920	
6	95.6, F	0.623	86.962	
6	260.3, F	0.42	87.004	
6	96.7, F	0.661	87.045	
6	266.2, F	0.389	87.087	
6	263.9, F	0.311	87.129	
6	87.9, F	0.811	87.170	
6	298.4, F	0.367	87.212	
6	308.6, F	0.411	87.254	
6	315.3, F	0.402	87.296	
6	80.5, F	0.906	87.337	
6	313.1, F	0.345	87.379	
6	227.5, F	0.434	87.421	
6	353.9, F	0.215	87.462	
6	148.6, F	0.117	87.504	
6	107.7, F	0.151	87.546	
6	20.3, F	0.691	87.587	
6	63.4, F	0.646	87.629	
6	25.5, F	0.256	87.671	
6	170.6, F	0.672	87.713	
6	30.2, F	0.603	87.754	
6	30.1, F	1.307	87.796	
6	196.2, F	0.892	87.838	
6	94.7, F	1.151	87.879	
6	272.5, F	0.523	87.921	
6	44.7, F	0.431	87.963	
6	57.3, F	0.536	88.005	
6	348.9, F	0.426	88.046	
6	None	0	88.088	0.04200000000000159
6	35.7, F	0.206	88.130	
6	41.4, F	0.222	88.171	
6	29.1, F	0.292	88.213	
6	31.4, F	0.268	88.255	
6	28.7, F	0.435	88.297	
6	236.3, F	1.338	88.338	
6	63.6, F	0.888	88.380	
6	24.0, F	0.376	88.422	
6	146.8, F	0.433	88.463	
6	304.9, F	1.123	88.505	
6	129.4, F	0.377	88.547	
6	111.4, F	0.337	88.588	
6	131.1, F	0.345	88.630	
6	252.3, F	0.838	88.672	
6	31.7, F	0.962	88.714	
6	96.2, F	0.543	88.755	
6	275.0, F	0.346	88.797	
6	86.8, F	0.704	88.839	
6	273.9, F	0.249	88.880	
6	278.7, F	0.323	88.922	
6	308.3, F	0.496	88.964	
6	62.8, F	0.644	89.006	
6	248.6, F	0.499	89.047	
6	109.7, F	0.565	89.089	
6	291.2, F	0.702	89.131	
6	125.0, F	0.717	89.172	
6	300.2, F	0.39	89.214	
6	77.6, F	0.831	89.256	
6	191.7, F	0.625	89.298	
6	290.2, F	0.113	89.339	
6	348.1, F	0.102	89.381	
6	102.7, F	0.159	89.423	
6	103.3, F	0.336	89.464	
6	100.6, F	0.543	89.506	
6	None	0	89.548	0.04200000000000159
6	97.6, F	0.204	89.590	
6	94.7, F	0.363	89.631	
6	272.5, F	0.723	89.673	
6	102.5, F	0.336	89.715	
6	83.2, F	0.312	89.756	
6	287.9, F	0.409	89.798	
6	86.5, F	0.803	89.840	
6	300.3, F	0.145	89.881	
6	302.9, F	0.101	89.923	
6	None	0	89.965	
6	None	0	90.007	
6	None	0	90.048	0.125
6	66.7, F	0.172	90.090	
6	80.7, F	0.291	90.132	
6	88.5, F	0.271	90.173	
6	273.5, F	0.178	90.215	
6	78.2, F	0.498	90.257	
6	190.0, F	0.573	90.299	
6	302.2, F	0.099	90.340	
6	None	0	90.382	
6	None	0	90.424	
6	None	0	90.465	
6	None	0	90.507	0.1670000000000016
6	73.5, F	0.13	90.549	
6	78.7, F	0.102	90.590	
6	88.5, F	0.156	90.632	
6	50.4, F	0.143	90.674	
6	46.5, F	0.139	90.716	
6	62.5, F	0.162	90.757	
6	278.0, F	1.129	90.799	
6	71.4, F	0.728	90.841	
6	170.0, F	0.334	90.882	
6	23.1, F	0.239	90.924	
6	174.2, F	0.217	90.966	
6	19.1, F	0.369	91.008	
6	158.9, F	0.244	91.049	
6	168.2, F	0.23	91.091	
6	293.6, F	1.294	91.133	
6	84.5, F	0.702	91.174	
6	None	0	91.216	0.04200000000000159
6	8.2, F	0.133	91.258	
6	339.2, F	0.169	91.300	
6	353.1, F	0.332	91.341	
6	192.6, F	0.69	91.383	
6	357.2, F	0.672	91.425	
6	217.5, F	0.384	91.466	
6	339.8, F	0.918	91.508	
6	115.2, F	0.27	91.550	
6	251.5, F	0.344	91.591	
6	18.7, F	0.243	91.633	
6	343.2, F	0.197	91.675	
6	337.9, F	0.481	91.717	
6	227.3, F	0.348	91.758	
6	334.7, F	0.858	91.800	
6	68.5, F	0.763	91.842	
6	217.8, F	1.069	91.883	
6	60.0, F	0.553	91.925	
6	300.3, F	0.856	91.967	
6	28.1, F	0.565	92.009	
6	153.0, F	0.383	92.050	
6	243.8, F	1.089	92.092	
6	1.5, F	0.75	92.134	
6	192.4, F	0.331	92.175	
6	356.2, F	0.764	92.217	
6	190.5, F	0.335	92.259	
6	205.2, F	0.328	92.301	
6	119.5, F	0.406	92.342	
6	340.6, F	1.029	92.384	
6	138.1, F	0.196	92.426	
6	248.5, F	0.55	92.467	
6	222.3, F	0.21	92.509	
6	235.6, F	0.191	92.551	
6	240.6, F	0.334	92.593	
6	92.9, F	0.603	92.634	
6	256.3, F	0.611	92.676	
6	20.8, F	1.007	92.718	
6	254.3, F	0.719	92.759	
6	161.6, F	0.228	92.801	
6	192.2, F	0.199	92.843	
6	202.6, F	0.359	92.884	
6	347.0, F	0.765	92.926	
6	230.9, F	0.577	92.968	
6	163.2, F	0.395	93.010	
6	14.7, F	0.566	93.051	
6	229.9, F	0.803	93.093	
6	348.5, F	0.462	93.135	
6	191.6, F	0.71	93.176	
6	337.7, F	0.264	93.218	
6	338.7, F	0.253	93.260	
6	197.7, F	0.973	93.302	
6	75.2, F	0.932	93.343	
6	293.3, F	0.304	93.385	
6	283.8, F	0.315	93.427	
6	263.8, F	0.437	93.468	
6	87.7, F	0.576	93.510	
6	261.8, F	0.635	93.552	
6	100.4, F	0.34	93.593	
6	100.0, F	0.265	93.635	
6	258.5, F	0.952	93.677	
6	141.0, F	0.235	93.719	
6	183.0, F	0.308	93.760	
6	328.9, F	0.174	93.802	
6	340.1, F	0.194	93.844	
6	201.3, F	0.455	93.885	
6	286.4, F	0.22	93.927	
6	66.5, F	0.183	93.969	
6	265.1, F	0.443	94.011	
6	62.1, F	0.098	94.052	
6	None	0	94.094	0.04200000000000159
6	161.6, F	0.152	94.136	
6	174.0, F	0.181	94.177	
6	201.4, F	0.219	94.219	
6	206.2, F	0.301	94.261	
6	217.6, F	0.382	94.303	
6	345.6, F	0.994	94.344	
6	223.7, F	0.41	94.386	
6	111.9, F	0.765	94.428	
6	241.7, F	0.664	94.469	
6	16.4, F	0.921	94.511	
6	258.0, F	1.07	94.553	
6	172.3, F	0.203	94.594	
6	218.5, F	0.276	94.636	
6	124.6, F	0.183	94.678	
6	339.9, F	1.38	94.720	
6	191.1, F	0.499	94.761	
6	266.8, F	0.616	94.803	
6	6.9, F	1.413	94.845	
6	214.6, F	1.817	94.886	
6	359.0, F	0.556	94.928	
6	288.1, F	0.283	94.970	
6	38.4, F	0.227	95.012	
6	4.8, F	0.261	95.053	
6	345.3, F	0.377	95.095	
6	197.1, F	0.777	95.137	
6	344.9, F	0.366	95.178	
6	340.7, F	0.3	95.220	
6	346.6, F	0.263	95.262	
6	184.7, F	1.07	95.304	
6	2.5, F	0.16	95.345	
6	349.3, F	0.146	95.387	
6	350.8, F	0.187	95.429	
6	340.7, F	0.151	95.470	
6	348.9, F	0.136	95.512	
6	4.2, F	0.177	95.554	
6	188.8, F	0.946	95.596	
6	346.5, F	0.111	95.637	
6	344.5, F	0.135	95.679	
6	341.7, F	0.137	95.721	
6	85.5, F	1.211	95.762	
6	280.1, F	0.605	95.804	
6	None	0	95.846	0.04099999999999682
6	59.9, F	0.124	95.887	
6	67.3, F	0.212	95.929	
6	69.5, F	0.28	95.971	
6	284.7, F	0.269	96.013	
6	160.5, F	1.046	96.054	
6	325.0, F	0.138	96.096	
6	11.6, F	0.114	96.138	
6	25.0, F	0.199	96.179	
6	29.2, F	0.207	96.221	
6	41.8, F	0.282	96.263	
6	55.0, F	0.394	96.305	
6	168.5, F	0.994	96.346	
6	277.6, F	0.887	96.388	
6	57.8, F	0.349	96.430	
6	71.1, F	0.384	96.471	
6	78.3, F	0.41	96.513	
6	264.3, F	0.654	96.555	
6	90.1, F	0.528	96.596	
6	258.5, F	0.405	96.638	
6	84.2, F	0.623	96.680	
6	265.8, F	0.298	96.722	
6	264.2, F	0.298	96.763	
6	97.5, F	0.824	96.805	
6	249.6, F	0.255	96.847	
6	249.2, F	0.222	96.888	
6	242.5, F	0.158	96.930	
6	228.9, F	0.23	96.972	
6	82.4, F	1.206	97.014	
6	256.7, F	0.918	97.055	
6	336.6, F	0.33	97.097	
6	210.8, F	0.187	97.139	
6	104.4, F	1.122	97.180	
6	288.3, F	0.814	97.222	
6	220.8, F	0.243	97.264	
6	349.2, F	0.251	97.306	
6	187.9, F	0.176	97.347	
6	355.4, F	0.321	97.389	
6	180.6, F	0.182	97.431	
6	192.8, F	0.203	97.472	
6	80.9, F	1.315	97.514	
6	250.7, F	0.803	97.556	
6	0.9, F	0.373	97.597	
6	239.7, F	0.194	97.639	
6	244.8, F	0.148	97.681	
6	239.4, F	0.236	97.723	
6	339.7, F	0.429	97.764	
6	91.7, F	0.768	97.806	
6	247.9, F	0.292	97.848	
6	240.2, F	0.296	97.889	
6	247.5, F	0.251	97.931	
6	57.8, F	1.106	97.973	
6	254.6, F	0.589	98.015	
6	259.6, F	0.483	98.056	
6	101.4, F	0.45	98.098	
6	238.5, F	0.644	98.140	
6	51.5, F	0.723	98.181	
6	253.5, F	0.55	98.223	
6	105.2, F	0.545	98.265	
6	256.1, F	0.404	98.307	
6	77.7, F	1.06	98.348	
6	237.7, F	0.232	98.390	
6	234.0, F	0.167	98.432	
6	8.3, F	0.318	98.473	
6	141.5, F	0.162	98.515	
6	126.8, F	0.159	98.557	
6	131.5, F	0.172	98.599	
6	10.9, F	0.538	98.640	
6	255.9, F	0.783	98.682	
6	None	0	98.724	0.04099999999999682
6	252.5, F	0.139	98.765	
6	268.3, F	0.306	98.807	
6	88.2, F	0.702	98.849	
6	270.3, F	0.367	98.890	
6	265.5, F	0.418	98.932	
6	88.5, F	0.558	98.974	
6	267.0, F	0.503	99.016	
6	82.8, F	0.405	99.057	
6	267.9, F	0.603	99.099	
6	101.7, F	0.458	99.141	
6	100.3, F	0.463	99.182	
6	238.3, F	0.597	99.224	
6	61.8, F	0.641	99.266	
6	287.3, F	0.443	99.308	
6	220.0, F	0.63	99.349	
6	73.9, F	0.702	99.391	
6	283.9, F	0.378	99.433	
6	82.8, F	0.693	99.474	
6	212.0, F	0.711	99.516	
6	287.2, F	0.339	99.558	
6	80.9, F	0.804	99.599	
6	245.7, F	0.192	99.641	
6	241.2, F	0.158	99.683	
6	None	0	99.725	
6	None	0	99.766	0.08300000000001262
6	103.1, F	0.137	99.808	
6	103.6, F	0.263	99.850	
6	100.4, F	0.371	99.891	
6	243.2, F	0.319	99.933	
6	90.9, F	0.59	99.975	
6	243.8, F	0.138	100.017	
6	230.9, F	0.097	100.058	
6	249.0, F	0.115	100.100	
6	354.4, F	0.664	100.142	
6	225.0, F	0.28	100.183	
6	112.3, F	0.519	100.225	
6	221.2, F	0.34	100.267	
6	194.4, F	0.362	100.309	
6	1.1, F	0.477	100.350	
6	170.8, F	0.37	100.392	
6	10.9, F	0.353	100.434	
6	171.3, F	0.529	100.475	
6	10.3, F	0.382	100.517	
6	14.0, F	0.31	100.559	
6	166.4, F	0.711	100.600	
6	40.9, F	0.347	100.642	
6	55.5, F	0.355	100.684	
6	206.0, F	1.209	100.726	
6	19.1, F	1.256	100.767	
6	145.3, F	0.895	100.809	
6	303.8, F	0.419	100.851	
6	317.2, F	0.282	100.892	
6	80.8, F	1.177	100.934	
6	197.5, F	1.156	100.976	
6	16.8, F	0.868	101.018	
6	268.6, F	0.405	101.059	
6	89.7, F	0.387	101.101	
6	85.1, F	0.496	101.143	
6	286.1, F	0.133	101.184	
6	None	0	101.226	
6	None	0	101.268	0.08400000000000318
6	106.4, F	0.106	101.310	
6	101.4, F	0.147	101.351	
6	122.3, F	0.236	101.393	
6	111.0, F	0.265	101.435	
6	247.6, F	0.662	101.476	
6	110.6, F	0.525	101.518	
6	107.3, F	0.539	101.560	
6	242.5, F	0.483	101.602	
6	70.9, F	0.863	101.643	
6	224.2, F	0.392	101.685	
6	310.4, F	0.364	101.727	
6	219.2, F	0.392	101.768	
6	71.8, F	0.902	101.810	
6	220.0, F	0.363	101.852	
6	328.5, F	0.372	101.893	
6	246.6, F	0.227	101.935	
6	335.4, F	0.48	101.977	
6	247.3, F	0.283	102.019	
6	90.2, F	0.807	102.060	
6	261.8, F	0.253	102.102	
6	258.2, F	0.253	102.144	
6	277.3, F	0.197	102.185	
6	86.9, F	0.835	102.227	
6	260.1, F	0.309	102.269	
6	259.3, F	0.436	102.311	
6	94.5, F	0.458	102.352	
6	251.5, F	0.657	102.394	
6	38.8, F	0.501	102.436	
6	264.6, F	0.984	102.477	
6	None	0	102.519	
6	None	0	102.561	
6	None	0	102.602	
6	None	0	102.644	
6	None	0	102.686	
6	None	0	102.728	
6	None	0	102.769	
6	None	0	102.811	
6	None	0	102.853	
6	None	0	102.894	
6	None	0	102.936	0.458999999999989
6	21.9, F	0.11	102.978	
6	7.5, F	0.16	103.020	
6	349.8, F	0.152	103.061	
6	337.8, F	0.159	103.103	
6	334.0, F	0.174	103.145	
6	337.5, F	0.162	103.186	
6	187.6, F	0.943	103.228	
6	310.2, F	0.262	103.270	
6	311.1, F	0.289	103.312	
6	67.4, F	0.418	103.353	
6	295.0, F	0.364	103.395	
6	57.4, F	0.286	103.437	
6	195.6, F	1.17	103.478	
6	12.4, F	0.955	103.520	
6	272.4, F	0.495	103.562	
6	51.4, F	0.165	103.603	
6	69.5, F	0.148	103.645	
6	40.1, F	0.157	103.687	
6	172.7, F	1.068	103.729	
6	273.4, F	0.517	103.770	
6	61.0, F	0.192	103.812	
6	43.4, F	0.156	103.854	
6	35.0, F	0.11	103.895	
6	None	0	103.937	
6	None	0	103.979	
6	None	0	104.021	0.125
6	295.9, F	0.11	104.062	
6	283.0, F	0.195	104.104	
6	248.1, F	0.274	104.146	
6	250.0, F	0.289	104.187	
6	97.5, F	0.695	104.229	
6	255.4, F	0.297	104.271	
6	240.8, F	0.289	104.313	
6	236.8, F	0.269	104.354	
6	65.5, F	0.906	104.396	
6	238.2, F	0.353	104.438	
6	254.2, F	0.298	104.479	
6	241.2, F	0.33	104.521	
6	61.8, F	1.025	104.563	
6	244.4, F	0.308	104.605	
6	261.5, F	0.264	104.646	
6	267.3, F	0.25	104.688	
6	87.9, F	0.776	104.730	
6	270.4, F	0.306	104.771	
6	266.8, F	0.251	104.813	
6	275.9, F	0.312	104.855	
6	80.6, F	0.635	104.896	
6	280.4, F	0.382	104.938	
6	274.0, F	0.375	104.980	
6	80.7, F	0.569	105.022	
6	288.3, F	0.385	105.063	
6	70.0, F	0.526	105.105	
6	279.1, F	0.526	105.147	
6	76.7, F	0.505	105.188	
6	204.1, F	1.117	105.230	
6	69.1, F	0.493	105.272	
6	296.9, F	0.609	105.314	
6	67.0, F	0.552	105.355	
6	294.5, F	0.623	105.397	
6	60.9, F	0.514	105.439	
6	223.2, F	0.785	105.480	
6	45.0, F	0.566	105.522	
6	232.2, F	0.797	105.564	
6	35.5, F	0.652	105.605	
6	141.8, F	0.536	105.647	
6	314.5, F	0.854	105.689	
6	145.8, F	0.549	105.731	
6	34.9, F	0.677	105.772	
6	234.0, F	0.771	105.814	
6	39.7, F	0.647	105.856	
6	227.1, F	0.781	105.897	
6	40.1, F	0.663	105.939	
6	148.2, F	0.587	105.981	
6	308.8, F	0.787	106.023	
6	143.6, F	0.541	106.064	
6	41.1, F	0.686	106.106	
6	228.7, F	0.777	106.148	
6	41.5, F	0.713	106.189	
6	229.9, F	0.733	106.231	
6	136.8, F	0.576	106.273	
6	320.8, F	0.909	106.315	
6	135.1, F	0.605	106.356	
6	35.8, F	0.749	106.398	
6	232.1, F	0.672	106.440	
6	135.9, F	0.601	106.481	
6	323.7, F	0.962	106.523	
6	127.3, F	0.564	106.565	
6	229.4, F	0.623	106.606	
6	29.7, F	0.946	106.648	
6	235.2, F	0.641	106.690	
6	126.1, F	0.632	106.732	
6	329.3, F	0.886	106.773	
6	128.1, F	0.573	106.815	
6	234.2, F	0.586	106.857	
6	34.5, F	1.038	106.898	
6	235.0, F	0.558	106.940	
6	115.1, F	0.537	106.982	
6	239.2, F	0.5	107.024	
6	28.9, F	1.013	107.065	
6	244.4, F	0.611	107.107	
6	126.6, F	0.487	107.149	
6	244.9, F	0.687	107.190	
6	27.9, F	0.903	107.232	
6	245.7, F	0.809	107.274	
6	136.3, F	0.44	107.316	
6	134.9, F	0.411	107.357	
6	16.3, F	0.889	107.399	
6	251.7, F	1.005	107.441	
6	171.6, F	0.383	107.482	
6	359.8, F	0.686	107.524	
6	188.0, F	0.258	107.566	
6	182.4, F	0.291	107.608	
6	186.0, F	0.344	107.649	
6	0.4, F	0.764	107.691	
6	183.2, F	0.305	107.733	
6	174.1, F	0.214	107.774	
6	1.9, F	0.767	107.816	
6	164.4, F	0.201	107.858	
6	163.5, F	0.243	107.899	
6	150.6, F	0.232	107.941	
6	130.5, F	0.18	107.983	
6	14.6, F	1.033	108.025	
6	112.1, F	0.258	108.066	
6	261.9, F	0.806	108.108	
6	123.8, F	0.255	108.150	
6	112.5, F	0.287	108.191	
6	118.3, F	0.234	108.233	
6	121.7, F	0.236	108.275	
6	264.9, F	1.043	108.317	
6	130.7, F	0.19	108.358	
6	133.5, F	0.212	108.400	
6	5.1, F	1.059	108.442	
6	129.7, F	0.175	108.483	
6	129.5, F	0.206	108.525	
6	116.7, F	0.25	108.567	
6	268.1, F	0.766	108.608	
6	90.4, F	0.3	108.650	
6	77.6, F	0.327	108.692	
6	76.3, F	0.291	108.734	
6	275.4, F	0.708	108.775	
6	87.6, F	0.338	108.817	
6	99.5, F	0.393	108.859	
6	252.0, F	0.6	108.900	
6	112.5, F	0.485	108.942	
6	252.7, F	0.528	108.984	
6	108.3, F	0.669	109.026	
6	244.5, F	0.513	109.067	
6	39.4, F	1.089	109.109	
6	229.1, F	0.692	109.151	
6	142.9, F	0.63	109.192	
6	311.1, F	0.652	109.234	
6	146.7, F	0.716	109.276	
6	298.6, F	0.664	109.318	
6	55.7, F	0.489	109.359	
6	154.0, F	0.849	109.401	
6	280.3, F	0.74	109.443	
6	81.6, F	0.337	109.484	
6	99.5, F	0.237	109.526	
6	263.7, F	0.703	109.568	
6	95.7, F	0.281	109.609	
6	106.6, F	0.409	109.651	
6	248.1, F	0.709	109.693	
6	40.1, F	0.632	109.735	
6	127.4, F	0.389	109.776	
6	241.7, F	0.73	109.818	
6	62.5, F	0.397	109.860	
6	145.5, F	0.609	109.901	
6	280.9, F	0.609	109.943	
6	90.3, F	0.42	109.985	
6	265.5, F	0.563	110.027	
6	99.8, F	0.486	110.068	
6	263.3, F	0.49	110.110	
6	113.4, F	0.52	110.152	
6	246.9, F	0.562	110.193	
6	115.1, F	0.597	110.235	
6	325.0, F	0.904	110.277	
6	129.3, F	0.682	110.319	
6	227.8, F	0.61	110.360	
6	44.6, F	0.862	110.402	
6	219.0, F	0.692	110.444	
6	58.0, F	0.716	110.485	
6	210.5, F	0.743	110.527	
6	67.1, F	0.73	110.569	
6	310.0, F	0.507	110.611	
6	197.3, F	0.79	110.652	
6	319.7, F	0.407	110.694	
6	68.6, F	1.108	110.736	
6	184.2, F	0.724	110.777	
6	6.2, F	0.167	110.819	
6	47.6, F	0.185	110.861	
6	38.6, F	0.252	110.902	
6	291.4, F	0.491	110.944	
6	162.2, F	0.862	110.986	
6	52.8, F	0.326	111.028	
6	313.6, F	0.355	111.069	
6	64.4, F	0.527	111.111	
6	16.0, F	0.304	111.153	
6	171.4, F	0.647	111.194	
6	1.5, F	0.453	111.236	
6	174.9, F	0.54	111.278	
6	348.5, F	0.497	111.320	
6	341.4, F	0.591	111.361	
6	201.7, F	0.398	111.403	
6	198.5, F	0.331	111.445	
6	352.5, F	0.818	111.486	
6	117.4, F	0.768	111.528	
6	183.7, F	0.373	111.570	
6	359.1, F	0.627	111.611	
6	167.3, F	0.413	111.653	
6	160.1, F	0.373	111.695	
6	16.1, F	0.618	111.737	
6	147.5, F	0.508	111.778	
6	307.1, F	0.74	111.820	
6	148.5, F	0.656	111.862	
6	310.5, F	0.647	111.903	
6	140.9, F	0.686	111.945	
6	56.8, F	0.619	111.987	
6	211.9, F	0.683	112.029	
6	318.1, F	0.563	112.070	
6	68.7, F	0.688	112.112	
6	205.1, F	0.611	112.154	
6	316.7, F	0.5	112.195	
6	70.3, F	0.74	112.237	
6	200.1, F	0.574	112.279	
6	336.8, F	0.704	112.321	
6	117.9, F	1.027	112.362	
6	340.4, F	0.64	112.404	
6	193.0, F	0.418	112.446	
6	178.6, F	0.287	112.487	
6	1.0, F	0.901	112.529	
6	148.3, F	0.347	112.571	
6	141.4, F	0.255	112.612	
6	131.3, F	0.229	112.654	
6	252.1, F	0.299	112.696	
6	12.9, F	1.219	112.738	
6	194.1, F	0.892	112.779	
6	115.7, F	0.318	112.821	
6	273.0, F	0.32	112.863	
6	143.9, F	0.314	112.904	
6	332.2, F	0.953	112.946	
6	114.1, F	0.287	112.988	
6	119.7, F	0.309	113.030	
6	256.4, F	0.344	113.071	
6	101.0, F	0.304	113.113	
6	264.4, F	0.225	113.155	
6	91.2, F	0.521	113.196	
6	231.2, F	0.124	113.238	
6	230.2, F	0.109	113.280	
6	224.0, F	0.117	113.322	
6	203.0, F	0.197	113.363	
6	350.6, F	0.75	113.405	
6	110.7, F	0.639	113.447	
6	191.3, F	0.241	113.488	
6	184.4, F	0.194	113.530	
6	358.5, F	0.977	113.572	
6	180.6, F	0.178	113.614	
6	176.3, F	0.248	113.655	
6	181.6, F	0.252	113.697	
6	187.8, F	0.258	113.739	
6	355.8, F	0.787	113.780	
6	188.8, F	0.308	113.822	
6	187.6, F	0.311	113.864	
6	189.7, F	0.278	113.905	
6	356.4, F	0.709	113.947	
6	199.9, F	0.333	113.989	
6	191.4, F	0.319	114.031	
6	44.0, F	0.959	114.072	
6	202.8, F	0.448	114.114	
6	199.8, F	0.378	114.156	
6	346.0, F	0.65	114.197	
6	196.7, F	0.449	114.239	
6	199.5, F	0.442	114.281	
6	31.1, F	0.779	114.323	
6	223.1, F	0.524	114.364	
6	7.4, F	0.738	114.406	
6	234.4, F	0.661	114.448	
6	197.7, F	0.345	114.489	
6	341.3, F	0.874	114.531	
6	234.6, F	0.53	114.573	
6	114.0, F	0.728	114.614	
6	246.7, F	0.797	114.656	
6	31.3, F	0.862	114.698	
6	248.6, F	0.837	114.740	
6	150.6, F	0.504	114.781	
6	21.8, F	0.852	114.823	
6	174.8, F	0.65	114.865	
6	177.6, F	0.633	114.906	
6	357.2, F	0.367	114.948	
6	None	0	114.990	0.04200000000000159
6	226.1, F	0.214	115.032	
6	209.3, F	0.396	115.073	
6	185.0, F	0.617	115.115	
6	195.2, F	0.409	115.157	
6	178.2, F	0.63	115.198	
6	22.1, F	0.191	115.240	
6	None	0	115.282	0.04200000000000159
6	125.5, F	0.511	115.324	
6	184.6, F	1.383	115.365	
6	165.4, F	0.389	115.407	
6	14.5, F	0.548	115.449	
6	222.0, F	1.51	115.490	
6	87.1, F	0.1	115.532	
6	136.7, F	0.143	115.574	
6	183.1, F	0.347	115.615	
6	248.8, F	0.119	115.657	
6	243.5, F	0.276	115.699	
6	123.4, F	0.344	115.741	
6	219.8, F	0.535	115.782	
6	22.2, F	0.315	115.824	
6	190.8, F	0.867	115.866	
6	314.5, F	0.25	115.907	
6	274.6, F	0.373	115.949	
6	266.7, F	0.584	115.991	
6	100.8, F	0.325	116.033	
6	165.0, F	0.154	116.074	
6	267.8, F	1.185	116.116	
6	97.7, F	0.478	116.158	
6	None	0	116.199	0.04200000000000159
6	248.5, F	0.096	116.241	
6	234.8, F	0.203	116.283	
6	135.4, F	0.444	116.325	
6	298.4, F	0.284	116.366	
6	292.0, F	0.318	116.408	
6	94.1, F	0.445	116.450	
6	195.9, F	0.444	116.491	
6	182.9, F	0.592	116.533	
6	28.1, F	0.342	116.575	
6	157.5, F	1.272	116.617	
6	94.2, F	0.546	116.658	
6	232.4, F	0.595	116.700	
6	76.2, F	0.837	116.742	
6	289.6, F	0.188	116.783	
6	193.3, F	0.256	116.825	
6	182.9, F	0.337	116.867	
6	186.0, F	0.404	116.908	
6	10.4, F	0.466	116.950	
6	206.7, F	0.629	116.992	
6	3.1, F	0.423	117.034	
6	197.2, F	0.714	117.075	
6	76.4, F	1.342	117.117	
6	282.2, F	0.822	117.159	
6	200.4, F	0.816	117.200	
6	285.8, F	0.36	117.242	
6	82.0, F	0.711	117.284	
6	281.3, F	0.409	117.326	
6	292.8, F	0.48	117.367	
6	73.6, F	0.609	117.409	
6	305.2, F	0.46	117.451	
6	150.9, F	0.846	117.492	
6	303.7, F	0.513	117.534	
6	69.1, F	0.671	117.576	
6	286.9, F	0.462	117.617	
6	201.7, F	1.027	117.659	
6	79.5, F	0.99	117.701	
6	287.0, F	0.178	117.743	
6	279.5, F	0.229	117.784	
6	266.9, F	0.222	117.826	
6	86.1, F	1.117	117.868	
6	274.9, F	0.803	117.909	
6	279.8, F	0.211	117.951	
6	280.0, F	0.168	117.993	
6	84.6, F	1.276	118.035	
6	279.8, F	0.631	118.076	
6	306.2, F	0.157	118.118	
6	None	0	118.160	0.04099999999999682
6	354.4, F	0.184	118.201	
6	180.2, F	0.908	118.243	
6	354.1, F	0.214	118.285	
6	348.9, F	0.244	118.327	
6	343.5, F	0.331	118.368	
6	186.8, F	0.588	118.410	
6	342.9, F	0.375	118.452	
6	1.5, F	0.448	118.493	
6	172.6, F	0.44	118.535	
6	0.3, F	0.493	118.577	
6	175.4, F	0.384	118.618	
6	357.0, F	0.733	118.660	
6	186.6, F	0.271	118.702	
6	175.2, F	0.229	118.744	
6	182.3, F	0.276	118.785	
6	4.7, F	0.941	118.827	
6	173.4, F	0.183	118.869	
6	169.7, F	0.162	118.910	
6	164.4, F	0.167	118.952	
6	168.2, F	0.239	118.994	
6	153.2, F	0.292	119.036	
6	16.7, F	0.871	119.077	
6	129.2, F	0.337	119.119	
6	122.7, F	0.333	119.161	
6	256.4, F	0.153	119.202	
6	258.4, F	0.209	119.244	
6	95.3, F	0.273	119.286	
6	299.1, F	0.412	119.328	
6	54.2, F	0.155	119.369	
6	66.4, F	0.128	119.411	
6	297.6, F	0.457	119.453	
6	15.1, F	0.496	119.494	
6	121.6, F	0.18	119.536	
6	117.7, F	0.178	119.578	
6	288.1, F	0.406	119.620	
6	47.1, F	0.332	119.661	
6	20.5, F	0.414	119.703	
6	321.3, F	0.68	119.745	
6	154.6, F	0.426	119.786	
6	19.4, F	0.929	119.828	
6	238.0, F	0.179	119.870	
6	113.8, F	0.325	119.911	
6	267.9, F	0.193	119.953	
6	316.3, F	0.311	119.995	
6	52.5, F	0.459	120.037	
6	189.2, F	0.243	120.078	
6	6.4, F	0.539	120.120	
6	102.2, F	0.308	120.162	
6	90.2, F	0.548	120.203	
6	296.0, F	0.326	120.245	
6	75.3, F	1.21	120.287	
6	63.1, F	0.359	120.329	
6	352.6, F	0.445	120.370	
6	160.7, F	0.545	120.412	
6	56.2, F	0.615	120.454	
6	111.6, F	1.451	120.495	
6	330.2, F	0.686	120.537	
6	148.6, F	0.812	120.579	
6	43.4, F	0.523	120.621	
6	73.3, F	1.423	120.662	
6	211.4, F	0.694	120.704	
6	67.0, F	0.868	120.746	
6	164.6, F	0.529	120.787	
6	70.7, F	1.3	120.829	
6	5.6, F	0.381	120.871	
6	158.4, F	0.63	120.912	
6	351.5, F	0.57	120.954	
6	130.0, F	0.998	120.996	
6	57.9, F	1.388	121.038	
6	194.3, F	0.553	121.079	
6	8.7, F	1.072	121.121	
6	186.6, F	0.315	121.163	
6	128.7, F	0.764	121.204	
6	124.4, F	0.549	121.246	
6	338.4, F	1.129	121.288	
6	85.4, F	1.204	121.330	
6	182.0, F	0.512	121.371	
6	16.8, F	1.15	121.413	
6	57.5, F	0.554	121.455	
6	103.7, F	1.224	121.496	
6	256.4, F	0.387	121.538	
6	5.8, F	0.697	121.580	
6	14.7, F	0.65	121.621	
6	100.1, F	1.046	121.663	
6	69.7, F	0.675	121.705	
6	334.3, F	0.826	121.747	
6	92.0, F	1.307	121.788	
6	70.8, F	0.323	121.830	
6	354.3, F	0.495	121.872	
6	43.9, F	0.424	121.913	
6	120.1, F	0.66	121.955	
6	355.5, F	1.176	121.997	
6	109.2, F	1.602	122.039	
6	303.8, F	0.221	122.080	
6	330.3, F	0.147	122.122	
6	88.7, F	0.49	122.164	
6	104.8, F	0.786	122.205	
6	196.7, F	0.094	122.247	
6	114.4, F	0.199	122.289	
6	104.6, F	0.782	122.331	
6	121.0, F	0.541	122.372	
6	44.7, F	1.158	122.414	
6	172.8, F	0.345	122.456	
6	118.8, F	1.164	122.497	
6	57.3, F	0.692	122.539	
6	188.2, F	0.465	122.581	
6	23.6, F	0.425	122.623	
6	123.4, F	1.403	122.664	
6	55.3, F	0.737	122.706	
6	358.7, F	0.27	122.748	
6	148.9, F	0.605	122.789	
6	68.4, F	1.429	122.831	
