1	311.1, F	1.084	0.042	
1	226.4, F	0.908	0.083	
1	249.7, F	0.853	0.125	
1	254.3, F	1.585	0.167	
1	171.1, F	0.836	0.209	
1	304.7, F	0.225	0.250	
1	272.0, F	1.211	0.292	
1	267.1, F	0.597	0.334	
1	122.8, F	0.231	0.375	
1	171.8, F	0.189	0.417	
1	218.0, F	0.434	0.459	
1	330.9, F	0.556	0.500	
1	201.7, F	0.807	0.542	
1	259.9, F	0.372	0.584	
1	189.3, F	0.766	0.626	
1	36.6, F	0.885	0.667	
1	236.7, F	1.778	0.709	
1	144.0, F	0.616	0.751	
1	186.2, F	1.25	0.792	
1	318.3, F	0.511	0.834	
1	234.7, F	1.224	0.876	
1	297.4, F	0.36	0.918	
1	261.3, F	0.894	0.959	
1	200.4, F	0.212	1.001	
1	247.3, F	0.355	1.043	
1	181.1, F	0.523	1.084	
1	265.7, F	0.584	1.126	
1	237.5, F	0.835	1.168	
1	164.2, F	0.586	1.210	
1	291.3, F	0.16	1.251	
1	21.5, F	0.661	1.293	
1	200.5, F	0.978	1.335	
1	278.6, F	0.448	1.376	
1	255.4, F	0.609	1.418	
1	163.4, F	0.269	1.460	
1	340.1, F	0.685	1.502	
1	237.4, F	0.558	1.543	
1	149.9, F	0.505	1.585	
1	290.4, F	1.323	1.627	
1	164.0, F	0.61	1.668	
1	313.3, F	0.63	1.710	
1	233.2, F	1.073	1.752	
1	299.0, F	1.018	1.793	
1	205.8, F	0.352	1.835	
1	314.4, F	1.018	1.877	
1	208.1, F	0.223	1.919	
1	268.9, F	1.292	1.960	
1	271.4, F	0.767	2.002	
1	310.7, F	0.121	2.044	
1	282.7, F	0.618	2.085	
1	285.1, F	1.389	2.127	
1	38.8, F	0.482	2.169	
1	163.6, F	0.478	2.211	
1	300.0, F	1.132	2.252	
1	248.6, F	0.433	2.294	
1	110.1, F	0.218	2.336	
1	None	0	2.377	0.04200000000000026
1	349.0, F	0.929	2.419	
1	262.4, F	0.479	2.461	
1	268.0, F	0.733	2.502	
1	None	0	2.544	0.041999999999999815
1	258.6, F	0.212	2.586	
1	255.2, F	0.831	2.628	
1	204.2, F	0.166	2.669	
1	250.2, F	0.423	2.711	
1	254.8, F	0.842	2.753	
1	257.1, F	0.755	2.794	
1	335.5, F	0.823	2.836	
1	244.9, F	0.996	2.878	
1	227.3, F	0.768	2.920	
1	285.8, F	0.841	2.961	
1	292.8, F	0.514	3.003	
1	230.1, F	1.348	3.045	
1	285.7, F	0.502	3.086	
1	273.0, F	0.401	3.128	
1	255.1, F	0.877	3.170	
1	229.6, F	0.213	3.212	
1	251.8, F	0.284	3.253	
1	308.0, F	1.029	3.295	
1	182.6, F	0.377	3.337	
1	221.1, F	0.429	3.378	
1	317.4, F	0.778	3.420	
1	191.8, F	0.608	3.462	
1	303.7, F	0.43	3.503	
1	222.3, F	1.084	3.545	
1	349.3, F	0.258	3.587	
1	288.7, F	0.79	3.629	
1	338.8, F	0.301	3.670	
1	214.9, F	0.93	3.712	
1	None	0	3.754	0.040999999999999925
1	286.3, F	1.014	3.795	
1	304.1, F	0.63	3.837	
1	243.6, F	1.06	3.879	
1	317.9, F	0.925	3.921	
1	250.1, F	0.917	3.962	
1	266.0, F	1.185	4.004	
1	13.3, F	0.976	4.046	
1	270.9, F	1.183	4.087	
1	258.5, F	0.136	4.129	
1	271.5, F	0.564	4.171	
1	271.8, F	0.989	4.213	
1	261.1, F	0.571	4.254	
1	246.8, F	0.677	4.296	
1	260.4, F	1.132	4.338	
1	147.9, F	0.43	4.379	
1	253.1, F	1.321	4.421	
1	284.3, F	0.626	4.463	
1	272.1, F	0.998	4.505	
1	267.7, F	0.468	4.546	
1	173.7, F	0.2	4.588	
1	249.9, F	0.802	4.630	
1	256.8, F	1.179	4.671	
1	145.2, F	0.557	4.713	
1	298.5, F	1.162	4.755	
1	243.6, F	1.132	4.796	
1	337.2, F	0.737	4.838	
1	136.4, F	0.448	4.880	
1	261.6, F	0.943	4.922	
1	323.4, F	1.387	4.963	
1	200.2, F	0.633	5.005	
1	320.9, F	0.746	5.047	
1	8.2, F	0.822	5.088	
1	318.1, F	0.92	5.130	
1	270.7, F	0.949	5.172	
1	334.0, F	0.678	5.214	
1	277.3, F	0.712	5.255	
1	345.7, F	1.43	5.297	
1	6.5, F	1.065	5.339	
1	308.8, F	1.297	5.380	
1	312.8, F	0.606	5.422	
1	344.9, F	1.543	5.464	
1	242.1, F	0.667	5.505	
1	327.2, F	0.357	5.547	
1	331.2, F	0.906	5.589	
1	306.5, F	1.393	5.631	
1	21.7, F	1.023	5.672	
1	295.2, F	1.131	5.714	
1	299.5, F	0.449	5.756	
1	352.2, F	1.235	5.797	
1	326.6, F	1.182	5.839	
1	307.1, F	1.194	5.881	
1	296.6, F	0.441	5.923	
1	355.6, F	1.886	5.964	
1	319.4, F	0.849	6.006	
1	6.7, F	0.511	6.048	
1	320.3, F	1.639	6.089	
1	11.9, F	1.066	6.131	
1	305.4, F	1.087	6.173	
1	359.9, F	1.275	6.215	
1	353.2, F	0.986	6.256	
1	345.1, F	1.483	6.298	
1	74.2, F	0.364	6.340	
1	309.6, F	1.158	6.381	
1	353.6, F	0.604	6.423	
1	354.7, F	2.022	6.465	
1	345.2, F	0.902	6.506	
1	51.7, F	0.953	6.548	
1	329.2, F	0.64	6.590	
1	351.2, F	2.087	6.632	
1	32.6, F	1.121	6.673	
1	32.4, F	6.431	6.715	
1	50.9, F	1.221	6.757	
1	343.2, F	1.068	6.798	
1	18.3, F	1.56	6.840	
1	295.6, F	1.212	6.882	
1	80.0, F	0.836	6.924	
1	341.3, F	1.76	6.965	
1	306.7, F	1.485	7.007	
1	217.6, F	0.645	7.049	
1	28.2, F	1.526	7.090	
1	330.8, F	1.953	7.132	
1	338.7, F	0.764	7.174	
1	303.0, F	0.61	7.216	
1	0.9, F	1.051	7.257	
1	329.6, F	1.972	7.299	
1	321.2, F	0.396	7.341	
1	326.6, F	1.295	7.382	
1	340.7, F	0.732	7.424	
1	316.7, F	1.328	7.466	
1	342.1, F	0.572	7.507	
1	335.7, F	1.106	7.549	
1	334.0, F	0.812	7.591	
1	16.0, F	1.093	7.633	
1	6.9, F	0.872	7.674	
1	293.0, F	1.002	7.716	
1	343.6, F	0.841	7.758	
1	11.8, F	1.638	7.799	
1	299.7, F	0.875	7.841	
1	8.2, F	1.379	7.883	
1	33.6, F	0.463	7.925	
1	3.2, F	2.113	7.966	
1	312.8, F	1.211	8.008	
1	10.0, F	0.985	8.050	
1	13.9, F	0.455	8.091	
1	356.3, F	2.072	8.133	
1	197.0, F	0.386	8.175	
1	7.8, F	1.708	8.217	
1	343.3, F	1.011	8.258	
1	320.5, F	0.25	8.300	
1	347.3, F	1.024	8.342	
1	64.0, F	0.733	8.383	
1	335.3, F	1.088	8.425	
1	6.0, F	1.166	8.467	
1	309.7, F	1.256	8.508	
1	318.8, F	0.422	8.550	
1	19.8, F	1.149	8.592	
1	264.6, F	0.996	8.634	
1	345.6, F	1.167	8.675	
1	94.8, F	0.358	8.717	
1	328.8, F	1.436	8.759	
1	351.0, F	1.886	8.800	
1	330.3, F	1.353	8.842	
1	204.5, F	0.149	8.884	
1	355.4, F	0.401	8.926	
1	347.2, F	1.594	8.967	
1	333.1, F	0.303	9.009	
1	66.1, F	0.41	9.051	
1	313.2, F	0.878	9.092	
1	41.2, F	0.923	9.134	
1	340.2, F	1.104	9.176	
1	313.5, F	0.527	9.218	
1	99.6, F	0.779	9.259	
1	359.8, F	0.565	9.301	
1	6.9, F	1.108	9.343	
1	38.9, F	0.643	9.384	
1	81.0, F	0.735	9.426	
1	14.7, F	1.316	9.468	
1	40.8, F	1.232	9.509	
1	14.3, F	0.605	9.551	
1	71.5, F	0.654	9.593	
1	18.4, F	1.803	9.635	
1	13.1, F	0.292	9.676	
1	19.9, F	1.183	9.718	
1	42.7, F	1.178	9.760	
1	20.5, F	1.132	9.801	
1	57.4, F	0.865	9.843	
1	355.2, F	1.037	9.885	
1	358.2, F	0.63	9.927	
1	15.5, F	1.009	9.968	
1	30.4, F	0.433	10.010	
1	14.3, F	0.973	10.052	
1	317.4, F	0.968	10.093	
1	16.4, F	1.028	10.135	
1	13.3, F	0.886	10.177	
1	21.8, F	0.455	10.219	
1	324.7, F	1.593	10.260	
1	350.0, F	1.042	10.302	
1	344.3, F	0.917	10.344	
1	42.0, F	1.122	10.385	
1	348.2, F	1.473	10.427	
1	340.1, F	1.079	10.469	
1	34.5, F	1.058	10.511	
1	311.8, F	0.429	10.552	
1	337.1, F	1.043	10.594	
1	20.9, F	1.226	10.636	
1	325.6, F	0.812	10.677	
1	64.5, F	0.556	10.719	
1	333.2, F	0.976	10.761	
1	24.4, F	1.163	10.802	
1	335.4, F	0.867	10.844	
1	75.8, F	0.641	10.886	
1	339.0, F	1.007	10.928	
1	351.6, F	1.19	10.969	
1	350.4, F	0.859	11.011	
1	68.1, F	1.122	11.053	
1	1.8, F	1.101	11.094	
1	359.4, F	1.283	11.136	
1	None	0	11.178	0.041999999999999815
1	345.0, F	0.653	11.220	
1	354.2, F	1.17	11.261	
1	339.7, F	1.215	11.303	
1	255.3, F	0.695	11.345	
1	356.0, F	1.282	11.386	
1	263.5, F	0.409	11.428	
1	305.5, F	1.763	11.470	
1	342.1, F	0.475	11.511	
1	325.0, F	1.242	11.553	
1	316.4, F	0.436	11.595	
1	318.1, F	1.852	11.637	
1	280.1, F	0.469	11.678	
1	8.2, F	0.302	11.720	
1	347.8, F	0.862	11.762	
1	322.8, F	1.074	11.803	
1	38.9, F	0.252	11.845	
1	307.9, F	1.199	11.887	
1	309.2, F	0.195	11.929	
1	32.0, F	1.308	11.970	
1	304.5, F	0.703	12.012	
1	339.3, F	1.061	12.054	
1	27.2, F	0.612	12.095	
1	304.4, F	0.972	12.137	
1	40.3, F	0.382	12.179	
1	22.8, F	1.036	12.221	
1	35.2, F	0.486	12.262	
1	349.0, F	1.875	12.304	
1	50.8, F	0.503	12.346	
1	339.8, F	1.129	12.387	
1	38.0, F	0.932	12.429	
1	336.0, F	0.638	12.471	
1	305.8, F	0.207	12.512	
1	54.4, F	1.098	12.554	
1	354.3, F	1.005	12.596	
1	347.7, F	1.056	12.638	
1	201.5, F	0.739	12.679	
1	344.8, F	0.983	12.721	
1	73.5, F	0.604	12.763	
1	332.0, F	1.402	12.804	
1	6.3, F	0.821	12.846	
1	346.8, F	0.192	12.888	
1	343.0, F	0.904	12.930	
1	325.2, F	1.403	12.971	
1	357.3, F	0.859	13.013	
1	332.5, F	0.566	13.055	
1	285.4, F	0.643	13.096	
1	349.3, F	1.779	13.138	
1	338.5, F	1.535	13.180	
1	284.1, F	0.952	13.222	
1	357.8, F	1.137	13.263	
1	346.5, F	1.589	13.305	
1	62.2, F	0.356	13.347	
1	306.0, F	1.166	13.388	
1	357.6, F	0.287	13.430	
1	352.5, F	1.446	13.472	
1	27.3, F	1.314	13.513	
1	264.3, F	0.446	13.555	
1	311.0, F	0.615	13.597	
1	9.4, F	1.866	13.639	
1	24.1, F	0.449	13.680	
1	323.3, F	1.445	13.722	
1	4.2, F	0.946	13.764	
1	356.3, F	1.394	13.805	
1	343.3, F	0.286	13.847	
1	356.8, F	1.118	13.889	
1	357.9, F	1.107	13.931	
1	2.1, F	2.121	13.972	
1	4.1, F	1.071	14.014	
1	4.4, F	0.944	14.056	
1	9.5, F	0.833	14.097	
1	5.7, F	1.32	14.139	
1	11.4, F	1.036	14.181	
1	13.2, F	0.74	14.223	
1	11.6, F	0.419	14.264	
1	356.0, F	0.949	14.306	
1	346.7, F	0.604	14.348	
1	349.2, F	1.337	14.389	
1	340.9, F	1.162	14.431	
1	312.1, F	1.2	14.473	
1	353.1, F	1.449	14.514	
1	309.0, F	0.381	14.556	
1	23.5, F	1.174	14.598	
1	339.6, F	1.936	14.640	
1	11.6, F	0.773	14.681	
1	13.4, F	0.506	14.723	
1	0.8, F	1.255	14.765	
1	357.0, F	1.705	14.806	
1	325.9, F	0.351	14.848	
1	346.5, F	1.056	14.890	
1	347.1, F	0.978	14.932	
1	349.1, F	1.175	14.973	
1	89.6, F	0.636	15.015	
1	331.3, F	0.624	15.057	
1	346.1, F	1.272	15.098	
1	25.8, F	1.952	15.140	
1	354.4, F	0.452	15.182	
1	1.7, F	0.303	15.224	
1	9.1, F	1.126	15.265	
1	12.8, F	1.982	15.307	
1	339.6, F	0.914	15.349	
1	336.1, F	0.552	15.390	
1	35.5, F	1.577	15.432	
1	13.3, F	0.881	15.474	
1	7.6, F	1.423	15.515	
1	279.7, F	0.625	15.557	
1	31.4, F	0.799	15.599	
1	25.7, F	1.011	15.641	
1	337.9, F	1.466	15.682	
1	107.9, F	0.286	15.724	
1	293.8, F	0.821	15.766	
1	2.2, F	1.613	15.807	
1	315.0, F	0.154	15.849	
1	340.0, F	0.842	15.891	
1	62.7, F	0.555	15.933	
1	326.9, F	1.641	15.974	
1	356.4, F	1.15	16.016	
1	350.7, F	0.75	16.058	
1	0.6, F	0.195	16.099	
1	349.0, F	1.453	16.141	
1	264.8, F	0.339	16.183	
1	52.3, F	0.51	16.225	
1	323.5, F	1.058	16.266	
1	35.6, F	0.604	16.308	
1	27.8, F	0.901	16.350	
1	289.8, F	0.327	16.391	
1	67.7, F	0.811	16.433	
1	None	0	16.475	0.04199999999999804
1	45.5, F	0.261	16.517	
1	43.1, F	0.646	16.558	
1	344.6, F	0.772	16.600	
1	None	0	16.642	0.04100000000000037
1	34.1, F	0.303	16.683	
1	30.9, F	0.507	16.725	
1	117.4, F	0.475	16.767	
1	273.8, F	0.303	16.808	
1	78.1, F	0.836	16.850	
1	314.0, F	0.255	16.892	
1	334.0, F	0.315	16.934	
1	343.6, F	0.379	16.975	
1	189.4, F	0.615	17.017	
1	343.6, F	0.393	17.059	
1	63.1, F	0.928	17.100	
1	197.7, F	0.369	17.142	
1	352.7, F	0.64	17.184	
1	207.4, F	0.292	17.226	
1	203.8, F	0.243	17.267	
1	215.6, F	0.16	17.309	
1	355.3, F	0.855	17.351	
1	228.1, F	0.171	17.392	
1	251.6, F	0.199	17.434	
1	89.1, F	0.682	17.476	
1	274.0, F	0.257	17.517	
1	286.0, F	0.331	17.559	
1	81.6, F	0.61	17.601	
1	293.4, F	0.441	17.643	
1	307.2, F	0.455	17.684	
1	145.2, F	0.897	17.726	
1	308.5, F	0.525	17.768	
1	35.8, F	0.472	17.809	
1	243.7, F	0.887	17.851	
1	13.0, F	0.585	17.893	
1	170.6, F	0.361	17.935	
1	189.3, F	0.254	17.976	
1	1.5, F	0.659	18.018	
1	194.4, F	0.242	18.060	
1	203.2, F	0.188	18.101	
1	216.3, F	0.257	18.143	
1	346.7, F	0.833	18.185	
1	242.7, F	0.323	18.227	
1	106.5, F	0.546	18.268	
1	264.4, F	0.7	18.310	
1	96.3, F	0.174	18.352	
1	135.0, F	0.099	18.393	
1	None	0	18.435	0.04200000000000159
1	261.8, F	0.245	18.477	
1	254.9, F	0.277	18.518	
1	337.4, F	1.022	18.560	
1	98.9, F	0.374	18.602	
1	267.2, F	0.808	18.644	
1	119.9, F	0.1	18.685	
1	None	0	18.727	0.04199999999999804
1	263.0, F	0.099	18.769	
1	260.8, F	0.144	18.810	
1	269.2, F	0.135	18.852	
1	256.2, F	0.146	18.894	
1	263.7, F	0.145	18.936	
1	97.2, F	0.905	18.977	
1	198.6, F	0.172	19.019	
1	182.8, F	0.166	19.061	
1	170.4, F	0.173	19.102	
1	164.0, F	0.337	19.144	
1	15.6, F	0.438	19.186	
1	242.9, F	0.746	19.228	
1	45.2, F	0.551	19.269	
1	126.4, F	0.867	19.311	
1	325.2, F	0.371	19.353	
1	330.7, F	0.3	19.394	
1	183.4, F	0.853	19.436	
1	None	0	19.478	0.04199999999999804
1	113.7, F	0.169	19.520	
1	123.2, F	0.294	19.561	
1	117.0, F	0.539	19.603	
1	337.2, F	0.597	19.645	
1	118.5, F	0.937	19.686	
1	189.8, F	0.447	19.728	
1	359.0, F	0.466	19.770	
1	182.9, F	0.489	19.811	
1	17.5, F	0.543	19.853	
1	155.6, F	0.356	19.895	
1	18.3, F	0.569	19.937	
1	158.8, F	0.445	19.978	
1	304.2, F	0.883	20.020	
1	152.5, F	0.37	20.062	
1	148.1, F	0.352	20.103	
1	13.7, F	0.741	20.145	
1	139.8, F	0.276	20.187	
1	260.2, F	0.766	20.229	
1	120.2, F	0.263	20.270	
1	62.5, F	0.197	20.312	
1	40.4, F	0.289	20.354	
1	34.1, F	0.374	20.395	
1	286.9, F	0.872	20.437	
1	17.1, F	0.517	20.479	
1	177.7, F	0.325	20.520	
1	183.8, F	0.32	20.562	
1	353.7, F	0.775	20.604	
1	224.6, F	0.336	20.646	
1	279.6, F	0.349	20.687	
1	77.2, F	0.513	20.729	
1	281.1, F	0.485	20.771	
1	36.9, F	0.341	20.812	
1	289.3, F	0.919	20.854	
1	181.2, F	0.616	20.896	
1	347.8, F	0.355	20.938	
1	356.0, F	0.536	20.979	
1	187.4, F	0.335	21.021	
1	191.4, F	0.313	21.063	
1	47.6, F	1.205	21.104	
1	261.8, F	0.246	21.146	
1	258.1, F	0.246	21.188	
1	283.4, F	0.31	21.230	
1	294.6, F	0.344	21.271	
1	60.6, F	0.473	21.313	
1	292.8, F	0.552	21.355	
1	147.8, F	0.761	21.396	
1	302.8, F	0.589	21.438	
1	45.9, F	0.471	21.480	
1	156.3, F	0.727	21.521	
1	311.7, F	0.726	21.563	
1	37.6, F	0.511	21.605	
1	142.8, F	0.516	21.647	
1	308.9, F	0.846	21.688	
1	145.7, F	0.501	21.730	
1	144.1, F	0.491	21.772	
1	303.9, F	0.795	21.813	
1	152.9, F	0.662	21.855	
1	39.3, F	0.47	21.897	
1	297.0, F	0.695	21.939	
1	171.6, F	0.636	21.980	
1	17.1, F	0.337	22.022	
1	22.6, F	0.224	22.064	
1	173.8, F	0.673	22.105	
1	10.8, F	0.209	22.147	
1	354.2, F	0.129	22.189	
1	349.9, F	0.165	22.231	
1	357.9, F	0.109	22.272	
1	184.0, F	0.91	22.314	
1	326.3, F	0.133	22.356	
1	None	0	22.397	0.04200000000000159
1	259.0, F	0.095	22.439	
1	212.2, F	0.16	22.481	
1	203.2, F	0.213	22.523	
1	356.1, F	0.889	22.564	
1	209.6, F	0.152	22.606	
1	211.4, F	0.279	22.648	
1	206.2, F	0.376	22.689	
1	115.6, F	0.885	22.731	
1	344.8, F	0.711	22.773	
1	206.9, F	0.343	22.814	
1	208.9, F	0.336	22.856	
1	345.0, F	0.722	22.898	
1	212.4, F	0.455	22.940	
1	120.8, F	0.939	22.981	
1	321.6, F	0.407	23.023	
1	326.3, F	0.406	23.065	
1	198.2, F	0.735	23.106	
1	74.2, F	0.814	23.148	
1	319.3, F	0.311	23.190	
1	189.9, F	0.882	23.232	
1	309.5, F	0.184	23.273	
1	None	0	23.315	0.04199999999999804
1	213.2, F	0.142	23.357	
1	199.8, F	0.168	23.398	
1	53.3, F	1.202	23.440	
1	182.0, F	0.403	23.482	
1	180.1, F	0.473	23.523	
1	348.8, F	0.452	23.565	
1	188.9, F	0.636	23.607	
1	323.3, F	0.273	23.649	
1	305.3, F	0.311	23.690	
1	205.2, F	0.894	23.732	
1	76.1, F	0.304	23.774	
1	266.3, F	1.012	23.815	
1	258.9, F	0.114	23.857	
1	255.6, F	0.326	23.899	
1	117.4, F	0.148	23.941	
1	280.4, F	0.177	23.982	
1	286.7, F	0.23	24.024	
1	293.3, F	0.266	24.066	
1	324.3, F	0.236	24.107	
1	326.2, F	0.303	24.149	
1	64.4, F	0.704	24.191	
1	333.5, F	0.408	24.233	
1	209.0, F	0.636	24.274	
1	352.8, F	0.447	24.316	
1	264.8, F	0.766	24.358	
1	50.3, F	0.177	24.399	
1	33.6, F	0.36	24.441	
1	357.0, F	0.757	24.483	
1	122.7, F	0.176	24.524	
1	75.2, F	0.285	24.566	
1	245.6, F	0.443	24.608	
1	87.3, F	0.823	24.650	
1	None	0	24.691	0.04200000000000159
1	24.6, F	0.146	24.733	
1	23.0, F	0.304	24.775	
1	21.6, F	0.476	24.816	
1	134.1, F	0.283	24.858	
1	331.0, F	1.234	24.900	
1	47.3, F	0.478	24.942	
1	57.1, F	0.531	24.983	
1	292.3, F	0.455	25.025	
1	43.4, F	0.677	25.067	
1	300.5, F	0.443	25.108	
1	45.3, F	1.196	25.150	
1	339.0, F	0.148	25.192	
1	10.5, F	0.512	25.234	
1	11.0, F	0.791	25.275	
1	39.7, F	0.46	25.317	
1	230.2, F	0.67	25.359	
1	35.8, F	0.736	25.400	
1	256.6, F	0.374	25.442	
1	74.3, F	0.714	25.484	
1	328.3, F	0.344	25.525	
1	332.7, F	0.295	25.567	
1	345.3, F	0.252	25.609	
1	178.4, F	0.661	25.651	
1	19.2, F	0.389	25.692	
1	16.3, F	0.513	25.734	
1	134.9, F	0.361	25.776	
1	111.2, F	0.389	25.817	
1	26.6, F	0.868	25.859	
1	243.7, F	0.441	25.901	
1	108.5, F	0.759	25.943	
1	183.2, F	0.302	25.984	
1	20.5, F	0.569	26.026	
1	146.9, F	0.506	26.068	
1	223.7, F	0.713	26.109	
1	71.5, F	1.043	26.151	
1	356.2, F	0.346	26.193	
1	164.9, F	0.8	26.235	
1	74.3, F	0.414	26.276	
1	198.3, F	0.508	26.318	
1	169.7, F	0.735	26.360	
1	65.8, F	0.403	26.401	
1	87.8, F	0.615	26.443	
1	173.4, F	0.356	26.485	
1	157.9, F	0.396	26.526	
1	42.6, F	0.598	26.568	
1	138.4, F	0.975	26.610	
1	358.4, F	0.182	26.652	
1	63.1, F	0.259	26.693	
1	70.6, F	0.322	26.735	
1	76.3, F	0.417	26.777	
1	193.9, F	1.042	26.818	
1	None	0	26.860	0.04200000000000159
1	7.1, F	0.106	26.902	
1	None	0	26.944	0.04100000000000037
1	72.5, F	0.159	26.985	
1	67.4, F	0.216	27.027	
1	90.4, F	0.289	27.069	
1	89.8, F	0.273	27.110	
1	263.5, F	0.683	27.152	
1	114.1, F	0.255	27.194	
1	132.1, F	0.209	27.236	
1	157.7, F	0.132	27.277	
1	355.1, F	0.869	27.319	
1	217.4, F	0.25	27.361	
1	225.2, F	0.247	27.402	
1	228.2, F	0.267	27.444	
1	254.7, F	0.497	27.486	
1	72.0, F	0.256	27.527	
1	30.5, F	0.181	27.569	
1	278.2, F	1.034	27.611	
1	49.0, F	0.717	27.653	
1	311.6, F	0.818	27.694	
1	170.0, F	0.242	27.736	
1	316.8, F	0.136	27.778	
1	334.5, F	0.777	27.819	
1	263.0, F	0.496	27.861	
1	333.1, F	1.367	27.903	
1	156.1, F	0.381	27.945	
1	350.1, F	0.893	27.986	
1	303.6, F	0.242	28.028	
1	329.5, F	0.49	28.070	
1	96.0, F	0.467	28.111	
1	298.8, F	0.708	28.153	
1	31.0, F	0.454	28.195	
1	311.2, F	0.996	28.237	
1	145.0, F	0.321	28.278	
1	None	0	28.320	0.04199999999999804
1	325.6, F	0.127	28.362	
1	347.4, F	0.335	28.403	
1	342.3, F	0.346	28.445	
1	193.3, F	0.538	28.487	
1	317.9, F	0.338	28.528	
1	66.0, F	1.058	28.570	
1	206.8, F	1.091	28.612	
1	322.4, F	0.334	28.654	
1	296.1, F	0.17	28.695	
1	216.0, F	0.117	28.737	
1	94.1, F	0.926	28.779	
1	187.6, F	0.316	28.820	
1	184.3, F	0.578	28.862	
1	9.0, F	0.173	28.904	
1	None	0	28.946	0.04099999999999682
1	172.7, F	0.346	28.987	
1	176.6, F	0.643	29.029	
1	12.4, F	0.117	29.071	
1	192.5, F	0.092	29.112	
1	179.8, F	0.283	29.154	
1	173.8, F	0.377	29.196	
1	168.8, F	0.467	29.238	
1	291.8, F	0.944	29.279	
1	64.1, F	0.153	29.321	
1	164.8, F	0.955	29.363	
1	104.6, F	0.305	29.404	
1	112.0, F	0.441	29.446	
1	331.4, F	0.604	29.488	
1	115.8, F	0.807	29.529	
1	193.7, F	0.406	29.571	
1	356.2, F	0.467	29.613	
1	137.0, F	0.507	29.655	
1	31.9, F	0.579	29.696	
1	239.8, F	0.429	29.738	
1	92.9, F	0.799	29.780	
1	5.5, F	1.145	29.821	
1	153.0, F	0.689	29.863	
1	319.8, F	0.722	29.905	
1	103.7, F	0.865	29.947	
1	21.9, F	0.943	29.988	
1	72.7, F	0.735	30.030	
1	340.2, F	0.283	30.072	
1	172.8, F	0.653	30.113	
1	47.3, F	0.807	30.155	
1	181.7, F	0.308	30.197	
1	4.4, F	0.673	30.239	
1	133.9, F	0.251	30.280	
1	68.8, F	0.537	30.322	
1	66.4, F	0.552	30.364	
1	318.8, F	0.514	30.405	
1	128.0, F	0.97	30.447	
1	344.1, F	0.581	30.489	
1	170.7, F	0.433	30.530	
1	7.4, F	0.576	30.572	
1	165.4, F	0.381	30.614	
1	6.1, F	0.555	30.656	
1	159.4, F	0.452	30.697	
1	296.8, F	1.059	30.739	
1	165.8, F	0.439	30.781	
1	170.9, F	0.449	30.822	
1	356.4, F	0.475	30.864	
1	173.1, F	0.538	30.906	
1	351.3, F	0.362	30.948	
1	314.7, F	0.354	30.989	
1	201.1, F	0.719	31.031	
1	72.5, F	0.667	31.073	
1	286.1, F	0.412	31.114	
1	250.2, F	0.687	31.156	
1	155.8, F	0.412	31.198	
1	173.1, F	0.521	31.240	
1	325.6, F	0.358	31.281	
1	286.6, F	0.458	31.323	
1	161.8, F	1.146	31.365	
1	325.7, F	1.099	31.406	
1	111.4, F	0.236	31.448	
1	153.0, F	0.165	31.490	
1	189.5, F	0.134	31.531	
1	209.0, F	0.169	31.573	
1	214.6, F	0.315	31.615	
1	206.8, F	0.441	31.657	
1	326.2, F	0.615	31.698	
1	221.2, F	0.57	31.740	
1	50.2, F	0.574	31.782	
1	224.8, F	0.675	31.823	
1	35.0, F	0.523	31.865	
1	227.6, F	1.041	31.907	
1	51.6, F	0.259	31.949	
1	72.1, F	0.195	31.990	
1	75.3, F	0.196	32.032	
1	82.4, F	0.15	32.074	
1	270.4, F	0.849	32.115	
1	93.5, F	0.131	32.157	
1	142.8, F	0.094	32.199	
1	None	0	32.241	
1	None	0	32.282	
1	None	0	32.324	0.125
1	128.9, F	0.094	32.366	
1	None	0	32.407	0.04200000000000159
1	172.0, F	4.292	32.449	
1	48.3, F	0.146	32.491	
1	48.7, F	0.164	32.532	
1	47.5, F	0.225	32.574	
1	41.2, F	0.305	32.616	
1	67.8, F	0.201	32.658	
1	69.4, F	0.179	32.699	
1	296.8, F	0.401	32.741	
1	61.2, F	0.281	32.783	
1	174.5, F	1.239	32.824	
1	335.9, F	0.216	32.866	
1	345.4, F	0.194	32.908	
1	3.6, F	0.254	32.950	
1	171.0, F	0.996	32.991	
1	6.5, F	0.176	33.033	
1	228.3, F	0.122	33.075	
1	282.8, F	0.748	33.116	
1	55.7, F	0.35	33.158	
1	147.2, F	0.917	33.200	
1	292.8, F	0.635	33.242	
1	63.6, F	0.43	33.283	
1	74.2, F	0.509	33.325	
1	309.2, F	0.271	33.367	
1	186.3, F	1.016	33.408	
1	354.4, F	0.175	33.450	
1	6.9, F	0.235	33.492	
1	11.0, F	0.225	33.533	
1	13.6, F	0.204	33.575	
1	23.6, F	0.227	33.617	
1	170.1, F	0.767	33.659	
1	1.2, F	0.326	33.700	
1	340.4, F	0.325	33.742	
1	181.2, F	0.621	33.784	
1	330.2, F	0.455	33.825	
1	326.2, F	0.476	33.867	
1	127.3, F	1.051	33.909	
1	326.9, F	0.467	33.951	
1	323.1, F	0.455	33.992	
1	204.9, F	0.465	34.034	
1	55.6, F	0.768	34.076	
1	209.4, F	0.43	34.117	
1	331.2, F	0.646	34.159	
1	203.5, F	0.387	34.201	
1	117.8, F	0.978	34.243	
1	337.6, F	0.677	34.284	
1	216.6, F	0.144	34.326	
1	172.4, F	0.106	34.368	
1	122.9, F	0.162	34.409	
1	116.1, F	0.157	34.451	
1	17.7, F	1.375	34.493	
1	217.4, F	0.618	34.535	
1	71.3, F	0.406	34.576	
1	316.9, F	0.326	34.618	
1	119.0, F	0.684	34.660	
1	341.9, F	0.52	34.701	
1	221.2, F	0.118	34.743	
1	193.8, F	0.105	34.785	
1	None	0	34.826	
1	None	0	34.868	0.08399999999999608
1	18.1, F	0.106	34.910	
1	27.0, F	0.192	34.952	
1	43.3, F	0.232	34.993	
1	19.2, F	0.276	35.035	
1	27.0, F	0.275	35.077	
1	30.1, F	0.277	35.118	
1	143.1, F	0.735	35.160	
1	295.0, F	0.988	35.202	
1	143.5, F	0.878	35.244	
1	24.3, F	0.503	35.285	
1	314.3, F	0.919	35.327	
1	123.6, F	0.747	35.369	
1	226.7, F	0.424	35.410	
1	38.2, F	0.783	35.452	
1	204.4, F	0.288	35.494	
1	209.0, F	0.256	35.535	
1	336.0, F	1.029	35.577	
1	110.0, F	1.028	35.619	
1	230.5, F	0.112	35.661	
1	194.3, F	0.122	35.702	
1	None	0	35.744	0.04200000000000159
1	149.8, F	0.169	35.786	
1	136.0, F	0.25	35.827	
1	355.0, F	0.936	35.869	
1	134.6, F	0.309	35.911	
1	121.1, F	0.273	35.953	
1	264.7, F	0.627	35.994	
1	118.1, F	0.248	36.036	
1	107.9, F	0.182	36.078	
1	93.7, F	0.153	36.119	
1	273.0, F	0.653	36.161	
1	93.1, F	0.147	36.203	
1	85.6, F	0.116	36.245	
1	None	0	36.286	
1	None	0	36.328	
1	None	0	36.370	
1	None	0	36.411	
1	None	0	36.453	
1	None	0	36.495	0.25
1	277.2, F	0.573	36.536	
1	85.4, F	0.189	36.578	
1	86.4, F	0.177	36.620	
1	97.8, F	0.222	36.662	
1	282.0, F	0.427	36.703	
1	89.6, F	0.292	36.745	
1	83.7, F	0.339	36.787	
1	292.8, F	0.243	36.828	
1	318.7, F	0.164	36.870	
1	87.9, F	0.696	36.912	
1	354.0, F	0.096	36.954	
1	334.7, F	0.208	36.995	
1	332.7, F	0.22	37.037	
1	173.2, F	0.391	37.079	
1	347.2, F	0.207	37.120	
1	32.7, F	0.213	37.162	
1	160.5, F	0.495	37.204	
1	48.3, F	0.171	37.246	
1	44.1, F	0.216	37.287	
1	285.5, F	0.673	37.329	
1	143.8, F	0.617	37.371	
1	69.4, F	0.421	37.412	
1	304.9, F	0.409	37.454	
1	126.4, F	0.767	37.496	
1	318.0, F	0.38	37.538	
1	322.2, F	0.334	37.579	
1	116.7, F	0.745	37.621	
1	324.9, F	0.381	37.663	
1	214.1, F	0.431	37.704	
1	319.0, F	0.428	37.746	
1	120.7, F	0.676	37.788	
1	311.2, F	0.612	37.829	
1	117.1, F	0.579	37.871	
1	319.4, F	0.76	37.913	
1	251.1, F	0.383	37.955	
1	104.4, F	0.639	37.996	
1	288.7, F	0.384	38.038	
1	87.3, F	0.648	38.080	
1	296.7, F	0.263	38.121	
1	310.6, F	0.312	38.163	
1	309.8, F	0.267	38.205	
1	77.8, F	0.712	38.247	
1	310.6, F	0.292	38.288	
1	211.0, F	0.526	38.330	
1	305.2, F	0.475	38.372	
1	42.0, F	0.445	38.413	
1	136.8, F	0.65	38.455	
1	314.7, F	0.844	38.497	
1	118.0, F	0.502	38.538	
1	256.7, F	0.377	38.580	
1	95.8, F	0.535	38.622	
1	271.5, F	0.271	38.664	
1	302.6, F	0.204	38.705	
1	79.6, F	0.808	38.747	
1	346.1, F	0.283	38.789	
1	1.5, F	0.333	38.830	
1	19.4, F	0.425	38.872	
1	136.5, F	0.266	38.914	
1	265.2, F	0.36	38.956	
1	97.8, F	0.541	38.997	
1	351.9, F	0.561	39.039	
1	137.1, F	0.116	39.081	
1	98.5, F	0.183	39.122	
1	108.9, F	0.517	39.164	
1	115.4, F	0.684	39.206	
1	323.4, F	0.342	39.248	
1	196.3, F	0.423	39.289	
1	40.4, F	0.14	39.331	
1	84.3, F	0.281	39.373	
1	91.7, F	0.368	39.414	
1	99.2, F	0.488	39.456	
1	225.5, F	0.178	39.498	
1	226.1, F	0.179	39.539	
1	183.4, F	0.166	39.581	
1	183.6, F	0.142	39.623	
1	145.4, F	0.231	39.665	
1	138.5, F	0.317	39.706	
1	9.2, F	0.698	39.748	
1	130.9, F	0.442	39.790	
1	124.6, F	0.505	39.831	
1	222.9, F	0.611	39.873	
1	40.2, F	0.617	39.915	
1	220.3, F	0.498	39.957	
1	331.7, F	0.588	39.998	
1	122.5, F	0.785	40.040	
1	337.6, F	0.529	40.082	
1	191.2, F	0.392	40.123	
1	352.8, F	0.486	40.165	
1	182.3, F	0.399	40.207	
1	359.0, F	0.468	40.249	
1	178.5, F	0.411	40.290	
1	176.3, F	0.33	40.332	
1	354.0, F	0.58	40.374	
1	105.1, F	1.215	40.415	
1	304.7, F	1.076	40.457	
1	174.6, F	0.438	40.499	
1	184.9, F	0.42	40.541	
1	347.2, F	0.486	40.582	
1	190.0, F	0.455	40.624	
1	337.5, F	0.514	40.666	
1	117.3, F	1.136	40.707	
1	337.3, F	0.558	40.749	
1	196.9, F	0.486	40.791	
1	337.7, F	0.446	40.832	
1	199.3, F	0.594	40.874	
1	323.8, F	0.386	40.916	
1	66.1, F	0.752	40.958	
1	189.5, F	0.55	40.999	
1	334.2, F	0.549	41.041	
1	189.4, F	0.629	41.083	
1	325.9, F	0.533	41.124	
1	67.7, F	0.648	41.166	
1	183.5, F	0.633	41.208	
1	342.2, F	0.321	41.250	
1	349.2, F	0.303	41.291	
1	160.5, F	0.617	41.333	
1	9.7, F	0.32	41.375	
1	15.6, F	0.302	41.416	
1	158.3, F	0.851	41.458	
1	2.6, F	0.285	41.500	
1	14.1, F	0.218	41.541	
1	297.2, F	0.823	41.583	
1	157.0, F	0.694	41.625	
1	11.0, F	0.309	41.667	
1	9.7, F	0.261	41.708	
1	159.2, F	0.82	41.750	
1	29.9, F	0.163	41.792	
1	294.2, F	0.821	41.833	
1	43.1, F	0.126	41.875	
1	161.8, F	1.045	41.917	
1	24.8, F	0.186	41.959	
1	292.9, F	0.111	42.000	
1	None	0	42.042	0.04200000000000159
1	206.3, F	0.113	42.084	
1	199.4, F	0.198	42.125	
1	323.0, F	0.382	42.167	
1	192.0, F	0.509	42.209	
1	302.0, F	0.27	42.251	
1	124.3, F	0.602	42.292	
1	250.2, F	0.319	42.334	
1	240.5, F	0.388	42.376	
1	143.3, F	0.744	42.417	
1	314.8, F	1.086	42.459	
1	161.0, F	0.878	42.501	
1	20.8, F	0.293	42.542	
1	21.3, F	0.218	42.584	
1	166.3, F	1.13	42.626	
1	288.6, F	0.916	42.668	
1	47.2, F	0.128	42.709	
1	None	0	42.751	0.04200000000000159
1	150.9, F	0.101	42.793	
1	187.1, F	0.121	42.834	
1	211.2, F	0.122	42.876	
1	213.1, F	0.141	42.918	
1	340.1, F	0.461	42.960	
1	223.5, F	0.335	43.001	
1	235.0, F	0.35	43.043	
1	46.3, F	0.564	43.085	
1	242.0, F	0.402	43.126	
1	133.9, F	0.3	43.168	
1	312.4, F	0.728	43.210	
1	140.4, F	0.286	43.252	
1	149.5, F	0.262	43.293	
1	15.1, F	0.427	43.335	
1	169.9, F	0.189	43.377	
1	174.4, F	0.234	43.418	
1	1.4, F	0.422	43.460	
1	202.2, F	0.219	43.502	
1	207.3, F	0.235	43.544	
1	336.5, F	0.381	43.585	
1	221.8, F	0.341	43.627	
1	231.2, F	0.326	43.669	
1	324.1, F	0.317	43.710	
1	121.8, F	0.889	43.752	
1	324.6, F	0.366	43.794	
1	317.7, F	0.33	43.835	
1	211.1, F	0.519	43.877	
1	315.5, F	0.265	43.919	
1	79.7, F	0.701	43.961	
1	214.8, F	0.485	44.002	
1	324.8, F	0.267	44.044	
1	320.4, F	0.256	44.086	
1	128.6, F	0.978	44.127	
1	319.0, F	0.277	44.169	
1	319.6, F	0.273	44.211	
1	319.0, F	0.256	44.253	
1	201.0, F	0.478	44.294	
1	332.5, F	0.245	44.336	
1	92.8, F	1.102	44.378	
1	325.3, F	0.178	44.419	
1	335.8, F	0.244	44.461	
1	187.0, F	0.494	44.503	
1	336.6, F	0.232	44.544	
1	339.0, F	0.217	44.586	
1	183.8, F	0.484	44.628	
1	311.1, F	0.137	44.670	
1	None	0	44.711	
1	None	0	44.753	
1	None	0	44.795	
1	None	0	44.836	0.1670000000000016
1	130.9, F	0.179	44.878	
1	135.0, F	0.182	44.920	
1	130.0, F	0.234	44.962	
1	148.6, F	0.424	45.003	
1	243.2, F	0.601	45.045	
1	10.9, F	0.619	45.087	
1	145.9, F	0.618	45.128	
1	314.8, F	0.82	45.170	
1	147.2, F	0.535	45.212	
1	146.6, F	0.51	45.254	
1	319.8, F	0.905	45.295	
1	118.4, F	0.399	45.337	
1	118.9, F	0.346	45.379	
1	329.1, F	1.222	45.420	
1	104.5, F	0.411	45.462	
1	101.8, F	0.468	45.504	
1	273.9, F	0.192	45.545	
1	284.2, F	0.167	45.587	
1	97.4, F	0.614	45.629	
1	None	0	45.671	0.04100000000000392
1	113.7, F	0.179	45.712	
1	103.0, F	0.235	45.754	
1	297.0, F	0.595	45.796	
1	69.3, F	0.353	45.837	
1	124.9, F	0.695	45.879	
1	307.7, F	0.863	45.921	
1	104.8, F	0.583	45.963	
1	259.2, F	0.559	46.004	
1	16.5, F	0.265	46.046	
1	146.6, F	0.256	46.088	
1	349.4, F	0.2	46.129	
1	170.4, F	0.364	46.171	
1	318.7, F	0.308	46.213	
1	174.7, F	0.259	46.255	
1	326.5, F	0.245	46.296	
1	324.9, F	0.442	46.338	
1	189.0, F	0.224	46.380	
1	200.6, F	0.214	46.421	
1	319.2, F	0.347	46.463	
1	268.8, F	0.142	46.505	
1	101.4, F	0.498	46.547	
1	265.9, F	0.127	46.588	
1	217.1, F	0.118	46.630	
1	349.6, F	0.599	46.672	
1	350.0, F	0.178	46.713	
1	28.6, F	0.165	46.755	
1	36.3, F	0.223	46.797	
1	171.8, F	0.691	46.838	
1	37.1, F	0.338	46.880	
1	29.3, F	0.389	46.922	
1	29.8, F	0.338	46.964	
1	167.6, F	0.637	47.005	
1	299.8, F	0.696	47.047	
1	12.2, F	0.28	47.089	
1	179.9, F	0.65	47.130	
1	350.5, F	0.236	47.172	
1	339.9, F	0.195	47.214	
1	191.1, F	0.967	47.256	
1	336.5, F	0.281	47.297	
1	312.4, F	0.236	47.339	
1	77.8, F	0.794	47.381	
1	338.9, F	0.236	47.422	
1	1.2, F	0.096	47.464	
1	23.1, F	0.142	47.506	
1	167.6, F	0.708	47.547	
1	38.3, F	0.195	47.589	
1	40.6, F	0.304	47.631	
1	303.1, F	0.586	47.673	
1	149.6, F	0.451	47.714	
1	53.8, F	0.464	47.756	
1	222.4, F	0.612	47.798	
1	58.0, F	0.652	47.839	
1	320.2, F	0.616	47.881	
1	220.4, F	0.399	47.923	
1	107.9, F	0.453	47.965	
1	336.6, F	0.863	48.006	
1	90.6, F	0.541	48.048	
1	272.8, F	0.287	48.090	
1	286.5, F	0.292	48.131	
1	69.7, F	0.584	48.173	
1	228.8, F	0.6	48.215	
1	35.5, F	0.543	48.257	
1	259.6, F	0.493	48.298	
1	10.2, F	0.808	48.340	
1	78.3, F	0.178	48.382	
1	297.8, F	0.796	48.423	
1	153.3, F	0.834	48.465	
1	31.0, F	0.678	48.507	
1	248.0, F	0.488	48.548	
1	24.0, F	0.836	48.590	
1	93.1, F	0.506	48.632	
1	303.0, F	0.586	48.674	
1	314.9, F	0.486	48.715	
1	117.6, F	0.904	48.757	
1	328.8, F	0.637	48.799	
1	240.7, F	0.272	48.840	
1	92.2, F	0.979	48.882	
1	259.3, F	0.312	48.924	
1	260.5, F	0.26	48.966	
1	273.2, F	0.361	49.007	
1	89.6, F	0.665	49.049	
1	287.5, F	0.588	49.091	
1	286.6, F	0.469	49.132	
1	76.2, F	0.447	49.174	
1	288.3, F	0.515	49.216	
1	72.5, F	0.456	49.258	
1	75.3, F	0.449	49.299	
1	284.6, F	0.489	49.341	
1	138.6, F	0.969	49.383	
1	287.1, F	0.426	49.424	
1	286.2, F	0.384	49.466	
1	76.7, F	0.52	49.508	
1	296.3, F	0.347	49.550	
1	287.1, F	0.258	49.591	
1	76.6, F	0.68	49.633	
1	194.8, F	0.876	49.675	
1	284.4, F	0.213	49.716	
1	88.0, F	0.657	49.758	
1	293.6, F	0.26	49.800	
1	309.3, F	0.257	49.841	
1	299.7, F	0.23	49.883	
1	289.4, F	0.175	49.925	
1	83.4, F	0.714	49.967	
1	264.9, F	0.223	50.008	
1	276.9, F	0.268	50.050	
1	279.3, F	0.217	50.092	
1	80.3, F	0.653	50.133	
1	284.5, F	0.375	50.175	
1	201.7, F	0.81	50.217	
1	84.7, F	0.591	50.259	
1	276.4, F	0.396	50.300	
1	275.7, F	0.252	50.342	
1	91.2, F	0.811	50.384	
1	254.5, F	0.21	50.425	
1	256.0, F	0.199	50.467	
1	236.2, F	0.135	50.509	
1	222.4, F	0.092	50.550	
1	194.8, F	0.121	50.592	
1	102.2, F	0.905	50.634	
1	356.5, F	0.454	50.676	
1	180.5, F	0.325	50.717	
1	178.4, F	0.319	50.759	
1	2.1, F	0.467	50.801	
1	183.1, F	0.276	50.842	
1	8.7, F	0.457	50.884	
1	181.2, F	0.367	50.926	
1	9.5, F	0.286	50.968	
1	178.3, F	0.633	51.009	
1	30.6, F	0.222	51.051	
1	290.9, F	0.725	51.093	
1	174.6, F	0.733	51.134	
1	74.1, F	0.113	51.176	
1	None	0	51.218	0.041999999999994486
1	100.7, F	0.097	51.260	
1	138.4, F	0.096	51.301	
1	149.5, F	0.13	51.343	
1	157.8, F	0.151	51.385	
1	151.0, F	0.192	51.426	
1	315.8, F	0.911	51.468	
1	146.4, F	0.3	51.510	
1	156.1, F	0.382	51.551	
1	16.6, F	0.402	51.593	
1	173.3, F	0.497	51.635	
1	15.7, F	0.296	51.677	
1	176.2, F	0.64	51.718	
1	282.0, F	0.728	51.760	
1	28.1, F	0.134	51.802	
1	None	0	51.843	
1	None	0	51.885	
1	None	0	51.927	
1	None	0	51.969	
1	None	0	52.010	
1	None	0	52.052	0.25099999999999767
1	269.1, F	0.126	52.094	
1	246.7, F	0.237	52.135	
1	108.3, F	0.668	52.177	
1	242.4, F	0.365	52.219	
1	233.2, F	0.414	52.261	
1	56.7, F	0.79	52.302	
1	239.0, F	0.482	52.344	
1	237.1, F	0.555	52.386	
1	41.1, F	0.502	52.427	
1	156.0, F	0.407	52.469	
1	287.0, F	0.963	52.511	
1	182.0, F	0.48	52.552	
1	325.2, F	0.216	52.594	
1	299.1, F	0.282	52.636	
1	50.9, F	0.166	52.678	
1	167.1, F	0.634	52.719	
1	271.6, F	0.887	52.761	
1	275.1, F	0.157	52.803	
1	97.6, F	0.517	52.844	
1	262.2, F	0.481	52.886	
1	257.2, F	0.476	52.928	
1	104.2, F	0.459	52.970	
1	263.5, F	0.528	53.011	
1	105.7, F	0.315	53.053	
1	9.3, F	0.803	53.095	
1	144.3, F	0.382	53.136	
1	245.5, F	0.713	53.178	
1	146.7, F	0.412	53.220	
1	12.1, F	0.854	53.262	
1	155.2, F	0.357	53.303	
1	261.2, F	0.764	53.345	
1	137.8, F	0.328	53.387	
1	7.1, F	0.967	53.428	
1	138.6, F	0.171	53.470	
1	79.1, F	0.179	53.512	
1	40.2, F	0.22	53.553	
1	276.5, F	1.273	53.595	
1	127.8, F	0.788	53.637	
1	331.4, F	0.464	53.679	
1	231.2, F	0.431	53.720	
1	34.5, F	0.78	53.762	
1	259.3, F	0.578	53.804	
1	67.5, F	0.235	53.845	
1	36.4, F	0.212	53.887	
1	281.0, F	0.957	53.929	
1	15.9, F	0.463	53.971	
1	189.1, F	0.417	54.012	
1	358.1, F	0.816	54.054	
1	207.6, F	0.283	54.096	
1	213.3, F	0.184	54.137	
1	74.8, F	0.55	54.179	
1	298.1, F	0.248	54.221	
1	330.0, F	0.376	54.263	
1	345.5, F	0.488	54.304	
1	106.2, F	0.854	54.346	
1	235.8, F	0.166	54.388	
1	356.5, F	0.802	54.429	
1	None	0	54.471	0.04200000000000159
1	302.3, F	0.157	54.513	
1	332.4, F	0.196	54.554	
1	328.6, F	0.19	54.596	
1	176.4, F	0.629	54.638	
1	350.1, F	0.367	54.680	
1	358.0, F	0.374	54.721	
1	162.6, F	0.391	54.763	
1	358.2, F	0.611	54.805	
1	155.6, F	0.221	54.846	
1	125.0, F	0.174	54.888	
1	118.2, F	0.176	54.930	
1	136.7, F	0.213	54.972	
1	10.8, F	0.862	55.013	
1	96.9, F	0.2	55.055	
1	261.7, F	0.529	55.097	
1	84.7, F	0.238	55.138	
1	81.2, F	0.338	55.180	
1	273.5, F	0.412	55.222	
1	75.2, F	0.349	55.264	
1	278.4, F	0.497	55.305	
1	60.8, F	0.369	55.347	
1	162.6, F	0.731	55.389	
1	276.6, F	0.622	55.430	
1	64.0, F	0.338	55.472	
1	63.0, F	0.315	55.514	
1	281.2, F	0.562	55.555	
1	68.1, F	0.37	55.597	
1	159.1, F	0.728	55.639	
1	274.5, F	0.281	55.681	
1	81.3, F	0.385	55.722	
1	289.3, F	0.282	55.764	
1	334.9, F	0.125	55.806	
1	71.8, F	0.746	55.847	
1	20.6, F	0.214	55.889	
1	169.1, F	0.47	55.931	
1	13.2, F	0.21	55.973	
1	50.3, F	0.398	56.014	
1	239.1, F	0.972	56.056	
1	38.9, F	0.486	56.098	
1	54.8, F	0.321	56.139	
1	153.4, F	0.378	56.181	
1	294.9, F	0.884	56.223	
1	142.7, F	0.348	56.265	
1	35.8, F	0.698	56.306	
1	104.2, F	0.356	56.348	
1	265.6, F	0.786	56.390	
1	76.5, F	0.342	56.431	
1	59.6, F	0.397	56.473	
1	282.7, F	0.841	56.515	
1	34.8, F	0.606	56.556	
1	147.1, F	0.359	56.598	
1	23.9, F	0.813	56.640	
1	265.0, F	0.981	56.682	
1	127.6, F	0.138	56.723	
1	None	0	56.765	
1	None	0	56.807	0.08299999999999841
1	1.1, F	0.16	56.848	
1	13.4, F	0.392	56.890	
1	171.3, F	0.434	56.932	
1	24.9, F	0.404	56.974	
1	23.0, F	0.707	57.015	
1	123.0, F	0.317	57.057	
1	261.0, F	0.769	57.099	
1	107.7, F	0.338	57.140	
1	94.1, F	0.368	57.182	
1	270.4, F	0.469	57.224	
1	76.4, F	0.602	57.266	
1	291.3, F	0.269	57.307	
1	338.3, F	0.367	57.349	
1	63.0, F	0.794	57.391	
1	205.2, F	0.583	57.432	
1	341.8, F	0.483	57.474	
1	209.7, F	0.5	57.516	
1	50.2, F	0.963	57.557	
1	207.6, F	0.514	57.599	
1	335.4, F	0.65	57.641	
1	216.1, F	0.582	57.683	
1	42.5, F	0.952	57.724	
1	230.3, F	0.463	57.766	
1	231.0, F	0.454	57.808	
1	92.4, F	0.437	57.849	
1	254.2, F	0.583	57.891	
1	27.2, F	1.014	57.933	
1	252.5, F	0.622	57.975	
1	127.9, F	0.264	58.016	
1	155.9, F	0.145	58.058	
1	146.2, F	0.106	58.100	
1	162.6, F	0.16	58.141	
1	177.5, F	0.184	58.183	
1	359.7, F	1.022	58.225	
1	187.6, F	0.106	58.267	
1	None	0	58.308	0.04200000000000159
1	281.1, F	0.136	58.350	
1	287.5, F	0.153	58.392	
1	305.9, F	0.227	58.433	
1	274.6, F	0.25	58.475	
1	274.3, F	0.279	58.517	
1	73.5, F	0.476	58.558	
1	209.9, F	0.75	58.600	
1	286.5, F	0.499	58.642	
1	69.2, F	0.405	58.684	
1	59.4, F	0.324	58.725	
1	278.4, F	0.748	58.767	
1	170.8, F	0.54	58.809	
1	348.1, F	0.312	58.850	
1	344.7, F	0.228	58.892	
1	180.3, F	0.601	58.934	
1	357.9, F	0.243	58.976	
1	22.3, F	0.356	59.017	
1	50.7, F	0.283	59.059	
1	150.9, F	0.669	59.101	
1	279.5, F	0.492	59.142	
1	86.5, F	0.487	59.184	
1	260.7, F	0.31	59.226	
1	94.3, F	0.622	59.268	
1	212.2, F	0.321	59.309	
1	197.1, F	0.382	59.351	
1	347.1, F	0.582	59.393	
1	117.1, F	1.033	59.434	
1	173.7, F	0.538	59.476	
1	35.4, F	0.319	59.518	
1	292.8, F	0.757	59.559	
1	167.1, F	0.787	59.601	
1	38.9, F	0.287	59.643	
1	40.7, F	0.228	59.685	
1	55.6, F	0.196	59.726	
1	267.3, F	0.717	59.768	
1	97.6, F	0.279	59.810	
1	110.0, F	0.403	59.851	
1	252.6, F	0.596	59.893	
1	109.0, F	0.35	59.935	
1	135.0, F	0.287	59.977	
1	253.4, F	1.242	60.018	
1	66.4, F	0.698	60.060	
1	220.2, F	0.731	60.102	
1	289.4, F	0.643	60.143	
1	13.7, F	0.223	60.185	
1	334.6, F	0.191	60.227	
1	191.0, F	0.604	60.269	
1	282.5, F	0.153	60.310	
1	287.7, F	0.231	60.352	
1	96.8, F	0.767	60.394	
1	238.4, F	0.269	60.435	
1	236.0, F	0.268	60.477	
1	221.2, F	0.267	60.519	
1	342.0, F	0.697	60.560	
1	113.8, F	0.831	60.602	
1	206.4, F	0.363	60.644	
1	199.2, F	0.523	60.686	
1	328.4, F	0.462	60.727	
1	60.4, F	0.734	60.769	
1	195.2, F	0.684	60.811	
1	334.0, F	0.178	60.852	
1	7.7, F	0.149	60.894	
1	36.9, F	0.135	60.936	
1	170.5, F	0.962	60.978	
1	93.2, F	0.425	61.019	
1	274.3, F	0.357	61.061	
1	89.9, F	0.61	61.103	
1	285.5, F	0.154	61.144	
1	None	0	61.186	0.04200000000000159
1	191.9, F	0.141	61.228	
1	0.5, F	0.537	61.270	
1	172.5, F	0.153	61.311	
1	142.2, F	0.362	61.353	
1	134.4, F	0.386	61.395	
1	44.7, F	0.458	61.436	
1	141.4, F	0.481	61.478	
1	302.8, F	0.515	61.520	
1	142.1, F	0.598	61.561	
1	289.6, F	0.47	61.603	
1	83.6, F	0.559	61.645	
1	287.9, F	0.407	61.687	
1	83.5, F	0.55	61.728	
1	269.0, F	0.278	61.770	
1	266.0, F	0.214	61.812	
1	91.2, F	0.747	61.853	
1	302.6, F	0.135	61.895	
1	183.1, F	0.748	61.937	
1	None	0	61.979	
1	None	0	62.020	
1	None	0	62.062	0.125
1	343.2, F	0.166	62.104	
1	None	0	62.145	
1	None	0	62.187	
1	None	0	62.229	
1	None	0	62.271	
1	None	0	62.312	0.20899999999999608
1	174.2, F	0.188	62.354	
1	173.9, F	0.265	62.396	
1	356.0, F	0.949	62.437	
1	189.4, F	0.141	62.479	
1	194.8, F	0.267	62.521	
1	191.3, F	0.326	62.562	
1	182.0, F	0.372	62.604	
1	356.3, F	0.554	62.646	
1	169.9, F	0.386	62.688	
1	0.4, F	0.549	62.729	
1	179.9, F	0.425	62.771	
1	350.9, F	0.462	62.813	
1	190.0, F	0.433	62.854	
1	336.5, F	0.682	62.896	
1	116.6, F	0.682	62.938	
1	215.8, F	0.489	62.980	
1	311.4, F	0.809	63.021	
1	134.9, F	0.66	63.063	
1	319.3, F	0.57	63.105	
1	117.5, F	0.772	63.146	
1	188.5, F	0.653	63.188	
1	346.5, F	0.231	63.230	
1	6.0, F	0.277	63.272	
1	47.3, F	0.265	63.313	
1	154.2, F	1.052	63.355	
1	85.5, F	0.568	63.397	
1	None	0	63.438	0.041999999999994486
1	123.7, F	0.159	63.480	
1	105.9, F	0.436	63.522	
1	317.6, F	0.876	63.563	
1	105.0, F	0.547	63.605	
1	239.1, F	0.346	63.647	
1	101.3, F	0.967	63.689	
1	168.3, F	0.183	63.730	
1	10.8, F	0.458	63.772	
1	138.3, F	0.38	63.814	
1	231.5, F	0.47	63.855	
1	48.5, F	0.538	63.897	
1	212.7, F	0.461	63.939	
1	61.5, F	0.563	63.981	
1	347.3, F	0.292	64.022	
1	166.6, F	0.528	64.064	
1	29.4, F	0.165	64.106	
1	50.8, F	0.188	64.147	
1	154.1, F	0.653	64.189	
1	63.2, F	0.379	64.231	
1	281.9, F	0.609	64.273	
1	76.4, F	0.403	64.314	
1	276.5, F	0.494	64.356	
1	87.3, F	0.54	64.398	
1	289.1, F	0.377	64.439	
1	132.7, F	0.916	64.481	
1	283.4, F	0.229	64.523	
1	302.8, F	0.218	64.564	
1	82.3, F	0.743	64.606	
1	308.8, F	0.28	64.648	
1	313.6, F	0.257	64.690	
1	184.7, F	0.484	64.731	
1	339.0, F	0.271	64.773	
1	336.9, F	0.278	64.815	
1	153.2, F	0.319	64.856	
1	5.1, F	0.45	64.898	
1	159.6, F	0.335	64.940	
1	354.3, F	0.385	64.982	
1	175.0, F	0.262	65.023	
1	185.3, F	0.142	65.065	
1	353.7, F	0.51	65.107	
1	None	0	65.148	0.04200000000000159
1	296.0, F	0.096	65.190	
1	313.0, F	0.207	65.232	
1	73.0, F	0.82	65.274	
1	318.5, F	0.492	65.315	
1	222.9, F	0.474	65.357	
1	320.1, F	0.703	65.399	
1	109.2, F	0.487	65.440	
1	262.5, F	0.575	65.482	
1	42.7, F	0.295	65.524	
1	8.1, F	0.247	65.566	
1	343.1, F	0.288	65.607	
1	339.4, F	0.304	65.649	
1	218.3, F	0.261	65.691	
1	340.8, F	0.774	65.732	
1	254.9, F	0.45	65.774	
1	86.7, F	0.367	65.816	
1	281.0, F	0.606	65.857	
1	39.6, F	0.24	65.899	
1	11.8, F	0.253	65.941	
1	173.9, F	0.647	65.983	
1	349.5, F	0.402	66.024	
1	341.3, F	0.479	66.066	
1	195.9, F	0.394	66.108	
1	209.6, F	0.399	66.149	
1	335.8, F	0.811	66.191	
1	103.9, F	0.602	66.233	
1	267.5, F	0.584	66.275	
1	88.8, F	0.247	66.316	
1	271.9, F	0.942	66.358	
1	None	0	66.400	0.04099999999999682
1	289.3, F	0.303	66.441	
1	76.0, F	0.51	66.483	
1	284.1, F	0.642	66.525	
1	37.6, F	0.297	66.566	
1	358.3, F	0.17	66.608	
1	184.9, F	0.531	66.650	
1	312.8, F	0.369	66.692	
1	304.9, F	0.427	66.733	
1	210.2, F	0.585	66.775	
1	63.6, F	0.499	66.817	
1	286.4, F	0.752	66.858	
1	50.0, F	0.266	66.900	
1	156.6, F	0.669	66.942	
1	285.7, F	0.958	66.984	
1	343.4, F	0.281	67.025	
1	188.4, F	0.613	67.067	
1	301.1, F	0.288	67.109	
1	86.8, F	0.591	67.150	
1	276.6, F	0.374	67.192	
1	273.6, F	0.318	67.234	
1	93.9, F	0.521	67.276	
1	271.0, F	0.389	67.317	
1	99.0, F	0.473	67.359	
1	260.7, F	0.495	67.401	
1	112.8, F	0.305	67.442	
1	253.5, F	0.599	67.484	
1	140.4, F	0.187	67.526	
1	159.1, F	0.311	67.567	
1	3.6, F	0.593	67.609	
1	177.5, F	0.362	67.651	
1	188.3, F	0.407	67.693	
1	337.2, F	0.58	67.734	
1	195.3, F	0.414	67.776	
1	325.6, F	0.594	67.818	
1	217.6, F	0.575	67.859	
1	50.1, F	0.498	67.901	
1	226.9, F	0.674	67.943	
1	48.4, F	0.344	67.985	
1	46.8, F	0.154	68.026	
1	278.7, F	0.888	68.068	
1	171.4, F	0.845	68.110	
1	237.9, F	0.117	68.151	
1	244.2, F	0.172	68.193	
1	236.8, F	0.243	68.235	
1	119.6, F	0.789	68.277	
1	328.0, F	0.478	68.318	
1	208.1, F	0.361	68.360	
1	311.0, F	0.391	68.402	
1	84.5, F	0.532	68.443	
1	192.4, F	0.565	68.485	
1	278.5, F	0.345	68.527	
1	78.7, F	0.439	68.569	
1	276.1, F	0.329	68.610	
1	82.5, F	0.445	68.652	
1	255.6, F	0.524	68.694	
1	88.3, F	0.265	68.735	
1	268.3, F	0.826	68.777	
1	254.2, F	0.165	68.819	
1	255.0, F	0.402	68.860	
1	106.8, F	0.638	68.902	
1	259.4, F	0.604	68.944	
1	115.0, F	0.391	68.986	
1	305.6, F	1.067	69.027	
1	163.5, F	0.397	69.069	
1	182.4, F	0.427	69.111	
1	346.2, F	0.509	69.152	
1	196.1, F	0.64	69.194	
1	300.2, F	0.443	69.236	
1	83.6, F	0.499	69.278	
1	300.2, F	0.376	69.319	
1	163.8, F	1.591	69.361	
1	306.5, F	0.345	69.403	
1	308.4, F	0.259	69.444	
1	83.9, F	0.755	69.486	
1	186.7, F	1.287	69.528	
1	345.9, F	0.725	69.569	
1	185.7, F	0.392	69.611	
1	186.5, F	0.497	69.653	
1	308.9, F	0.519	69.695	
1	67.3, F	0.443	69.736	
1	202.7, F	0.81	69.778	
1	81.4, F	0.3	69.820	
1	258.8, F	0.578	69.861	
1	150.6, F	0.313	69.903	
1	346.7, F	0.515	69.945	
1	194.3, F	0.453	69.987	
1	203.6, F	0.629	70.028	
1	295.0, F	0.767	70.070	
1	75.8, F	0.264	70.112	
1	None	0	70.153	0.04199999999998738
1	256.0, F	0.526	70.195	
1	252.6, F	0.331	70.237	
1	248.8, F	0.396	70.279	
1	164.9, F	0.549	70.320	
1	160.6, F	0.612	70.362	
1	301.5, F	0.693	70.404	
1	300.8, F	0.568	70.445	
1	101.5, F	1.2	70.487	
1	270.4, F	1.631	70.529	
1	106.1, F	0.238	70.570	
1	213.8, F	0.302	70.612	
1	229.4, F	0.266	70.654	
1	193.9, F	0.512	70.696	
1	356.3, F	0.199	70.737	
1	198.1, F	0.556	70.779	
1	17.8, F	0.164	70.821	
1	91.6, F	0.107	70.862	
1	80.3, F	0.137	70.904	
1	None	0	70.946	
1	None	0	70.988	
1	None	0	71.029	
1	None	0	71.071	0.1670000000000016
1	16.3, F	0.125	71.113	
1	22.1, F	0.17	71.154	
1	179.6, F	0.573	71.196	
1	6.8, F	0.279	71.238	
1	17.3, F	0.38	71.280	
1	179.0, F	0.494	71.321	
1	4.4, F	0.404	71.363	
1	179.6, F	0.404	71.405	
1	352.2, F	0.318	71.446	
1	194.2, F	0.293	71.488	
1	334.2, F	0.421	71.530	
1	246.0, F	0.248	71.572	
1	244.0, F	0.233	71.613	
1	55.5, F	0.765	71.655	
1	285.3, F	0.338	71.697	
1	290.1, F	0.347	71.738	
1	98.0, F	0.509	71.780	
1	284.6, F	0.377	71.822	
1	297.0, F	0.527	71.863	
1	69.0, F	0.231	71.905	
1	None	0	71.947	0.04200000000000159
1	12.4, F	0.158	71.989	
1	166.5, F	0.837	72.030	
1	301.0, F	0.973	72.072	
1	359.7, F	0.39	72.114	
1	140.0, F	0.658	72.155	
1	31.4, F	0.326	72.197	
1	27.1, F	0.403	72.239	
1	216.0, F	0.49	72.281	
1	72.9, F	0.412	72.322	
1	164.9, F	0.916	72.364	
1	None	0	72.406	0.04099999999999682
1	129.8, F	0.212	72.447	
1	26.7, F	0.711	72.489	
1	136.5, F	0.32	72.531	
1	241.7, F	0.602	72.572	
1	147.7, F	0.554	72.614	
1	61.4, F	0.357	72.656	
1	289.3, F	0.435	72.698	
1	91.6, F	0.534	72.739	
1	275.4, F	0.169	72.781	
1	225.9, F	0.279	72.823	
1	227.5, F	0.314	72.864	
1	114.8, F	1.063	72.906	
1	203.5, F	0.314	72.948	
1	350.1, F	0.523	72.990	
1	189.7, F	0.573	73.031	
1	327.7, F	0.331	73.073	
1	176.0, F	0.747	73.115	
1	None	0	73.156	0.04199999999998738
1	92.5, F	0.114	73.198	
1	None	0	73.240	0.04200000000000159
1	142.7, F	0.143	73.282	
1	173.9, F	0.18	73.323	
1	173.2, F	0.383	73.365	
1	358.2, F	0.44	73.407	
1	184.4, F	0.368	73.448	
1	344.3, F	0.377	73.490	
1	185.9, F	0.769	73.532	
1	None	0	73.573	
1	None	0	73.615	0.08400000000000318
1	104.9, F	0.132	73.657	
1	90.6, F	0.187	73.699	
1	109.3, F	0.218	73.740	
1	95.9, F	0.271	73.782	
1	264.0, F	0.401	73.824	
1	80.7, F	0.396	73.865	
1	303.7, F	0.234	73.907	
1	74.9, F	0.583	73.949	
1	312.3, F	0.266	73.991	
1	297.7, F	0.254	74.032	
1	255.7, F	0.19	74.074	
1	91.2, F	0.467	74.116	
1	238.5, F	0.237	74.157	
1	206.6, F	0.291	74.199	
1	190.9, F	0.242	74.241	
1	182.4, F	0.263	74.283	
1	5.9, F	0.341	74.324	
1	176.0, F	0.405	74.366	
1	11.0, F	0.441	74.408	
1	158.9, F	0.48	74.449	
1	31.7, F	0.373	74.491	
1	155.0, F	0.702	74.533	
1	55.1, F	0.411	74.575	
1	286.9, F	0.837	74.616	
1	55.5, F	0.442	74.658	
1	128.5, F	0.723	74.700	
1	307.6, F	0.492	74.741	
1	122.0, F	0.922	74.783	
1	346.2, F	0.36	74.825	
1	37.8, F	0.336	74.866	
1	156.8, F	0.714	74.908	
1	283.4, F	0.225	74.950	
1	84.9, F	0.451	74.992	
1	None	0	75.033	0.04200000000000159
1	43.5, F	0.131	75.075	
1	None	0	75.117	0.04099999999999682
1	107.0, F	0.137	75.158	
1	107.9, F	0.332	75.200	
1	108.5, F	0.428	75.242	
1	262.2, F	0.544	75.284	
1	106.1, F	0.587	75.325	
1	236.6, F	0.416	75.367	
1	336.1, F	0.605	75.409	
1	109.6, F	0.894	75.450	
1	198.7, F	0.293	75.492	
1	358.3, F	0.502	75.534	
1	168.6, F	0.294	75.575	
1	168.8, F	0.282	75.617	
1	359.6, F	0.636	75.659	
1	178.5, F	0.185	75.701	
1	186.9, F	0.117	75.742	
1	224.6, F	0.097	75.784	
1	357.2, F	0.124	75.826	
1	357.7, F	0.249	75.867	
1	2.8, F	0.225	75.909	
1	0.7, F	0.317	75.951	
1	182.2, F	0.545	75.993	
1	5.0, F	0.494	76.034	
1	9.9, F	0.606	76.076	
1	151.7, F	0.221	76.118	
1	164.4, F	0.182	76.159	
1	189.5, F	0.176	76.201	
1	229.3, F	0.255	76.243	
1	337.3, F	0.633	76.285	
1	225.0, F	0.371	76.326	
1	249.9, F	0.543	76.368	
1	117.0, F	0.465	76.410	
1	24.6, F	0.689	76.451	
1	252.2, F	0.787	76.493	
1	125.4, F	0.432	76.535	
1	19.0, F	0.594	76.576	
1	260.3, F	0.859	76.618	
1	130.0, F	0.291	76.660	
1	125.5, F	0.243	76.702	
1	127.5, F	0.212	76.743	
1	11.0, F	0.981	76.785	
1	113.3, F	0.159	76.827	
1	275.4, F	1.036	76.868	
1	78.6, F	0.147	76.910	
1	86.2, F	0.105	76.952	
1	39.0, F	0.108	76.994	
1	165.8, F	0.569	77.035	
1	27.2, F	0.169	77.077	
1	2.3, F	0.152	77.119	
1	330.7, F	0.17	77.160	
1	326.4, F	0.186	77.202	
1	177.2, F	0.533	77.244	
1	320.0, F	0.275	77.286	
1	311.9, F	0.302	77.327	
1	308.5, F	0.39	77.369	
1	145.6, F	0.586	77.411	
1	292.4, F	0.341	77.452	
1	66.9, F	0.389	77.494	
1	284.8, F	0.38	77.536	
1	150.7, F	0.683	77.578	
1	289.8, F	0.426	77.619	
1	60.7, F	0.296	77.661	
1	27.2, F	0.304	77.703	
1	226.1, F	0.566	77.744	
1	354.1, F	0.281	77.786	
1	329.8, F	0.3	77.828	
1	192.0, F	0.47	77.869	
1	319.9, F	0.455	77.911	
1	192.9, F	0.492	77.953	
1	299.2, F	0.459	77.995	
1	76.1, F	0.672	78.036	
1	274.0, F	0.59	78.078	
1	145.2, F	0.917	78.120	
1	273.2, F	0.727	78.161	
1	75.3, F	0.441	78.203	
1	64.7, F	0.356	78.245	
1	275.3, F	0.732	78.287	
1	58.8, F	0.311	78.328	
1	54.3, F	0.377	78.370	
1	217.9, F	1.253	78.412	
1	59.9, F	0.402	78.453	
1	58.9, F	0.614	78.495	
1	312.3, F	0.709	78.537	
1	118.5, F	0.652	78.578	
1	312.8, F	0.761	78.620	
1	111.6, F	0.619	78.662	
1	231.7, F	0.441	78.704	
1	42.4, F	0.936	78.745	
1	222.3, F	0.425	78.787	
1	220.9, F	0.451	78.829	
1	44.1, F	0.95	78.870	
1	230.4, F	0.521	78.912	
1	223.2, F	0.336	78.954	
1	45.0, F	1.051	78.996	
1	244.4, F	0.347	79.037	
1	262.6, F	0.394	79.079	
1	253.2, F	0.228	79.121	
1	85.0, F	0.953	79.162	
1	0.5, F	0.106	79.204	
1	None	0	79.246	0.04200000000000159
1	41.0, F	0.101	79.288	
1	54.1, F	0.205	79.329	
1	44.7, F	0.408	79.371	
1	214.8, F	0.968	79.413	
1	42.7, F	0.459	79.454	
1	320.7, F	0.42	79.496	
1	43.4, F	0.615	79.538	
1	230.1, F	0.689	79.579	
1	53.1, F	0.709	79.621	
1	223.6, F	0.564	79.663	
1	131.2, F	0.648	79.705	
1	358.4, F	0.603	79.746	
1	208.2, F	0.371	79.788	
1	11.7, F	0.502	79.830	
1	208.2, F	0.417	79.871	
1	8.8, F	0.644	79.913	
1	213.3, F	0.335	79.955	
1	108.5, F	0.62	79.997	
1	230.5, F	0.234	80.038	
1	7.7, F	0.839	80.080	
1	209.6, F	0.205	80.122	
1	None	0	80.163	
1	None	0	80.205	
1	None	0	80.247	
1	None	0	80.289	
1	None	0	80.330	0.20900000000000318
1	111.2, F	0.149	80.372	
1	89.2, F	0.152	80.414	
1	84.3, F	0.17	80.455	
1	272.3, F	0.898	80.497	
1	58.1, F	0.286	80.539	
1	65.7, F	0.335	80.581	
1	77.0, F	0.312	80.622	
1	147.7, F	0.972	80.664	
1	293.4, F	0.459	80.706	
1	305.8, F	0.435	80.747	
1	74.1, F	0.887	80.789	
1	332.9, F	0.406	80.831	
1	170.0, F	0.375	80.872	
1	355.4, F	0.572	80.914	
1	159.1, F	0.342	80.956	
1	154.5, F	0.381	80.998	
1	6.5, F	0.507	81.039	
1	155.7, F	0.388	81.081	
1	8.4, F	0.456	81.123	
1	160.9, F	0.571	81.164	
1	287.9, F	0.806	81.206	
1	157.5, F	0.555	81.248	
1	16.8, F	0.411	81.290	
1	10.9, F	0.323	81.331	
1	168.8, F	0.516	81.373	
1	339.6, F	0.301	81.415	
1	184.0, F	0.411	81.456	
1	345.1, F	0.385	81.498	
1	197.3, F	0.434	81.540	
1	334.1, F	0.375	81.581	
1	337.5, F	0.355	81.623	
1	190.0, F	0.385	81.665	
1	329.4, F	0.369	81.707	
1	118.7, F	0.798	81.748	
1	334.7, F	0.403	81.790	
1	187.1, F	0.45	81.832	
1	332.9, F	0.643	81.873	
1	200.6, F	0.327	81.915	
1	333.4, F	0.59	81.957	
1	104.3, F	0.827	81.999	
1	255.8, F	0.138	82.040	
1	292.9, F	0.149	82.082	
1	None	0	82.124	0.04100000000001103
1	316.4, F	0.226	82.165	
1	303.9, F	0.298	82.207	
1	62.3, F	0.853	82.249	
1	208.0, F	0.642	82.291	
1	322.2, F	0.558	82.332	
1	125.9, F	0.503	82.374	
1	330.3, F	0.556	82.416	
1	228.6, F	0.558	82.457	
1	47.1, F	1.25	82.499	
1	255.3, F	0.468	82.541	
1	266.7, F	0.441	82.582	
1	71.6, F	0.57	82.624	
1	276.6, F	0.452	82.666	
1	70.0, F	0.456	82.708	
1	281.6, F	0.408	82.749	
1	134.5, F	0.625	82.791	
1	274.9, F	0.49	82.833	
1	68.6, F	0.381	82.874	
1	275.9, F	0.533	82.916	
1	55.1, F	0.292	82.958	
1	28.7, F	0.141	83.000	
1	177.1, F	0.508	83.041	
1	283.8, F	0.101	83.083	
1	298.6, F	0.123	83.125	
1	293.2, F	0.137	83.166	
1	284.4, F	0.136	83.208	
1	272.6, F	0.174	83.250	
1	278.6, F	0.241	83.292	
1	283.6, F	0.183	83.333	
1	88.1, F	0.456	83.375	
1	282.8, F	0.235	83.417	
1	301.5, F	0.215	83.458	
1	129.9, F	0.648	83.500	
1	300.8, F	0.285	83.542	
1	327.0, F	0.296	83.584	
1	198.5, F	0.393	83.625	
1	59.6, F	0.612	83.667	
1	339.5, F	0.425	83.709	
1	211.6, F	0.351	83.750	
1	F	0.334	83.792	
1	56.9, F	0.658	83.834	
1	214.3, F	0.386	83.875	
1	340.0, F	0.43	83.917	
1	217.7, F	0.388	83.959	
1	55.1, F	0.659	84.001	
1	217.5, F	0.411	84.042	
1	335.6, F	0.363	84.084	
1	210.9, F	0.44	84.126	
1	62.3, F	0.637	84.167	
1	212.6, F	0.518	84.209	
1	332.5, F	0.345	84.251	
1	124.5, F	0.631	84.293	
1	331.3, F	0.335	84.334	
1	208.8, F	0.548	84.376	
1	57.1, F	0.765	84.418	
1	348.1, F	0.359	84.459	
1	202.6, F	0.469	84.501	
1	3.2, F	0.375	84.543	
1	190.7, F	0.371	84.584	
1	17.3, F	0.555	84.626	
1	165.8, F	0.302	84.668	
1	149.3, F	0.382	84.710	
1	43.2, F	0.625	84.751	
1	228.0, F	0.577	84.793	
1	39.9, F	0.78	84.835	
1	217.2, F	0.541	84.876	
1	116.9, F	0.606	84.918	
1	345.2, F	0.392	84.960	
1	193.7, F	0.36	85.002	
1	23.4, F	0.514	85.043	
1	150.7, F	0.325	85.085	
1	19.7, F	0.581	85.127	
1	145.9, F	0.289	85.168	
1	244.7, F	0.997	85.210	
1	10.9, F	0.444	85.252	
1	181.7, F	0.205	85.294	
1	175.3, F	0.158	85.335	
1	13.2, F	0.454	85.377	
1	158.2, F	0.315	85.419	
1	148.2, F	0.34	85.460	
1	43.0, F	0.456	85.502	
1	141.1, F	0.536	85.544	
1	291.9, F	0.402	85.585	
1	71.1, F	0.549	85.627	
1	205.8, F	0.775	85.669	
1	243.6, F	0.295	85.711	
1	105.5, F	0.612	85.752	
1	213.5, F	0.281	85.794	
1	354.1, F	0.827	85.836	
1	183.2, F	0.321	85.877	
1	176.3, F	0.372	85.919	
1	12.5, F	0.745	85.961	
1	173.7, F	0.422	86.003	
1	177.4, F	0.329	86.044	
1	7.3, F	0.711	86.086	
1	178.9, F	0.424	86.128	
1	173.5, F	0.326	86.169	
1	3.6, F	0.912	86.211	
1	190.8, F	0.262	86.253	
1	194.0, F	0.26	86.295	
1	196.2, F	0.248	86.336	
1	180.0, F	0.141	86.378	
1	0.9, F	0.927	86.420	
1	154.5, F	0.095	86.461	
1	None	0	86.503	
1	None	0	86.545	0.08400000000000318
1	73.8, F	0.107	86.587	
1	None	0	86.628	
1	None	0	86.670	0.08400000000000318
1	176.7, F	0.189	86.712	
1	201.8, F	0.151	86.753	
1	208.6, F	0.253	86.795	
1	226.6, F	0.259	86.837	
1	232.2, F	0.277	86.878	
1	341.7, F	0.835	86.920	
1	110.8, F	0.649	86.962	
1	213.6, F	0.25	87.004	
1	188.8, F	0.189	87.045	
1	165.6, F	0.204	87.087	
1	358.9, F	0.849	87.129	
1	145.8, F	0.292	87.170	
1	148.1, F	0.354	87.212	
1	143.2, F	0.341	87.254	
1	152.4, F	0.363	87.296	
1	312.8, F	0.923	87.337	
1	142.0, F	0.432	87.379	
1	19.6, F	0.709	87.421	
1	142.5, F	0.437	87.462	
1	236.3, F	0.565	87.504	
1	29.3, F	0.635	87.546	
1	224.8, F	0.634	87.587	
1	148.5, F	0.578	87.629	
1	30.1, F	0.644	87.671	
1	222.0, F	0.604	87.713	
1	32.9, F	0.636	87.754	
1	222.6, F	0.595	87.796	
1	34.9, F	0.679	87.838	
1	221.2, F	0.585	87.879	
1	33.1, F	0.671	87.921	
1	215.8, F	0.603	87.963	
1	36.3, F	0.619	88.005	
1	220.2, F	0.536	88.046	
1	135.7, F	0.586	88.088	
1	330.7, F	0.711	88.130	
1	137.0, F	0.582	88.171	
1	327.8, F	0.692	88.213	
1	138.3, F	0.599	88.255	
1	325.0, F	0.727	88.297	
1	135.6, F	0.52	88.338	
1	222.0, F	0.566	88.380	
1	24.9, F	0.777	88.422	
1	225.6, F	0.639	88.463	
1	144.0, F	0.478	88.505	
1	316.9, F	0.798	88.547	
1	148.3, F	0.469	88.588	
1	18.8, F	0.806	88.630	
1	140.3, F	0.393	88.672	
1	240.9, F	0.624	88.714	
1	19.0, F	0.929	88.755	
1	119.6, F	0.342	88.797	
1	241.6, F	0.573	88.839	
1	121.5, F	0.31	88.880	
1	248.7, F	0.639	88.922	
1	124.7, F	0.274	88.964	
1	11.9, F	0.93	89.006	
1	148.5, F	0.345	89.047	
1	243.9, F	0.678	89.089	
1	149.9, F	0.359	89.131	
1	13.9, F	0.773	89.172	
1	161.1, F	0.374	89.214	
1	160.8, F	0.382	89.256	
1	307.1, F	1.029	89.298	
1	173.2, F	0.378	89.339	
1	184.2, F	0.491	89.381	
1	359.0, F	0.617	89.423	
1	182.3, F	0.47	89.464	
1	355.1, F	0.566	89.506	
1	190.5, F	0.546	89.548	
1	348.0, F	0.452	89.590	
1	129.6, F	0.971	89.631	
1	338.8, F	0.39	89.673	
1	199.6, F	0.935	89.715	
1	304.5, F	0.348	89.756	
1	73.6, F	0.539	89.798	
1	271.4, F	0.37	89.840	
1	254.5, F	0.371	89.881	
1	103.4, F	0.437	89.923	
1	242.8, F	0.593	89.965	
1	124.6, F	0.472	90.007	
1	314.7, F	0.606	90.048	
1	128.6, F	0.536	90.090	
1	289.1, F	0.531	90.132	
1	148.1, F	0.651	90.173	
1	98.5, F	0.285	90.215	
1	253.4, F	0.483	90.257	
1	97.6, F	0.354	90.299	
1	250.4, F	0.495	90.340	
1	115.0, F	0.469	90.382	
1	331.7, F	0.87	90.424	
1	133.2, F	0.542	90.465	
1	134.0, F	0.552	90.507	
1	325.7, F	0.75	90.549	
1	132.7, F	0.6	90.590	
1	224.7, F	0.585	90.632	
1	33.1, F	0.751	90.674	
1	205.9, F	0.682	90.716	
1	330.5, F	0.524	90.757	
1	139.0, F	0.883	90.799	
1	328.6, F	0.46	90.841	
1	317.4, F	0.39	90.882	
1	149.6, F	0.896	90.924	
1	316.0, F	0.446	90.966	
1	306.7, F	0.387	91.008	
1	85.6, F	0.388	91.049	
1	203.6, F	1.106	91.091	
1	27.2, F	1.031	91.133	
1	262.1, F	0.54	91.174	
1	101.6, F	0.298	91.216	
1	120.6, F	0.302	91.258	
1	258.0, F	0.588	91.300	
1	122.9, F	0.337	91.341	
1	126.6, F	0.467	91.383	
1	247.4, F	0.506	91.425	
1	38.9, F	0.624	91.466	
1	228.0, F	0.491	91.508	
1	59.2, F	0.607	91.550	
1	201.8, F	0.491	91.591	
1	299.6, F	0.144	91.633	
1	None	0	91.675	
1	None	0	91.717	0.08299999999999841
1	109.0, F	0.095	91.758	
1	None	0	91.800	0.04200000000000159
1	82.5, F	0.137	91.842	
1	87.5, F	0.205	91.883	
1	92.6, F	0.199	91.925	
1	80.7, F	0.353	91.967	
1	212.9, F	0.771	92.009	
1	60.3, F	0.434	92.050	
1	296.0, F	0.437	92.092	
1	58.7, F	0.51	92.134	
1	220.8, F	0.62	92.175	
1	47.8, F	0.588	92.217	
1	325.9, F	0.562	92.259	
1	103.1, F	0.387	92.301	
1	255.4, F	0.286	92.342	
1	79.4, F	0.516	92.384	
1	299.7, F	0.214	92.426	
1	313.5, F	0.167	92.467	
1	318.4, F	0.226	92.509	
1	334.3, F	0.434	92.551	
1	130.1, F	0.867	92.593	
1	342.3, F	0.534	92.634	
1	195.5, F	0.509	92.676	
1	351.6, F	0.763	92.718	
1	194.5, F	0.352	92.759	
1	188.1, F	0.361	92.801	
1	41.2, F	1.06	92.843	
1	186.3, F	0.517	92.884	
1	350.9, F	0.7	92.926	
1	191.7, F	0.385	92.968	
1	218.0, F	0.32	93.010	
1	217.6, F	0.29	93.051	
1	341.2, F	0.967	93.093	
1	99.4, F	0.55	93.135	
1	261.6, F	0.293	93.176	
1	74.4, F	0.361	93.218	
1	272.7, F	0.422	93.260	
1	82.1, F	0.336	93.302	
1	252.5, F	0.352	93.343	
1	52.3, F	0.587	93.385	
1	214.4, F	0.548	93.427	
1	311.0, F	0.352	93.468	
1	47.0, F	0.716	93.510	
1	238.5, F	0.303	93.552	
1	258.1, F	0.248	93.593	
1	82.8, F	0.58	93.635	
1	306.8, F	0.144	93.677	
1	353.7, F	0.366	93.719	
1	359.2, F	0.441	93.760	
1	173.8, F	0.537	93.802	
1	2.7, F	0.489	93.844	
1	7.8, F	0.641	93.885	
1	157.3, F	0.349	93.927	
1	125.4, F	0.217	93.969	
1	70.7, F	0.263	94.011	
1	50.6, F	0.411	94.052	
1	317.3, F	0.367	94.094	
1	335.9, F	0.496	94.136	
1	107.8, F	0.774	94.177	
1	None	0	94.219	0.04200000000000159
1	10.0, F	0.935	94.261	
1	61.3, F	0.356	94.303	
1	195.1, F	0.817	94.344	
1	65.1, F	1.046	94.386	
1	10.1, F	0.422	94.428	
1	157.5, F	0.657	94.469	
1	324.1, F	0.484	94.511	
1	66.7, F	1.168	94.553	
1	164.6, F	0.672	94.594	
1	321.5, F	0.559	94.636	
1	123.7, F	0.924	94.678	
1	6.4, F	0.73	94.720	
1	146.1, F	0.418	94.761	
1	15.6, F	1.025	94.803	
1	214.1, F	0.455	94.845	
1	116.5, F	0.983	94.886	
1	163.6, F	0.462	94.928	
1	13.7, F	0.524	94.970	
1	155.4, F	0.65	95.012	
1	320.7, F	0.546	95.053	
1	138.2, F	0.949	95.095	
1	319.8, F	0.253	95.137	
1	335.6, F	0.281	95.178	
1	None	0	95.220	0.04200000000000159
1	112.3, F	0.137	95.262	
1	123.9, F	0.169	95.304	
1	61.1, F	0.252	95.345	
1	110.3, F	0.352	95.387	
1	256.6, F	0.492	95.429	
1	82.2, F	0.348	95.470	
1	280.2, F	0.599	95.512	
1	114.9, F	0.285	95.554	
1	114.8, F	0.162	95.596	
1	109.6, F	0.096	95.637	
1	None	0	95.679	0.04200000000000159
1	295.6, F	0.227	95.721	
1	289.1, F	0.424	95.762	
1	284.0, F	0.602	95.804	
1	51.1, F	0.194	95.846	
1	301.8, F	0.264	95.887	
1	203.2, F	0.987	95.929	
1	287.0, F	0.63	95.971	
1	9.4, F	0.232	96.013	
1	315.0, F	0.342	96.054	
1	307.2, F	0.409	96.096	
1	203.8, F	0.755	96.138	
1	49.9, F	0.416	96.179	
1	292.4, F	0.8	96.221	
1	12.2, F	0.288	96.263	
1	180.6, F	0.695	96.305	
1	329.5, F	0.317	96.346	
1	291.8, F	0.421	96.388	
1	56.1, F	0.401	96.430	
1	212.3, F	0.985	96.471	
1	32.2, F	0.371	96.513	
1	350.8, F	0.263	96.555	
1	344.8, F	0.306	96.596	
1	185.9, F	0.772	96.638	
1	337.0, F	0.238	96.680	
1	322.2, F	0.356	96.722	
