4	311.1, F	1.084	0.042	
4	226.4, F	0.908	0.083	
4	249.7, F	0.853	0.125	
4	254.3, F	1.585	0.167	
4	171.1, F	0.836	0.209	
4	304.7, F	0.225	0.250	
4	272.0, F	1.211	0.292	
4	267.1, F	0.597	0.334	
4	122.8, F	0.231	0.375	
4	171.8, F	0.189	0.417	
4	218.0, F	0.434	0.459	
4	330.9, F	0.556	0.500	
4	201.7, F	0.807	0.542	
4	259.9, F	0.372	0.584	
4	189.3, F	0.766	0.626	
4	36.6, F	0.885	0.667	
4	236.7, F	1.778	0.709	
4	144.0, F	0.616	0.751	
4	186.2, F	1.25	0.792	
4	318.3, F	0.511	0.834	
4	234.7, F	1.224	0.876	
4	297.4, F	0.36	0.918	
4	261.3, F	0.894	0.959	
4	200.4, F	0.212	1.001	
4	247.3, F	0.355	1.043	
4	181.1, F	0.523	1.084	
4	265.7, F	0.584	1.126	
4	237.5, F	0.835	1.168	
4	164.2, F	0.586	1.210	
4	291.3, F	0.16	1.251	
4	21.5, F	0.661	1.293	
4	200.5, F	0.978	1.335	
4	278.6, F	0.448	1.376	
4	255.4, F	0.609	1.418	
4	163.4, F	0.269	1.460	
4	340.1, F	0.685	1.502	
4	237.4, F	0.558	1.543	
4	149.9, F	0.505	1.585	
4	290.4, F	1.323	1.627	
4	164.0, F	0.61	1.668	
4	313.3, F	0.63	1.710	
4	233.2, F	1.073	1.752	
4	299.0, F	1.018	1.793	
4	205.8, F	0.352	1.835	
4	314.4, F	1.018	1.877	
4	208.1, F	0.223	1.919	
4	268.9, F	1.292	1.960	
4	271.4, F	0.767	2.002	
4	310.7, F	0.121	2.044	
4	282.7, F	0.618	2.085	
4	285.1, F	1.389	2.127	
4	38.8, F	0.482	2.169	
4	163.6, F	0.478	2.211	
4	300.0, F	1.132	2.252	
4	248.6, F	0.433	2.294	
4	110.1, F	0.218	2.336	
4	None	0	2.377	0.04200000000000026
4	349.0, F	0.929	2.419	
4	262.4, F	0.479	2.461	
4	268.0, F	0.733	2.502	
4	None	0	2.544	0.041999999999999815
4	258.6, F	0.212	2.586	
4	255.2, F	0.831	2.628	
4	204.2, F	0.166	2.669	
4	250.2, F	0.423	2.711	
4	254.8, F	0.842	2.753	
4	257.1, F	0.755	2.794	
4	335.5, F	0.823	2.836	
4	244.9, F	0.996	2.878	
4	227.3, F	0.768	2.920	
4	285.8, F	0.841	2.961	
4	292.8, F	0.514	3.003	
4	230.1, F	1.348	3.045	
4	285.7, F	0.502	3.086	
4	273.0, F	0.401	3.128	
4	255.1, F	0.877	3.170	
4	229.6, F	0.213	3.212	
4	251.8, F	0.284	3.253	
4	308.0, F	1.029	3.295	
4	182.6, F	0.377	3.337	
4	221.1, F	0.429	3.378	
4	317.4, F	0.778	3.420	
4	191.8, F	0.608	3.462	
4	303.7, F	0.43	3.503	
4	222.3, F	1.084	3.545	
4	349.3, F	0.258	3.587	
4	288.7, F	0.79	3.629	
4	338.8, F	0.301	3.670	
4	214.9, F	0.93	3.712	
4	None	0	3.754	0.040999999999999925
4	286.3, F	1.014	3.795	
4	304.1, F	0.63	3.837	
4	243.6, F	1.06	3.879	
4	317.9, F	0.925	3.921	
4	250.1, F	0.917	3.962	
4	266.0, F	1.185	4.004	
4	13.3, F	0.976	4.046	
4	270.9, F	1.183	4.087	
4	258.5, F	0.136	4.129	
4	271.5, F	0.564	4.171	
4	271.8, F	0.989	4.213	
4	261.1, F	0.571	4.254	
4	246.8, F	0.677	4.296	
4	260.4, F	1.132	4.338	
4	147.9, F	0.43	4.379	
4	253.1, F	1.321	4.421	
4	284.3, F	0.626	4.463	
4	272.1, F	0.998	4.505	
4	267.7, F	0.468	4.546	
4	173.7, F	0.2	4.588	
4	249.9, F	0.802	4.630	
4	256.8, F	1.179	4.671	
4	145.2, F	0.557	4.713	
4	298.5, F	1.162	4.755	
4	243.6, F	1.132	4.796	
4	337.2, F	0.737	4.838	
4	136.4, F	0.448	4.880	
4	261.6, F	0.943	4.922	
4	323.4, F	1.387	4.963	
4	200.2, F	0.633	5.005	
4	320.9, F	0.746	5.047	
4	8.2, F	0.822	5.088	
4	318.1, F	0.92	5.130	
4	270.7, F	0.949	5.172	
4	334.0, F	0.678	5.214	
4	277.3, F	0.712	5.255	
4	345.7, F	1.43	5.297	
4	6.5, F	1.065	5.339	
4	308.8, F	1.297	5.380	
4	312.8, F	0.606	5.422	
4	344.9, F	1.543	5.464	
4	242.1, F	0.667	5.505	
4	327.2, F	0.357	5.547	
4	331.2, F	0.906	5.589	
4	306.5, F	1.393	5.631	
4	21.7, F	1.023	5.672	
4	295.2, F	1.131	5.714	
4	299.5, F	0.449	5.756	
4	352.2, F	1.235	5.797	
4	326.6, F	1.182	5.839	
4	307.1, F	1.194	5.881	
4	296.6, F	0.441	5.923	
4	355.6, F	1.886	5.964	
4	319.4, F	0.849	6.006	
4	6.7, F	0.511	6.048	
4	320.3, F	1.639	6.089	
4	11.9, F	1.066	6.131	
4	305.4, F	1.087	6.173	
4	359.9, F	1.275	6.215	
4	353.2, F	0.986	6.256	
4	345.1, F	1.483	6.298	
4	74.2, F	0.364	6.340	
4	309.6, F	1.158	6.381	
4	353.6, F	0.604	6.423	
4	354.7, F	2.022	6.465	
4	345.2, F	0.902	6.506	
4	51.7, F	0.953	6.548	
4	329.2, F	0.64	6.590	
4	351.2, F	2.087	6.632	
4	32.6, F	1.121	6.673	
4	32.4, F	6.431	6.715	
4	50.9, F	1.221	6.757	
4	343.2, F	1.068	6.798	
4	18.3, F	1.56	6.840	
4	295.6, F	1.212	6.882	
4	80.0, F	0.836	6.924	
4	341.3, F	1.76	6.965	
4	306.7, F	1.485	7.007	
4	217.6, F	0.645	7.049	
4	28.2, F	1.526	7.090	
4	330.8, F	1.953	7.132	
4	338.7, F	0.764	7.174	
4	303.0, F	0.61	7.216	
4	0.9, F	1.051	7.257	
4	329.6, F	1.972	7.299	
4	321.2, F	0.396	7.341	
4	326.6, F	1.295	7.382	
4	340.7, F	0.732	7.424	
4	316.7, F	1.328	7.466	
4	342.1, F	0.572	7.507	
4	335.7, F	1.106	7.549	
4	334.0, F	0.812	7.591	
4	16.0, F	1.093	7.633	
4	6.9, F	0.872	7.674	
4	293.0, F	1.002	7.716	
4	343.6, F	0.841	7.758	
4	11.8, F	1.638	7.799	
4	299.7, F	0.875	7.841	
4	8.2, F	1.379	7.883	
4	33.6, F	0.463	7.925	
4	3.2, F	2.113	7.966	
4	312.8, F	1.211	8.008	
4	10.0, F	0.985	8.050	
4	13.9, F	0.455	8.091	
4	356.3, F	2.072	8.133	
4	197.0, F	0.386	8.175	
4	7.8, F	1.708	8.217	
4	343.3, F	1.011	8.258	
4	320.5, F	0.25	8.300	
4	347.3, F	1.024	8.342	
4	64.0, F	0.733	8.383	
4	335.3, F	1.088	8.425	
4	6.0, F	1.166	8.467	
4	309.7, F	1.256	8.508	
4	318.8, F	0.422	8.550	
4	19.8, F	1.149	8.592	
4	264.6, F	0.996	8.634	
4	345.6, F	1.167	8.675	
4	94.8, F	0.358	8.717	
4	328.8, F	1.436	8.759	
4	351.0, F	1.886	8.800	
4	330.3, F	1.353	8.842	
4	204.5, F	0.149	8.884	
4	355.4, F	0.401	8.926	
4	347.2, F	1.594	8.967	
4	333.1, F	0.303	9.009	
4	66.1, F	0.41	9.051	
4	313.2, F	0.878	9.092	
4	41.2, F	0.923	9.134	
4	340.2, F	1.104	9.176	
4	313.5, F	0.527	9.218	
4	99.6, F	0.779	9.259	
4	359.8, F	0.565	9.301	
4	6.9, F	1.108	9.343	
4	38.9, F	0.643	9.384	
4	81.0, F	0.735	9.426	
4	14.7, F	1.316	9.468	
4	40.8, F	1.232	9.509	
4	14.3, F	0.605	9.551	
4	71.5, F	0.654	9.593	
4	18.4, F	1.803	9.635	
4	13.1, F	0.292	9.676	
4	19.9, F	1.183	9.718	
4	42.7, F	1.178	9.760	
4	20.5, F	1.132	9.801	
4	57.4, F	0.865	9.843	
4	355.2, F	1.037	9.885	
4	358.2, F	0.63	9.927	
4	15.5, F	1.009	9.968	
4	30.4, F	0.433	10.010	
4	14.3, F	0.973	10.052	
4	317.4, F	0.968	10.093	
4	16.4, F	1.028	10.135	
4	13.3, F	0.886	10.177	
4	21.8, F	0.455	10.219	
4	324.7, F	1.593	10.260	
4	350.0, F	1.042	10.302	
4	344.3, F	0.917	10.344	
4	42.0, F	1.122	10.385	
4	348.2, F	1.473	10.427	
4	340.1, F	1.079	10.469	
4	34.5, F	1.058	10.511	
4	311.8, F	0.429	10.552	
4	337.1, F	1.043	10.594	
4	20.9, F	1.226	10.636	
4	325.6, F	0.812	10.677	
4	64.5, F	0.556	10.719	
4	333.2, F	0.976	10.761	
4	24.4, F	1.163	10.802	
4	335.4, F	0.867	10.844	
4	75.8, F	0.641	10.886	
4	339.0, F	1.007	10.928	
4	351.6, F	1.19	10.969	
4	350.4, F	0.859	11.011	
4	68.1, F	1.122	11.053	
4	1.8, F	1.101	11.094	
4	359.4, F	1.283	11.136	
4	None	0	11.178	0.041999999999999815
4	345.0, F	0.653	11.220	
4	354.2, F	1.17	11.261	
4	339.7, F	1.215	11.303	
4	255.3, F	0.695	11.345	
4	356.0, F	1.282	11.386	
4	263.5, F	0.409	11.428	
4	305.5, F	1.763	11.470	
4	342.1, F	0.475	11.511	
4	325.0, F	1.242	11.553	
4	316.4, F	0.436	11.595	
4	318.1, F	1.852	11.637	
4	280.1, F	0.469	11.678	
4	8.2, F	0.302	11.720	
4	347.8, F	0.862	11.762	
4	322.8, F	1.074	11.803	
4	38.9, F	0.252	11.845	
4	307.9, F	1.199	11.887	
4	309.2, F	0.195	11.929	
4	32.0, F	1.308	11.970	
4	304.5, F	0.703	12.012	
4	339.3, F	1.061	12.054	
4	27.2, F	0.612	12.095	
4	304.4, F	0.972	12.137	
4	40.3, F	0.382	12.179	
4	22.8, F	1.036	12.221	
4	35.2, F	0.486	12.262	
4	349.0, F	1.875	12.304	
4	50.8, F	0.503	12.346	
4	339.8, F	1.129	12.387	
4	38.0, F	0.932	12.429	
4	336.0, F	0.638	12.471	
4	305.8, F	0.207	12.512	
4	54.4, F	1.098	12.554	
4	354.3, F	1.005	12.596	
4	347.7, F	1.056	12.638	
4	201.5, F	0.739	12.679	
4	344.8, F	0.983	12.721	
4	73.5, F	0.604	12.763	
4	332.0, F	1.402	12.804	
4	6.3, F	0.821	12.846	
4	346.8, F	0.192	12.888	
4	343.0, F	0.904	12.930	
4	325.2, F	1.403	12.971	
4	357.3, F	0.859	13.013	
4	332.5, F	0.566	13.055	
4	285.4, F	0.643	13.096	
4	349.3, F	1.779	13.138	
4	338.5, F	1.535	13.180	
4	284.1, F	0.952	13.222	
4	357.8, F	1.137	13.263	
4	346.5, F	1.589	13.305	
4	62.2, F	0.356	13.347	
4	306.0, F	1.166	13.388	
4	357.6, F	0.287	13.430	
4	352.5, F	1.446	13.472	
4	27.3, F	1.314	13.513	
4	264.3, F	0.446	13.555	
4	311.0, F	0.615	13.597	
4	9.4, F	1.866	13.639	
4	24.1, F	0.449	13.680	
4	323.3, F	1.445	13.722	
4	4.2, F	0.946	13.764	
4	356.3, F	1.394	13.805	
4	343.3, F	0.286	13.847	
4	356.8, F	1.118	13.889	
4	357.9, F	1.107	13.931	
4	2.1, F	2.121	13.972	
4	4.1, F	1.071	14.014	
4	4.4, F	0.944	14.056	
4	9.5, F	0.833	14.097	
4	5.7, F	1.32	14.139	
4	11.4, F	1.036	14.181	
4	13.2, F	0.74	14.223	
4	11.6, F	0.419	14.264	
4	356.0, F	0.949	14.306	
4	346.7, F	0.604	14.348	
4	349.2, F	1.337	14.389	
4	340.9, F	1.162	14.431	
4	312.1, F	1.2	14.473	
4	353.1, F	1.449	14.514	
4	309.0, F	0.381	14.556	
4	23.5, F	1.174	14.598	
4	339.6, F	1.936	14.640	
4	11.6, F	0.773	14.681	
4	13.4, F	0.506	14.723	
4	0.8, F	1.255	14.765	
4	357.0, F	1.705	14.806	
4	325.9, F	0.351	14.848	
4	346.5, F	1.056	14.890	
4	347.1, F	0.978	14.932	
4	349.1, F	1.175	14.973	
4	89.6, F	0.636	15.015	
4	331.3, F	0.624	15.057	
4	346.1, F	1.272	15.098	
4	25.8, F	1.952	15.140	
4	354.4, F	0.452	15.182	
4	1.7, F	0.303	15.224	
4	9.1, F	1.126	15.265	
4	12.8, F	1.982	15.307	
4	339.6, F	0.914	15.349	
4	336.1, F	0.552	15.390	
4	35.5, F	1.577	15.432	
4	13.3, F	0.881	15.474	
4	7.6, F	1.423	15.515	
4	279.7, F	0.625	15.557	
4	31.4, F	0.799	15.599	
4	25.7, F	1.011	15.641	
4	337.9, F	1.466	15.682	
4	107.9, F	0.286	15.724	
4	293.8, F	0.821	15.766	
4	2.2, F	1.613	15.807	
4	315.0, F	0.154	15.849	
4	340.0, F	0.842	15.891	
4	62.7, F	0.555	15.933	
4	326.9, F	1.641	15.974	
4	356.4, F	1.15	16.016	
4	350.7, F	0.75	16.058	
4	0.6, F	0.195	16.099	
4	349.0, F	1.453	16.141	
4	264.8, F	0.339	16.183	
4	52.3, F	0.51	16.225	
4	323.5, F	1.058	16.266	
4	35.6, F	0.604	16.308	
4	27.8, F	0.901	16.350	
4	289.8, F	0.327	16.391	
4	67.7, F	0.811	16.433	
4	None	0	16.475	0.04199999999999804
4	45.5, F	0.261	16.517	
4	43.1, F	0.646	16.558	
4	344.6, F	0.772	16.600	
4	None	0	16.642	0.04100000000000037
4	34.1, F	0.303	16.683	
4	30.9, F	0.507	16.725	
4	117.4, F	0.475	16.767	
4	273.8, F	0.303	16.808	
4	78.1, F	0.836	16.850	
4	314.0, F	0.255	16.892	
4	334.0, F	0.315	16.934	
4	343.6, F	0.379	16.975	
4	189.4, F	0.615	17.017	
4	343.6, F	0.393	17.059	
4	63.1, F	0.928	17.100	
4	197.7, F	0.369	17.142	
4	352.7, F	0.64	17.184	
4	207.4, F	0.292	17.226	
4	203.8, F	0.243	17.267	
4	215.6, F	0.16	17.309	
4	355.3, F	0.855	17.351	
4	228.1, F	0.171	17.392	
4	251.6, F	0.199	17.434	
4	89.1, F	0.682	17.476	
4	274.0, F	0.257	17.517	
4	286.0, F	0.331	17.559	
4	81.6, F	0.61	17.601	
4	293.4, F	0.441	17.643	
4	307.2, F	0.455	17.684	
4	145.2, F	0.897	17.726	
4	308.5, F	0.525	17.768	
4	35.8, F	0.472	17.809	
4	243.7, F	0.887	17.851	
4	13.0, F	0.585	17.893	
4	170.6, F	0.361	17.935	
4	189.3, F	0.254	17.976	
4	1.5, F	0.659	18.018	
4	194.4, F	0.242	18.060	
4	203.2, F	0.188	18.101	
4	216.3, F	0.257	18.143	
4	346.7, F	0.833	18.185	
4	242.7, F	0.323	18.227	
4	106.5, F	0.546	18.268	
4	264.4, F	0.7	18.310	
4	96.3, F	0.174	18.352	
4	135.0, F	0.099	18.393	
4	None	0	18.435	0.04200000000000159
4	261.8, F	0.245	18.477	
4	254.9, F	0.277	18.518	
4	337.4, F	1.022	18.560	
4	98.9, F	0.374	18.602	
4	267.2, F	0.808	18.644	
4	119.9, F	0.1	18.685	
4	None	0	18.727	0.04199999999999804
4	263.0, F	0.099	18.769	
4	260.8, F	0.144	18.810	
4	269.2, F	0.135	18.852	
4	256.2, F	0.146	18.894	
4	263.7, F	0.145	18.936	
4	97.2, F	0.905	18.977	
4	198.6, F	0.172	19.019	
4	182.8, F	0.166	19.061	
4	170.4, F	0.173	19.102	
4	164.0, F	0.337	19.144	
4	15.6, F	0.438	19.186	
4	242.9, F	0.746	19.228	
4	45.2, F	0.551	19.269	
4	126.4, F	0.867	19.311	
4	325.2, F	0.371	19.353	
4	330.7, F	0.3	19.394	
4	183.4, F	0.853	19.436	
4	None	0	19.478	0.04199999999999804
4	113.7, F	0.169	19.520	
4	123.2, F	0.294	19.561	
4	117.0, F	0.539	19.603	
4	337.2, F	0.597	19.645	
4	118.5, F	0.937	19.686	
4	189.8, F	0.447	19.728	
4	359.0, F	0.466	19.770	
4	182.9, F	0.489	19.811	
4	17.5, F	0.543	19.853	
4	155.6, F	0.356	19.895	
4	18.3, F	0.569	19.937	
4	158.8, F	0.445	19.978	
4	304.2, F	0.883	20.020	
4	152.5, F	0.37	20.062	
4	148.1, F	0.352	20.103	
4	13.7, F	0.741	20.145	
4	139.8, F	0.276	20.187	
4	260.2, F	0.766	20.229	
4	120.2, F	0.263	20.270	
4	62.5, F	0.197	20.312	
4	40.4, F	0.289	20.354	
4	34.1, F	0.374	20.395	
4	286.9, F	0.872	20.437	
4	17.1, F	0.517	20.479	
4	177.7, F	0.325	20.520	
4	183.8, F	0.32	20.562	
4	353.7, F	0.775	20.604	
4	224.6, F	0.336	20.646	
4	279.6, F	0.349	20.687	
4	77.2, F	0.513	20.729	
4	281.1, F	0.485	20.771	
4	36.9, F	0.341	20.812	
4	289.3, F	0.919	20.854	
4	181.2, F	0.616	20.896	
4	347.8, F	0.355	20.938	
4	356.0, F	0.536	20.979	
4	187.4, F	0.335	21.021	
4	191.4, F	0.313	21.063	
4	47.6, F	1.205	21.104	
4	261.8, F	0.246	21.146	
4	258.1, F	0.246	21.188	
4	283.4, F	0.31	21.230	
4	294.6, F	0.344	21.271	
4	60.6, F	0.473	21.313	
4	292.8, F	0.552	21.355	
4	147.8, F	0.761	21.396	
4	302.8, F	0.589	21.438	
4	45.9, F	0.471	21.480	
4	156.3, F	0.727	21.521	
4	311.7, F	0.726	21.563	
4	37.6, F	0.511	21.605	
4	142.8, F	0.516	21.647	
4	308.9, F	0.846	21.688	
4	145.7, F	0.501	21.730	
4	144.1, F	0.491	21.772	
4	303.9, F	0.795	21.813	
4	152.9, F	0.662	21.855	
4	39.3, F	0.47	21.897	
4	297.0, F	0.695	21.939	
4	171.6, F	0.636	21.980	
4	17.1, F	0.337	22.022	
4	22.6, F	0.224	22.064	
4	173.8, F	0.673	22.105	
4	10.8, F	0.209	22.147	
4	354.2, F	0.129	22.189	
4	349.9, F	0.165	22.231	
4	357.9, F	0.109	22.272	
4	184.0, F	0.91	22.314	
4	326.3, F	0.133	22.356	
4	None	0	22.397	0.04200000000000159
4	259.0, F	0.095	22.439	
4	212.2, F	0.16	22.481	
4	203.2, F	0.213	22.523	
4	356.1, F	0.889	22.564	
4	209.6, F	0.152	22.606	
4	211.4, F	0.279	22.648	
4	206.2, F	0.376	22.689	
4	115.6, F	0.885	22.731	
4	344.8, F	0.711	22.773	
4	206.9, F	0.343	22.814	
4	208.9, F	0.336	22.856	
4	345.0, F	0.722	22.898	
4	212.4, F	0.455	22.940	
4	120.8, F	0.939	22.981	
4	321.6, F	0.407	23.023	
4	326.3, F	0.406	23.065	
4	198.2, F	0.735	23.106	
4	74.2, F	0.814	23.148	
4	319.3, F	0.311	23.190	
4	189.9, F	0.882	23.232	
4	309.5, F	0.184	23.273	
4	None	0	23.315	0.04199999999999804
4	213.2, F	0.142	23.357	
4	199.8, F	0.168	23.398	
4	53.3, F	1.202	23.440	
4	182.0, F	0.403	23.482	
4	180.1, F	0.473	23.523	
4	348.8, F	0.452	23.565	
4	188.9, F	0.636	23.607	
4	323.3, F	0.273	23.649	
4	305.3, F	0.311	23.690	
4	205.2, F	0.894	23.732	
4	76.1, F	0.304	23.774	
4	266.3, F	1.012	23.815	
4	258.9, F	0.114	23.857	
4	255.6, F	0.326	23.899	
4	117.4, F	0.148	23.941	
4	280.4, F	0.177	23.982	
4	286.7, F	0.23	24.024	
4	293.3, F	0.266	24.066	
4	324.3, F	0.236	24.107	
4	326.2, F	0.303	24.149	
4	64.4, F	0.704	24.191	
4	333.5, F	0.408	24.233	
4	209.0, F	0.636	24.274	
4	352.8, F	0.447	24.316	
4	264.8, F	0.766	24.358	
4	50.3, F	0.177	24.399	
4	33.6, F	0.36	24.441	
4	357.0, F	0.757	24.483	
4	122.7, F	0.176	24.524	
4	75.2, F	0.285	24.566	
4	245.6, F	0.443	24.608	
4	87.3, F	0.823	24.650	
4	None	0	24.691	0.04200000000000159
4	24.6, F	0.146	24.733	
4	23.0, F	0.304	24.775	
4	21.6, F	0.476	24.816	
4	134.1, F	0.283	24.858	
4	331.0, F	1.234	24.900	
4	47.3, F	0.478	24.942	
4	57.1, F	0.531	24.983	
4	292.3, F	0.455	25.025	
4	43.4, F	0.677	25.067	
4	300.5, F	0.443	25.108	
4	45.3, F	1.196	25.150	
4	339.0, F	0.148	25.192	
4	10.5, F	0.512	25.234	
4	11.0, F	0.791	25.275	
4	39.7, F	0.46	25.317	
4	230.2, F	0.67	25.359	
4	35.8, F	0.736	25.400	
4	256.6, F	0.374	25.442	
4	74.3, F	0.714	25.484	
4	328.3, F	0.344	25.525	
4	332.7, F	0.295	25.567	
4	345.3, F	0.252	25.609	
4	178.4, F	0.661	25.651	
4	19.2, F	0.389	25.692	
4	16.3, F	0.513	25.734	
4	134.9, F	0.361	25.776	
4	111.2, F	0.389	25.817	
4	26.6, F	0.868	25.859	
4	243.7, F	0.441	25.901	
4	108.5, F	0.759	25.943	
4	183.2, F	0.302	25.984	
4	20.5, F	0.569	26.026	
4	146.9, F	0.506	26.068	
4	223.7, F	0.713	26.109	
4	71.5, F	1.043	26.151	
4	356.2, F	0.346	26.193	
4	164.9, F	0.8	26.235	
4	74.3, F	0.414	26.276	
4	198.3, F	0.508	26.318	
4	169.7, F	0.735	26.360	
4	65.8, F	0.403	26.401	
4	87.8, F	0.615	26.443	
4	173.4, F	0.356	26.485	
4	157.9, F	0.396	26.526	
4	42.6, F	0.598	26.568	
4	138.4, F	0.975	26.610	
4	358.4, F	0.182	26.652	
4	63.1, F	0.259	26.693	
4	70.6, F	0.322	26.735	
4	76.3, F	0.417	26.777	
4	193.9, F	1.042	26.818	
4	None	0	26.860	0.04200000000000159
4	7.1, F	0.106	26.902	
4	None	0	26.944	0.04100000000000037
4	72.5, F	0.159	26.985	
4	67.4, F	0.216	27.027	
4	90.4, F	0.289	27.069	
4	89.8, F	0.273	27.110	
4	263.5, F	0.683	27.152	
4	114.1, F	0.255	27.194	
4	132.1, F	0.209	27.236	
4	157.7, F	0.132	27.277	
4	355.1, F	0.869	27.319	
4	217.4, F	0.25	27.361	
4	225.2, F	0.247	27.402	
4	228.2, F	0.267	27.444	
4	254.7, F	0.497	27.486	
4	72.0, F	0.256	27.527	
4	30.5, F	0.181	27.569	
4	278.2, F	1.034	27.611	
4	49.0, F	0.717	27.653	
4	311.6, F	0.818	27.694	
4	170.0, F	0.242	27.736	
4	316.8, F	0.136	27.778	
4	334.5, F	0.777	27.819	
4	263.0, F	0.496	27.861	
4	333.1, F	1.367	27.903	
4	156.1, F	0.381	27.945	
4	350.1, F	0.893	27.986	
4	303.6, F	0.242	28.028	
4	329.5, F	0.49	28.070	
4	96.0, F	0.467	28.111	
4	298.8, F	0.708	28.153	
4	31.0, F	0.454	28.195	
4	311.2, F	0.996	28.237	
4	145.0, F	0.321	28.278	
4	None	0	28.320	0.04199999999999804
4	325.6, F	0.127	28.362	
4	347.4, F	0.335	28.403	
4	342.3, F	0.346	28.445	
4	193.3, F	0.538	28.487	
4	317.9, F	0.338	28.528	
4	66.0, F	1.058	28.570	
4	206.8, F	1.091	28.612	
4	322.4, F	0.334	28.654	
4	296.1, F	0.17	28.695	
4	216.0, F	0.117	28.737	
4	94.1, F	0.926	28.779	
4	187.6, F	0.316	28.820	
4	184.3, F	0.578	28.862	
4	9.0, F	0.173	28.904	
4	None	0	28.946	0.04099999999999682
4	172.7, F	0.346	28.987	
4	176.6, F	0.643	29.029	
4	12.4, F	0.117	29.071	
4	192.5, F	0.092	29.112	
4	179.8, F	0.283	29.154	
4	173.8, F	0.377	29.196	
4	168.8, F	0.467	29.238	
4	291.8, F	0.944	29.279	
4	64.1, F	0.153	29.321	
4	164.8, F	0.955	29.363	
4	104.6, F	0.305	29.404	
4	112.0, F	0.441	29.446	
4	331.4, F	0.604	29.488	
4	115.8, F	0.807	29.529	
4	193.7, F	0.406	29.571	
4	356.2, F	0.467	29.613	
4	137.0, F	0.507	29.655	
4	31.9, F	0.579	29.696	
4	239.8, F	0.429	29.738	
4	92.9, F	0.799	29.780	
4	5.5, F	1.145	29.821	
4	153.0, F	0.689	29.863	
4	319.8, F	0.722	29.905	
4	103.7, F	0.865	29.947	
4	21.9, F	0.943	29.988	
4	72.7, F	0.735	30.030	
4	340.2, F	0.283	30.072	
4	172.8, F	0.653	30.113	
4	47.3, F	0.807	30.155	
4	181.7, F	0.308	30.197	
4	4.4, F	0.673	30.239	
4	133.9, F	0.251	30.280	
4	68.8, F	0.537	30.322	
4	66.4, F	0.552	30.364	
4	318.8, F	0.514	30.405	
4	128.0, F	0.97	30.447	
4	344.1, F	0.581	30.489	
4	170.7, F	0.433	30.530	
4	7.4, F	0.576	30.572	
4	165.4, F	0.381	30.614	
4	6.1, F	0.555	30.656	
4	159.4, F	0.452	30.697	
4	296.8, F	1.059	30.739	
4	165.8, F	0.439	30.781	
4	170.9, F	0.449	30.822	
4	356.4, F	0.475	30.864	
4	173.1, F	0.538	30.906	
4	351.3, F	0.362	30.948	
4	314.7, F	0.354	30.989	
4	201.1, F	0.719	31.031	
4	72.5, F	0.667	31.073	
4	286.1, F	0.412	31.114	
4	250.2, F	0.687	31.156	
4	155.8, F	0.412	31.198	
4	173.1, F	0.521	31.240	
4	325.6, F	0.358	31.281	
4	286.6, F	0.458	31.323	
4	161.8, F	1.146	31.365	
4	325.7, F	1.099	31.406	
4	111.4, F	0.236	31.448	
4	153.0, F	0.165	31.490	
4	189.5, F	0.134	31.531	
4	209.0, F	0.169	31.573	
4	214.6, F	0.315	31.615	
4	206.8, F	0.441	31.657	
4	326.2, F	0.615	31.698	
4	221.2, F	0.57	31.740	
4	50.2, F	0.574	31.782	
4	224.8, F	0.675	31.823	
4	35.0, F	0.523	31.865	
4	227.6, F	1.041	31.907	
4	51.6, F	0.259	31.949	
4	72.1, F	0.195	31.990	
4	75.3, F	0.196	32.032	
4	82.4, F	0.15	32.074	
4	270.4, F	0.849	32.115	
4	93.5, F	0.131	32.157	
4	142.8, F	0.094	32.199	
4	None	0	32.241	
4	None	0	32.282	
4	None	0	32.324	0.125
4	128.9, F	0.094	32.366	
4	None	0	32.407	0.04200000000000159
4	172.0, F	4.292	32.449	
4	48.3, F	0.146	32.491	
4	48.7, F	0.164	32.532	
4	47.5, F	0.225	32.574	
4	41.2, F	0.305	32.616	
4	67.8, F	0.201	32.658	
4	69.4, F	0.179	32.699	
4	296.8, F	0.401	32.741	
4	61.2, F	0.281	32.783	
4	174.5, F	1.239	32.824	
4	335.9, F	0.216	32.866	
4	345.4, F	0.194	32.908	
4	3.6, F	0.254	32.950	
4	171.0, F	0.996	32.991	
4	6.5, F	0.176	33.033	
4	228.3, F	0.122	33.075	
4	282.8, F	0.748	33.116	
4	55.7, F	0.35	33.158	
4	147.2, F	0.917	33.200	
4	292.8, F	0.635	33.242	
4	63.6, F	0.43	33.283	
4	74.2, F	0.509	33.325	
4	309.2, F	0.271	33.367	
4	186.3, F	1.016	33.408	
4	354.4, F	0.175	33.450	
4	6.9, F	0.235	33.492	
4	11.0, F	0.225	33.533	
4	13.6, F	0.204	33.575	
4	23.6, F	0.227	33.617	
4	170.1, F	0.767	33.659	
4	1.2, F	0.326	33.700	
4	340.4, F	0.325	33.742	
4	181.2, F	0.621	33.784	
4	330.2, F	0.455	33.825	
4	326.2, F	0.476	33.867	
4	127.3, F	1.051	33.909	
4	326.9, F	0.467	33.951	
4	323.1, F	0.455	33.992	
4	204.9, F	0.465	34.034	
4	55.6, F	0.768	34.076	
4	209.4, F	0.43	34.117	
4	331.2, F	0.646	34.159	
4	203.5, F	0.387	34.201	
4	117.8, F	0.978	34.243	
4	337.6, F	0.677	34.284	
4	216.6, F	0.144	34.326	
4	172.4, F	0.106	34.368	
4	122.9, F	0.162	34.409	
4	116.1, F	0.157	34.451	
4	17.7, F	1.375	34.493	
4	217.4, F	0.618	34.535	
4	71.3, F	0.406	34.576	
4	316.9, F	0.326	34.618	
4	119.0, F	0.684	34.660	
4	341.9, F	0.52	34.701	
4	221.2, F	0.118	34.743	
4	193.8, F	0.105	34.785	
4	None	0	34.826	
4	None	0	34.868	0.08399999999999608
4	18.1, F	0.106	34.910	
4	27.0, F	0.192	34.952	
4	43.3, F	0.232	34.993	
4	19.2, F	0.276	35.035	
4	27.0, F	0.275	35.077	
4	30.1, F	0.277	35.118	
4	143.1, F	0.735	35.160	
4	295.0, F	0.988	35.202	
4	143.5, F	0.878	35.244	
4	24.3, F	0.503	35.285	
4	314.3, F	0.919	35.327	
4	123.6, F	0.747	35.369	
4	226.7, F	0.424	35.410	
4	38.2, F	0.783	35.452	
4	204.4, F	0.288	35.494	
4	209.0, F	0.256	35.535	
4	336.0, F	1.029	35.577	
4	110.0, F	1.028	35.619	
4	230.5, F	0.112	35.661	
4	194.3, F	0.122	35.702	
4	None	0	35.744	0.04200000000000159
4	149.8, F	0.169	35.786	
4	136.0, F	0.25	35.827	
4	355.0, F	0.936	35.869	
4	134.6, F	0.309	35.911	
4	121.1, F	0.273	35.953	
4	264.7, F	0.627	35.994	
4	118.1, F	0.248	36.036	
4	107.9, F	0.182	36.078	
4	93.7, F	0.153	36.119	
4	273.0, F	0.653	36.161	
4	93.1, F	0.147	36.203	
4	85.6, F	0.116	36.245	
4	None	0	36.286	
4	None	0	36.328	
4	None	0	36.370	
4	None	0	36.411	
4	None	0	36.453	
4	None	0	36.495	0.25
4	277.2, F	0.573	36.536	
4	85.4, F	0.189	36.578	
4	86.4, F	0.177	36.620	
4	97.8, F	0.222	36.662	
4	282.0, F	0.427	36.703	
4	89.6, F	0.292	36.745	
4	83.7, F	0.339	36.787	
4	292.8, F	0.243	36.828	
4	318.7, F	0.164	36.870	
4	87.9, F	0.696	36.912	
4	354.0, F	0.096	36.954	
4	334.7, F	0.208	36.995	
4	332.7, F	0.22	37.037	
4	173.2, F	0.391	37.079	
4	347.2, F	0.207	37.120	
4	32.7, F	0.213	37.162	
4	160.5, F	0.495	37.204	
4	48.3, F	0.171	37.246	
4	44.1, F	0.216	37.287	
4	285.5, F	0.673	37.329	
4	143.8, F	0.617	37.371	
4	69.4, F	0.421	37.412	
4	304.9, F	0.409	37.454	
4	126.4, F	0.767	37.496	
4	318.0, F	0.38	37.538	
4	322.2, F	0.334	37.579	
4	116.7, F	0.745	37.621	
4	324.9, F	0.381	37.663	
4	214.1, F	0.431	37.704	
4	319.0, F	0.428	37.746	
4	120.7, F	0.676	37.788	
4	311.2, F	0.612	37.829	
4	117.1, F	0.579	37.871	
4	319.4, F	0.76	37.913	
4	251.1, F	0.383	37.955	
4	104.4, F	0.639	37.996	
4	288.7, F	0.384	38.038	
4	87.3, F	0.648	38.080	
4	296.7, F	0.263	38.121	
4	310.6, F	0.312	38.163	
4	309.8, F	0.267	38.205	
4	77.8, F	0.712	38.247	
4	310.6, F	0.292	38.288	
4	211.0, F	0.526	38.330	
4	305.2, F	0.475	38.372	
4	42.0, F	0.445	38.413	
4	136.8, F	0.65	38.455	
4	314.7, F	0.844	38.497	
4	118.0, F	0.502	38.538	
4	256.7, F	0.377	38.580	
4	95.8, F	0.535	38.622	
4	271.5, F	0.271	38.664	
4	302.6, F	0.204	38.705	
4	79.6, F	0.808	38.747	
4	346.1, F	0.283	38.789	
4	1.5, F	0.333	38.830	
4	19.4, F	0.425	38.872	
4	136.5, F	0.266	38.914	
4	265.2, F	0.36	38.956	
4	97.8, F	0.541	38.997	
4	351.9, F	0.561	39.039	
4	137.1, F	0.116	39.081	
4	98.5, F	0.183	39.122	
4	108.9, F	0.517	39.164	
4	115.4, F	0.684	39.206	
4	323.4, F	0.342	39.248	
4	196.3, F	0.423	39.289	
4	40.4, F	0.14	39.331	
4	84.3, F	0.281	39.373	
4	91.7, F	0.368	39.414	
4	99.2, F	0.488	39.456	
4	225.5, F	0.178	39.498	
4	226.1, F	0.179	39.539	
4	183.4, F	0.166	39.581	
4	183.6, F	0.142	39.623	
4	145.4, F	0.231	39.665	
4	138.5, F	0.317	39.706	
4	9.2, F	0.698	39.748	
4	130.9, F	0.442	39.790	
4	124.6, F	0.505	39.831	
4	222.9, F	0.611	39.873	
4	40.2, F	0.617	39.915	
4	220.3, F	0.498	39.957	
4	331.7, F	0.588	39.998	
4	122.5, F	0.785	40.040	
4	337.6, F	0.529	40.082	
4	191.2, F	0.392	40.123	
4	352.8, F	0.486	40.165	
4	182.3, F	0.399	40.207	
4	359.0, F	0.468	40.249	
4	178.5, F	0.411	40.290	
4	176.3, F	0.33	40.332	
4	354.0, F	0.58	40.374	
4	105.1, F	1.215	40.415	
4	304.7, F	1.076	40.457	
4	174.6, F	0.438	40.499	
4	184.9, F	0.42	40.541	
4	347.2, F	0.486	40.582	
4	190.0, F	0.455	40.624	
4	337.5, F	0.514	40.666	
4	117.3, F	1.136	40.707	
4	337.3, F	0.558	40.749	
4	196.9, F	0.486	40.791	
4	337.7, F	0.446	40.832	
4	199.3, F	0.594	40.874	
4	323.8, F	0.386	40.916	
4	66.1, F	0.752	40.958	
4	189.5, F	0.55	40.999	
4	334.2, F	0.549	41.041	
4	189.4, F	0.629	41.083	
4	325.9, F	0.533	41.124	
4	67.7, F	0.648	41.166	
4	183.5, F	0.633	41.208	
4	342.2, F	0.321	41.250	
4	349.2, F	0.303	41.291	
4	160.5, F	0.617	41.333	
4	9.7, F	0.32	41.375	
4	15.6, F	0.302	41.416	
4	158.3, F	0.851	41.458	
4	2.6, F	0.285	41.500	
4	14.1, F	0.218	41.541	
4	297.2, F	0.823	41.583	
4	157.0, F	0.694	41.625	
4	11.0, F	0.309	41.667	
4	9.7, F	0.261	41.708	
4	159.2, F	0.82	41.750	
4	29.9, F	0.163	41.792	
4	294.2, F	0.821	41.833	
4	43.1, F	0.126	41.875	
4	161.8, F	1.045	41.917	
4	24.8, F	0.186	41.959	
4	292.9, F	0.111	42.000	
4	None	0	42.042	0.04200000000000159
4	206.3, F	0.113	42.084	
4	199.4, F	0.198	42.125	
4	323.0, F	0.382	42.167	
4	192.0, F	0.509	42.209	
4	302.0, F	0.27	42.251	
4	124.3, F	0.602	42.292	
4	250.2, F	0.319	42.334	
4	240.5, F	0.388	42.376	
4	143.3, F	0.744	42.417	
4	314.8, F	1.086	42.459	
4	161.0, F	0.878	42.501	
4	20.8, F	0.293	42.542	
4	21.3, F	0.218	42.584	
4	166.3, F	1.13	42.626	
4	288.6, F	0.916	42.668	
4	47.2, F	0.128	42.709	
4	None	0	42.751	0.04200000000000159
4	150.9, F	0.101	42.793	
4	187.1, F	0.121	42.834	
4	211.2, F	0.122	42.876	
4	213.1, F	0.141	42.918	
4	340.1, F	0.461	42.960	
4	223.5, F	0.335	43.001	
4	235.0, F	0.35	43.043	
4	46.3, F	0.564	43.085	
4	242.0, F	0.402	43.126	
4	133.9, F	0.3	43.168	
4	312.4, F	0.728	43.210	
4	140.4, F	0.286	43.252	
4	149.5, F	0.262	43.293	
4	15.1, F	0.427	43.335	
4	169.9, F	0.189	43.377	
4	174.4, F	0.234	43.418	
4	1.4, F	0.422	43.460	
4	202.2, F	0.219	43.502	
4	207.3, F	0.235	43.544	
4	336.5, F	0.381	43.585	
4	221.8, F	0.341	43.627	
4	231.2, F	0.326	43.669	
4	324.1, F	0.317	43.710	
4	121.8, F	0.889	43.752	
4	324.6, F	0.366	43.794	
4	317.7, F	0.33	43.835	
4	211.1, F	0.519	43.877	
4	315.5, F	0.265	43.919	
4	79.7, F	0.701	43.961	
4	214.8, F	0.485	44.002	
4	324.8, F	0.267	44.044	
4	320.4, F	0.256	44.086	
4	128.6, F	0.978	44.127	
4	319.0, F	0.277	44.169	
4	319.6, F	0.273	44.211	
4	319.0, F	0.256	44.253	
4	201.0, F	0.478	44.294	
4	332.5, F	0.245	44.336	
4	92.8, F	1.102	44.378	
4	325.3, F	0.178	44.419	
4	335.8, F	0.244	44.461	
4	187.0, F	0.494	44.503	
4	336.6, F	0.232	44.544	
4	339.0, F	0.217	44.586	
4	183.8, F	0.484	44.628	
4	311.1, F	0.137	44.670	
4	None	0	44.711	
4	None	0	44.753	
4	None	0	44.795	
4	None	0	44.836	0.1670000000000016
4	130.9, F	0.179	44.878	
4	135.0, F	0.182	44.920	
4	130.0, F	0.234	44.962	
4	148.6, F	0.424	45.003	
4	243.2, F	0.601	45.045	
4	10.9, F	0.619	45.087	
4	145.9, F	0.618	45.128	
4	314.8, F	0.82	45.170	
4	147.2, F	0.535	45.212	
4	146.6, F	0.51	45.254	
4	319.8, F	0.905	45.295	
4	118.4, F	0.399	45.337	
4	118.9, F	0.346	45.379	
4	329.1, F	1.222	45.420	
4	104.5, F	0.411	45.462	
4	101.8, F	0.468	45.504	
4	273.9, F	0.192	45.545	
4	284.2, F	0.167	45.587	
4	97.4, F	0.614	45.629	
4	None	0	45.671	0.04100000000000392
4	113.7, F	0.179	45.712	
4	103.0, F	0.235	45.754	
4	297.0, F	0.595	45.796	
4	69.3, F	0.353	45.837	
4	124.9, F	0.695	45.879	
4	307.7, F	0.863	45.921	
4	104.8, F	0.583	45.963	
4	259.2, F	0.559	46.004	
4	16.5, F	0.265	46.046	
4	146.6, F	0.256	46.088	
4	349.4, F	0.2	46.129	
4	170.4, F	0.364	46.171	
4	318.7, F	0.308	46.213	
4	174.7, F	0.259	46.255	
4	326.5, F	0.245	46.296	
4	324.9, F	0.442	46.338	
4	189.0, F	0.224	46.380	
4	200.6, F	0.214	46.421	
4	319.2, F	0.347	46.463	
4	268.8, F	0.142	46.505	
4	101.4, F	0.498	46.547	
4	265.9, F	0.127	46.588	
4	217.1, F	0.118	46.630	
4	349.6, F	0.599	46.672	
4	350.0, F	0.178	46.713	
4	28.6, F	0.165	46.755	
4	36.3, F	0.223	46.797	
4	171.8, F	0.691	46.838	
4	37.1, F	0.338	46.880	
4	29.3, F	0.389	46.922	
4	29.8, F	0.338	46.964	
4	167.6, F	0.637	47.005	
4	299.8, F	0.696	47.047	
4	12.2, F	0.28	47.089	
4	179.9, F	0.65	47.130	
4	350.5, F	0.236	47.172	
4	339.9, F	0.195	47.214	
4	191.1, F	0.967	47.256	
4	336.5, F	0.281	47.297	
4	312.4, F	0.236	47.339	
4	77.8, F	0.794	47.381	
4	338.9, F	0.236	47.422	
4	1.2, F	0.096	47.464	
4	23.1, F	0.142	47.506	
4	167.6, F	0.708	47.547	
4	38.3, F	0.195	47.589	
4	40.6, F	0.304	47.631	
4	303.1, F	0.586	47.673	
4	149.6, F	0.451	47.714	
4	53.8, F	0.464	47.756	
4	222.4, F	0.612	47.798	
4	58.0, F	0.652	47.839	
4	320.2, F	0.616	47.881	
4	220.4, F	0.399	47.923	
4	107.9, F	0.453	47.965	
4	336.6, F	0.863	48.006	
4	90.6, F	0.541	48.048	
4	272.8, F	0.287	48.090	
4	286.5, F	0.292	48.131	
4	69.7, F	0.584	48.173	
4	228.8, F	0.6	48.215	
4	35.5, F	0.543	48.257	
4	259.6, F	0.493	48.298	
4	10.2, F	0.808	48.340	
4	78.3, F	0.178	48.382	
4	297.8, F	0.796	48.423	
4	153.3, F	0.834	48.465	
4	31.0, F	0.678	48.507	
4	248.0, F	0.488	48.548	
4	24.0, F	0.836	48.590	
4	93.1, F	0.506	48.632	
4	303.0, F	0.586	48.674	
4	314.9, F	0.486	48.715	
4	117.6, F	0.904	48.757	
4	328.8, F	0.637	48.799	
4	240.7, F	0.272	48.840	
4	92.2, F	0.979	48.882	
4	259.3, F	0.312	48.924	
4	260.5, F	0.26	48.966	
4	273.2, F	0.361	49.007	
4	89.6, F	0.665	49.049	
4	287.5, F	0.588	49.091	
4	286.6, F	0.469	49.132	
4	76.2, F	0.447	49.174	
4	288.3, F	0.515	49.216	
4	72.5, F	0.456	49.258	
4	75.3, F	0.449	49.299	
4	284.6, F	0.489	49.341	
4	138.6, F	0.969	49.383	
4	287.1, F	0.426	49.424	
4	286.2, F	0.384	49.466	
4	76.7, F	0.52	49.508	
4	296.3, F	0.347	49.550	
4	287.1, F	0.258	49.591	
4	76.6, F	0.68	49.633	
4	194.8, F	0.876	49.675	
4	284.4, F	0.213	49.716	
4	88.0, F	0.657	49.758	
4	293.6, F	0.26	49.800	
4	309.3, F	0.257	49.841	
4	299.7, F	0.23	49.883	
4	289.4, F	0.175	49.925	
4	83.4, F	0.714	49.967	
4	264.9, F	0.223	50.008	
4	276.9, F	0.268	50.050	
4	279.3, F	0.217	50.092	
4	80.3, F	0.653	50.133	
4	284.5, F	0.375	50.175	
4	201.7, F	0.81	50.217	
4	84.7, F	0.591	50.259	
4	276.4, F	0.396	50.300	
4	275.7, F	0.252	50.342	
4	91.2, F	0.811	50.384	
4	254.5, F	0.21	50.425	
4	256.0, F	0.199	50.467	
4	236.2, F	0.135	50.509	
4	222.4, F	0.092	50.550	
4	194.8, F	0.121	50.592	
4	102.2, F	0.905	50.634	
4	356.5, F	0.454	50.676	
4	180.5, F	0.325	50.717	
4	178.4, F	0.319	50.759	
4	2.1, F	0.467	50.801	
4	183.1, F	0.276	50.842	
4	8.7, F	0.457	50.884	
4	181.2, F	0.367	50.926	
4	9.5, F	0.286	50.968	
4	178.3, F	0.633	51.009	
4	30.6, F	0.222	51.051	
4	290.9, F	0.725	51.093	
4	174.6, F	0.733	51.134	
4	74.1, F	0.113	51.176	
4	None	0	51.218	0.041999999999994486
4	100.7, F	0.097	51.260	
4	138.4, F	0.096	51.301	
4	149.5, F	0.13	51.343	
4	157.8, F	0.151	51.385	
4	151.0, F	0.192	51.426	
4	315.8, F	0.911	51.468	
4	146.4, F	0.3	51.510	
4	156.1, F	0.382	51.551	
4	16.6, F	0.402	51.593	
4	173.3, F	0.497	51.635	
4	15.7, F	0.296	51.677	
4	176.2, F	0.64	51.718	
4	282.0, F	0.728	51.760	
4	28.1, F	0.134	51.802	
4	None	0	51.843	
4	None	0	51.885	
4	None	0	51.927	
4	None	0	51.969	
4	None	0	52.010	
4	None	0	52.052	0.25099999999999767
4	269.1, F	0.126	52.094	
4	246.7, F	0.237	52.135	
4	108.3, F	0.668	52.177	
4	242.4, F	0.365	52.219	
4	233.2, F	0.414	52.261	
4	56.7, F	0.79	52.302	
4	239.0, F	0.482	52.344	
4	237.1, F	0.555	52.386	
4	41.1, F	0.502	52.427	
4	156.0, F	0.407	52.469	
4	287.0, F	0.963	52.511	
4	182.0, F	0.48	52.552	
4	325.2, F	0.216	52.594	
4	299.1, F	0.282	52.636	
4	50.9, F	0.166	52.678	
4	167.1, F	0.634	52.719	
4	271.6, F	0.887	52.761	
4	275.1, F	0.157	52.803	
4	97.6, F	0.517	52.844	
4	262.2, F	0.481	52.886	
4	257.2, F	0.476	52.928	
4	104.2, F	0.459	52.970	
4	263.5, F	0.528	53.011	
4	105.7, F	0.315	53.053	
4	9.3, F	0.803	53.095	
4	144.3, F	0.382	53.136	
4	245.5, F	0.713	53.178	
4	146.7, F	0.412	53.220	
4	12.1, F	0.854	53.262	
4	155.2, F	0.357	53.303	
4	261.2, F	0.764	53.345	
4	137.8, F	0.328	53.387	
4	7.1, F	0.967	53.428	
4	138.6, F	0.171	53.470	
4	79.1, F	0.179	53.512	
4	40.2, F	0.22	53.553	
4	276.5, F	1.273	53.595	
4	127.8, F	0.788	53.637	
4	331.4, F	0.464	53.679	
4	231.2, F	0.431	53.720	
4	34.5, F	0.78	53.762	
4	259.3, F	0.578	53.804	
4	67.5, F	0.235	53.845	
4	36.4, F	0.212	53.887	
4	281.0, F	0.957	53.929	
4	15.9, F	0.463	53.971	
4	189.1, F	0.417	54.012	
4	358.1, F	0.816	54.054	
4	207.6, F	0.283	54.096	
4	213.3, F	0.184	54.137	
4	74.8, F	0.55	54.179	
4	298.1, F	0.248	54.221	
4	330.0, F	0.376	54.263	
4	345.5, F	0.488	54.304	
4	106.2, F	0.854	54.346	
4	235.8, F	0.166	54.388	
4	356.5, F	0.802	54.429	
4	None	0	54.471	0.04200000000000159
4	302.3, F	0.157	54.513	
4	332.4, F	0.196	54.554	
4	328.6, F	0.19	54.596	
4	176.4, F	0.629	54.638	
4	350.1, F	0.367	54.680	
4	358.0, F	0.374	54.721	
4	162.6, F	0.391	54.763	
4	358.2, F	0.611	54.805	
4	155.6, F	0.221	54.846	
4	125.0, F	0.174	54.888	
4	118.2, F	0.176	54.930	
4	136.7, F	0.213	54.972	
4	10.8, F	0.862	55.013	
4	96.9, F	0.2	55.055	
4	261.7, F	0.529	55.097	
4	84.7, F	0.238	55.138	
4	81.2, F	0.338	55.180	
4	273.5, F	0.412	55.222	
4	75.2, F	0.349	55.264	
4	278.4, F	0.497	55.305	
4	60.8, F	0.369	55.347	
4	162.6, F	0.731	55.389	
4	276.6, F	0.622	55.430	
4	64.0, F	0.338	55.472	
4	63.0, F	0.315	55.514	
4	281.2, F	0.562	55.555	
4	68.1, F	0.37	55.597	
4	159.1, F	0.728	55.639	
4	274.5, F	0.281	55.681	
4	81.3, F	0.385	55.722	
4	289.3, F	0.282	55.764	
4	334.9, F	0.125	55.806	
4	71.8, F	0.746	55.847	
4	20.6, F	0.214	55.889	
4	169.1, F	0.47	55.931	
4	13.2, F	0.21	55.973	
4	50.3, F	0.398	56.014	
4	239.1, F	0.972	56.056	
4	38.9, F	0.486	56.098	
4	54.8, F	0.321	56.139	
4	153.4, F	0.378	56.181	
4	294.9, F	0.884	56.223	
4	142.7, F	0.348	56.265	
4	35.8, F	0.698	56.306	
4	104.2, F	0.356	56.348	
4	265.6, F	0.786	56.390	
4	76.5, F	0.342	56.431	
4	59.6, F	0.397	56.473	
4	282.7, F	0.841	56.515	
4	34.8, F	0.606	56.556	
4	147.1, F	0.359	56.598	
4	23.9, F	0.813	56.640	
4	265.0, F	0.981	56.682	
4	127.6, F	0.138	56.723	
4	None	0	56.765	
4	None	0	56.807	0.08299999999999841
4	1.1, F	0.16	56.848	
4	13.4, F	0.392	56.890	
4	171.3, F	0.434	56.932	
4	24.9, F	0.404	56.974	
4	23.0, F	0.707	57.015	
4	123.0, F	0.317	57.057	
4	261.0, F	0.769	57.099	
4	107.7, F	0.338	57.140	
4	94.1, F	0.368	57.182	
4	270.4, F	0.469	57.224	
4	76.4, F	0.602	57.266	
4	291.3, F	0.269	57.307	
4	338.3, F	0.367	57.349	
4	63.0, F	0.794	57.391	
4	205.2, F	0.583	57.432	
4	341.8, F	0.483	57.474	
4	209.7, F	0.5	57.516	
4	50.2, F	0.963	57.557	
4	207.6, F	0.514	57.599	
4	335.4, F	0.65	57.641	
4	216.1, F	0.582	57.683	
4	42.5, F	0.952	57.724	
4	230.3, F	0.463	57.766	
4	231.0, F	0.454	57.808	
4	92.4, F	0.437	57.849	
4	254.2, F	0.583	57.891	
4	27.2, F	1.014	57.933	
4	252.5, F	0.622	57.975	
4	127.9, F	0.264	58.016	
4	155.9, F	0.145	58.058	
4	146.2, F	0.106	58.100	
4	162.6, F	0.16	58.141	
4	177.5, F	0.184	58.183	
4	359.7, F	1.022	58.225	
4	187.6, F	0.106	58.267	
4	None	0	58.308	0.04200000000000159
4	281.1, F	0.136	58.350	
4	287.5, F	0.153	58.392	
4	305.9, F	0.227	58.433	
4	274.6, F	0.25	58.475	
4	274.3, F	0.279	58.517	
4	73.5, F	0.476	58.558	
4	209.9, F	0.75	58.600	
4	286.5, F	0.499	58.642	
4	69.2, F	0.405	58.684	
4	59.4, F	0.324	58.725	
4	278.4, F	0.748	58.767	
4	170.8, F	0.54	58.809	
4	348.1, F	0.312	58.850	
4	344.7, F	0.228	58.892	
4	180.3, F	0.601	58.934	
4	357.9, F	0.243	58.976	
4	22.3, F	0.356	59.017	
4	50.7, F	0.283	59.059	
4	150.9, F	0.669	59.101	
4	279.5, F	0.492	59.142	
4	86.5, F	0.487	59.184	
4	260.7, F	0.31	59.226	
4	94.3, F	0.622	59.268	
4	212.2, F	0.321	59.309	
4	197.1, F	0.382	59.351	
4	347.1, F	0.582	59.393	
4	117.1, F	1.033	59.434	
4	173.7, F	0.538	59.476	
4	35.4, F	0.319	59.518	
4	292.8, F	0.757	59.559	
4	167.1, F	0.787	59.601	
4	38.9, F	0.287	59.643	
4	40.7, F	0.228	59.685	
4	55.6, F	0.196	59.726	
4	267.3, F	0.717	59.768	
4	97.6, F	0.279	59.810	
4	110.0, F	0.403	59.851	
4	252.6, F	0.596	59.893	
4	109.0, F	0.35	59.935	
4	135.0, F	0.287	59.977	
4	253.4, F	1.242	60.018	
4	66.4, F	0.698	60.060	
4	220.2, F	0.731	60.102	
4	289.4, F	0.643	60.143	
4	13.7, F	0.223	60.185	
4	334.6, F	0.191	60.227	
4	191.0, F	0.604	60.269	
4	282.5, F	0.153	60.310	
4	287.7, F	0.231	60.352	
4	96.8, F	0.767	60.394	
4	238.4, F	0.269	60.435	
4	236.0, F	0.268	60.477	
4	221.2, F	0.267	60.519	
4	342.0, F	0.697	60.560	
4	113.8, F	0.831	60.602	
4	206.4, F	0.363	60.644	
4	199.2, F	0.523	60.686	
4	328.4, F	0.462	60.727	
4	60.4, F	0.734	60.769	
4	195.2, F	0.684	60.811	
4	334.0, F	0.178	60.852	
4	7.7, F	0.149	60.894	
4	36.9, F	0.135	60.936	
4	170.5, F	0.962	60.978	
4	93.2, F	0.425	61.019	
4	274.3, F	0.357	61.061	
4	89.9, F	0.61	61.103	
4	285.5, F	0.154	61.144	
4	None	0	61.186	0.04200000000000159
4	191.9, F	0.141	61.228	
4	0.5, F	0.537	61.270	
4	172.5, F	0.153	61.311	
4	142.2, F	0.362	61.353	
4	134.4, F	0.386	61.395	
4	44.7, F	0.458	61.436	
4	141.4, F	0.481	61.478	
4	302.8, F	0.515	61.520	
4	142.1, F	0.598	61.561	
4	289.6, F	0.47	61.603	
4	83.6, F	0.559	61.645	
4	287.9, F	0.407	61.687	
4	83.5, F	0.55	61.728	
4	269.0, F	0.278	61.770	
4	266.0, F	0.214	61.812	
4	91.2, F	0.747	61.853	
4	302.6, F	0.135	61.895	
4	183.1, F	0.748	61.937	
4	None	0	61.979	
4	None	0	62.020	
4	None	0	62.062	0.125
4	343.2, F	0.166	62.104	
4	None	0	62.145	
4	None	0	62.187	
4	None	0	62.229	
4	None	0	62.271	
4	None	0	62.312	0.20899999999999608
4	174.2, F	0.188	62.354	
4	173.9, F	0.265	62.396	
4	356.0, F	0.949	62.437	
4	189.4, F	0.141	62.479	
4	194.8, F	0.267	62.521	
4	191.3, F	0.326	62.562	
4	182.0, F	0.372	62.604	
4	356.3, F	0.554	62.646	
4	169.9, F	0.386	62.688	
4	0.4, F	0.549	62.729	
4	179.9, F	0.425	62.771	
4	350.9, F	0.462	62.813	
4	190.0, F	0.433	62.854	
4	336.5, F	0.682	62.896	
4	116.6, F	0.682	62.938	
4	215.8, F	0.489	62.980	
4	311.4, F	0.809	63.021	
4	134.9, F	0.66	63.063	
4	319.3, F	0.57	63.105	
4	117.5, F	0.772	63.146	
4	188.5, F	0.653	63.188	
4	346.5, F	0.231	63.230	
4	6.0, F	0.277	63.272	
4	47.3, F	0.265	63.313	
4	154.2, F	1.052	63.355	
4	85.5, F	0.568	63.397	
4	None	0	63.438	0.041999999999994486
4	123.7, F	0.159	63.480	
4	105.9, F	0.436	63.522	
4	317.6, F	0.876	63.563	
4	105.0, F	0.547	63.605	
4	239.1, F	0.346	63.647	
4	101.3, F	0.967	63.689	
4	168.3, F	0.183	63.730	
4	10.8, F	0.458	63.772	
4	138.3, F	0.38	63.814	
4	231.5, F	0.47	63.855	
4	48.5, F	0.538	63.897	
4	212.7, F	0.461	63.939	
4	61.5, F	0.563	63.981	
4	347.3, F	0.292	64.022	
4	166.6, F	0.528	64.064	
4	29.4, F	0.165	64.106	
4	50.8, F	0.188	64.147	
4	154.1, F	0.653	64.189	
4	63.2, F	0.379	64.231	
4	281.9, F	0.609	64.273	
4	76.4, F	0.403	64.314	
4	276.5, F	0.494	64.356	
4	87.3, F	0.54	64.398	
4	289.1, F	0.377	64.439	
4	132.7, F	0.916	64.481	
4	283.4, F	0.229	64.523	
4	302.8, F	0.218	64.564	
4	82.3, F	0.743	64.606	
4	308.8, F	0.28	64.648	
4	313.6, F	0.257	64.690	
4	184.7, F	0.484	64.731	
4	339.0, F	0.271	64.773	
4	336.9, F	0.278	64.815	
4	153.2, F	0.319	64.856	
4	5.1, F	0.45	64.898	
4	159.6, F	0.335	64.940	
4	354.3, F	0.385	64.982	
4	175.0, F	0.262	65.023	
4	185.3, F	0.142	65.065	
4	353.7, F	0.51	65.107	
4	None	0	65.148	0.04200000000000159
4	296.0, F	0.096	65.190	
4	313.0, F	0.207	65.232	
4	73.0, F	0.82	65.274	
4	318.5, F	0.492	65.315	
4	222.9, F	0.474	65.357	
4	320.1, F	0.703	65.399	
4	109.2, F	0.487	65.440	
4	262.5, F	0.575	65.482	
4	42.7, F	0.295	65.524	
4	8.1, F	0.247	65.566	
4	343.1, F	0.288	65.607	
4	339.4, F	0.304	65.649	
4	218.3, F	0.261	65.691	
4	340.8, F	0.774	65.732	
4	254.9, F	0.45	65.774	
4	86.7, F	0.367	65.816	
4	281.0, F	0.606	65.857	
4	39.6, F	0.24	65.899	
4	11.8, F	0.253	65.941	
4	173.9, F	0.647	65.983	
4	349.5, F	0.402	66.024	
4	341.3, F	0.479	66.066	
4	195.9, F	0.394	66.108	
4	209.6, F	0.399	66.149	
4	335.8, F	0.811	66.191	
4	103.9, F	0.602	66.233	
4	267.5, F	0.584	66.275	
4	88.8, F	0.247	66.316	
4	271.9, F	0.942	66.358	
4	None	0	66.400	0.04099999999999682
4	289.3, F	0.303	66.441	
4	76.0, F	0.51	66.483	
4	284.1, F	0.642	66.525	
4	37.6, F	0.297	66.566	
4	358.3, F	0.17	66.608	
4	184.9, F	0.531	66.650	
4	312.8, F	0.369	66.692	
4	304.9, F	0.427	66.733	
4	210.2, F	0.585	66.775	
4	63.6, F	0.499	66.817	
4	286.4, F	0.752	66.858	
4	50.0, F	0.266	66.900	
4	156.6, F	0.669	66.942	
4	285.7, F	0.958	66.984	
4	343.4, F	0.281	67.025	
4	188.4, F	0.613	67.067	
4	301.1, F	0.288	67.109	
4	86.8, F	0.591	67.150	
4	276.6, F	0.374	67.192	
4	273.6, F	0.318	67.234	
4	93.9, F	0.521	67.276	
4	271.0, F	0.389	67.317	
4	99.0, F	0.473	67.359	
4	260.7, F	0.495	67.401	
4	112.8, F	0.305	67.442	
4	253.5, F	0.599	67.484	
4	140.4, F	0.187	67.526	
4	159.1, F	0.311	67.567	
4	3.6, F	0.593	67.609	
4	177.5, F	0.362	67.651	
4	188.3, F	0.407	67.693	
4	337.2, F	0.58	67.734	
4	195.3, F	0.414	67.776	
4	325.6, F	0.594	67.818	
4	217.6, F	0.575	67.859	
4	50.1, F	0.498	67.901	
4	226.9, F	0.674	67.943	
4	48.4, F	0.344	67.985	
4	46.8, F	0.154	68.026	
4	278.7, F	0.888	68.068	
4	171.4, F	0.845	68.110	
4	237.9, F	0.117	68.151	
4	244.2, F	0.172	68.193	
4	236.8, F	0.243	68.235	
4	119.6, F	0.789	68.277	
4	328.0, F	0.478	68.318	
4	208.1, F	0.361	68.360	
4	311.0, F	0.391	68.402	
4	84.5, F	0.532	68.443	
4	192.4, F	0.565	68.485	
4	278.5, F	0.345	68.527	
4	78.7, F	0.439	68.569	
4	276.1, F	0.329	68.610	
4	82.5, F	0.445	68.652	
4	255.6, F	0.524	68.694	
4	88.3, F	0.265	68.735	
4	268.3, F	0.826	68.777	
4	254.2, F	0.165	68.819	
4	255.0, F	0.402	68.860	
4	106.8, F	0.638	68.902	
4	259.4, F	0.604	68.944	
4	115.0, F	0.391	68.986	
4	305.6, F	1.067	69.027	
4	163.5, F	0.397	69.069	
4	182.4, F	0.427	69.111	
4	346.2, F	0.509	69.152	
4	196.1, F	0.64	69.194	
4	300.2, F	0.443	69.236	
4	83.6, F	0.499	69.278	
4	300.2, F	0.376	69.319	
4	163.8, F	1.591	69.361	
4	306.5, F	0.345	69.403	
4	308.4, F	0.259	69.444	
4	83.9, F	0.755	69.486	
4	186.7, F	1.287	69.528	
4	345.9, F	0.725	69.569	
4	185.7, F	0.392	69.611	
4	186.5, F	0.497	69.653	
4	308.9, F	0.519	69.695	
4	67.3, F	0.443	69.736	
4	202.7, F	0.81	69.778	
4	81.4, F	0.3	69.820	
4	258.8, F	0.578	69.861	
4	150.6, F	0.313	69.903	
4	346.7, F	0.515	69.945	
4	194.3, F	0.453	69.987	
4	203.6, F	0.629	70.028	
4	295.0, F	0.767	70.070	
4	75.8, F	0.264	70.112	
4	None	0	70.153	0.04199999999998738
4	256.0, F	0.526	70.195	
4	252.6, F	0.331	70.237	
4	248.8, F	0.396	70.279	
4	164.9, F	0.549	70.320	
4	160.6, F	0.612	70.362	
4	301.5, F	0.693	70.404	
4	300.8, F	0.568	70.445	
4	101.5, F	1.2	70.487	
4	270.4, F	1.631	70.529	
4	106.1, F	0.238	70.570	
4	213.8, F	0.302	70.612	
4	229.4, F	0.266	70.654	
4	193.9, F	0.512	70.696	
4	356.3, F	0.199	70.737	
4	198.1, F	0.556	70.779	
4	17.8, F	0.164	70.821	
4	91.6, F	0.107	70.862	
4	80.3, F	0.137	70.904	
4	None	0	70.946	
4	None	0	70.988	
4	None	0	71.029	
4	None	0	71.071	0.1670000000000016
4	16.3, F	0.125	71.113	
4	22.1, F	0.17	71.154	
4	179.6, F	0.573	71.196	
4	6.8, F	0.279	71.238	
4	17.3, F	0.38	71.280	
4	179.0, F	0.494	71.321	
4	4.4, F	0.404	71.363	
4	179.6, F	0.404	71.405	
4	352.2, F	0.318	71.446	
4	194.2, F	0.293	71.488	
4	334.2, F	0.421	71.530	
4	246.0, F	0.248	71.572	
4	244.0, F	0.233	71.613	
4	55.5, F	0.765	71.655	
4	285.3, F	0.338	71.697	
4	290.1, F	0.347	71.738	
4	98.0, F	0.509	71.780	
4	284.6, F	0.377	71.822	
4	297.0, F	0.527	71.863	
4	69.0, F	0.231	71.905	
4	None	0	71.947	0.04200000000000159
4	12.4, F	0.158	71.989	
4	166.5, F	0.837	72.030	
4	301.0, F	0.973	72.072	
4	359.7, F	0.39	72.114	
4	140.0, F	0.658	72.155	
4	31.4, F	0.326	72.197	
4	27.1, F	0.403	72.239	
4	216.0, F	0.49	72.281	
4	72.9, F	0.412	72.322	
4	164.9, F	0.916	72.364	
4	None	0	72.406	0.04099999999999682
4	129.8, F	0.212	72.447	
4	26.7, F	0.711	72.489	
4	136.5, F	0.32	72.531	
4	241.7, F	0.602	72.572	
4	147.7, F	0.554	72.614	
4	61.4, F	0.357	72.656	
4	289.3, F	0.435	72.698	
4	91.6, F	0.534	72.739	
4	275.4, F	0.169	72.781	
4	225.9, F	0.279	72.823	
4	227.5, F	0.314	72.864	
4	114.8, F	1.063	72.906	
4	203.5, F	0.314	72.948	
4	350.1, F	0.523	72.990	
4	189.7, F	0.573	73.031	
4	327.7, F	0.331	73.073	
4	176.0, F	0.747	73.115	
4	None	0	73.156	0.04199999999998738
4	92.5, F	0.114	73.198	
4	None	0	73.240	0.04200000000000159
4	142.7, F	0.143	73.282	
4	173.9, F	0.18	73.323	
4	173.2, F	0.383	73.365	
4	358.2, F	0.44	73.407	
4	184.4, F	0.368	73.448	
4	344.3, F	0.377	73.490	
4	185.9, F	0.769	73.532	
4	None	0	73.573	
4	None	0	73.615	0.08400000000000318
4	104.9, F	0.132	73.657	
4	90.6, F	0.187	73.699	
4	109.3, F	0.218	73.740	
4	95.9, F	0.271	73.782	
4	264.0, F	0.401	73.824	
4	80.7, F	0.396	73.865	
4	303.7, F	0.234	73.907	
4	74.9, F	0.583	73.949	
4	312.3, F	0.266	73.991	
4	297.7, F	0.254	74.032	
4	255.7, F	0.19	74.074	
4	91.2, F	0.467	74.116	
4	238.5, F	0.237	74.157	
4	206.6, F	0.291	74.199	
4	190.9, F	0.242	74.241	
4	182.4, F	0.263	74.283	
4	5.9, F	0.341	74.324	
4	176.0, F	0.405	74.366	
4	11.0, F	0.441	74.408	
4	158.9, F	0.48	74.449	
4	31.7, F	0.373	74.491	
4	155.0, F	0.702	74.533	
4	55.1, F	0.411	74.575	
4	286.9, F	0.837	74.616	
4	55.5, F	0.442	74.658	
4	128.5, F	0.723	74.700	
4	307.6, F	0.492	74.741	
4	122.0, F	0.922	74.783	
4	346.2, F	0.36	74.825	
4	37.8, F	0.336	74.866	
4	156.8, F	0.714	74.908	
4	283.4, F	0.225	74.950	
4	84.9, F	0.451	74.992	
4	None	0	75.033	0.04200000000000159
4	43.5, F	0.131	75.075	
4	None	0	75.117	0.04099999999999682
4	107.0, F	0.137	75.158	
4	107.9, F	0.332	75.200	
4	108.5, F	0.428	75.242	
4	262.2, F	0.544	75.284	
4	106.1, F	0.587	75.325	
4	236.6, F	0.416	75.367	
4	336.1, F	0.605	75.409	
4	109.6, F	0.894	75.450	
4	198.7, F	0.293	75.492	
4	358.3, F	0.502	75.534	
4	168.6, F	0.294	75.575	
4	168.8, F	0.282	75.617	
4	359.6, F	0.636	75.659	
4	178.5, F	0.185	75.701	
4	186.9, F	0.117	75.742	
4	224.6, F	0.097	75.784	
4	357.2, F	0.124	75.826	
4	357.7, F	0.249	75.867	
4	2.8, F	0.225	75.909	
4	0.7, F	0.317	75.951	
4	182.2, F	0.545	75.993	
4	5.0, F	0.494	76.034	
4	9.9, F	0.606	76.076	
4	151.7, F	0.221	76.118	
4	164.4, F	0.182	76.159	
4	189.5, F	0.176	76.201	
4	229.3, F	0.255	76.243	
4	337.3, F	0.633	76.285	
4	225.0, F	0.371	76.326	
4	249.9, F	0.543	76.368	
4	117.0, F	0.465	76.410	
4	24.6, F	0.689	76.451	
4	252.2, F	0.787	76.493	
4	125.4, F	0.432	76.535	
4	19.0, F	0.594	76.576	
4	260.3, F	0.859	76.618	
4	130.0, F	0.291	76.660	
4	125.5, F	0.243	76.702	
4	127.5, F	0.212	76.743	
4	11.0, F	0.981	76.785	
4	113.3, F	0.159	76.827	
4	275.4, F	1.036	76.868	
4	78.6, F	0.147	76.910	
4	86.2, F	0.105	76.952	
4	39.0, F	0.108	76.994	
4	165.8, F	0.569	77.035	
4	27.2, F	0.169	77.077	
4	2.3, F	0.152	77.119	
4	330.7, F	0.17	77.160	
4	326.4, F	0.186	77.202	
4	177.2, F	0.533	77.244	
4	320.0, F	0.275	77.286	
4	311.9, F	0.302	77.327	
4	308.5, F	0.39	77.369	
4	145.6, F	0.586	77.411	
4	292.4, F	0.341	77.452	
4	66.9, F	0.389	77.494	
4	284.8, F	0.38	77.536	
4	150.7, F	0.683	77.578	
4	289.8, F	0.426	77.619	
4	60.7, F	0.296	77.661	
4	27.2, F	0.304	77.703	
4	226.1, F	0.566	77.744	
4	354.1, F	0.281	77.786	
4	329.8, F	0.3	77.828	
4	192.0, F	0.47	77.869	
4	319.9, F	0.455	77.911	
4	192.9, F	0.492	77.953	
4	299.2, F	0.459	77.995	
4	76.1, F	0.672	78.036	
4	274.0, F	0.59	78.078	
4	145.2, F	0.917	78.120	
4	273.2, F	0.727	78.161	
4	75.3, F	0.441	78.203	
4	64.7, F	0.356	78.245	
4	275.3, F	0.732	78.287	
4	58.8, F	0.311	78.328	
4	54.3, F	0.377	78.370	
4	217.9, F	1.253	78.412	
4	59.9, F	0.402	78.453	
4	58.9, F	0.614	78.495	
4	312.3, F	0.709	78.537	
4	118.5, F	0.652	78.578	
4	312.8, F	0.761	78.620	
4	111.6, F	0.619	78.662	
4	231.7, F	0.441	78.704	
4	42.4, F	0.936	78.745	
4	222.3, F	0.425	78.787	
4	220.9, F	0.451	78.829	
4	44.1, F	0.95	78.870	
4	230.4, F	0.521	78.912	
4	223.2, F	0.336	78.954	
4	45.0, F	1.051	78.996	
4	244.4, F	0.347	79.037	
4	262.6, F	0.394	79.079	
4	253.2, F	0.228	79.121	
4	85.0, F	0.953	79.162	
4	0.5, F	0.106	79.204	
4	None	0	79.246	0.04200000000000159
4	41.0, F	0.101	79.288	
4	54.1, F	0.205	79.329	
4	44.7, F	0.408	79.371	
4	214.8, F	0.968	79.413	
4	42.7, F	0.459	79.454	
4	320.7, F	0.42	79.496	
4	43.4, F	0.615	79.538	
4	230.1, F	0.689	79.579	
4	53.1, F	0.709	79.621	
4	223.6, F	0.564	79.663	
4	131.2, F	0.648	79.705	
4	358.4, F	0.603	79.746	
4	208.2, F	0.371	79.788	
4	11.7, F	0.502	79.830	
4	208.2, F	0.417	79.871	
4	8.8, F	0.644	79.913	
4	213.3, F	0.335	79.955	
4	108.5, F	0.62	79.997	
4	230.5, F	0.234	80.038	
4	7.7, F	0.839	80.080	
4	209.6, F	0.205	80.122	
4	None	0	80.163	
4	None	0	80.205	
4	None	0	80.247	
4	None	0	80.289	
4	None	0	80.330	0.20900000000000318
4	111.2, F	0.149	80.372	
4	89.2, F	0.152	80.414	
4	84.3, F	0.17	80.455	
4	272.3, F	0.898	80.497	
4	58.1, F	0.286	80.539	
4	65.7, F	0.335	80.581	
4	77.0, F	0.312	80.622	
4	147.7, F	0.972	80.664	
4	293.4, F	0.459	80.706	
4	305.8, F	0.435	80.747	
4	74.1, F	0.887	80.789	
4	332.9, F	0.406	80.831	
4	170.0, F	0.375	80.872	
4	355.4, F	0.572	80.914	
4	159.1, F	0.342	80.956	
4	154.5, F	0.381	80.998	
4	6.5, F	0.507	81.039	
4	155.7, F	0.388	81.081	
4	8.4, F	0.456	81.123	
4	160.9, F	0.571	81.164	
4	287.9, F	0.806	81.206	
4	157.5, F	0.555	81.248	
4	16.8, F	0.411	81.290	
4	10.9, F	0.323	81.331	
4	168.8, F	0.516	81.373	
4	339.6, F	0.301	81.415	
4	184.0, F	0.411	81.456	
4	345.1, F	0.385	81.498	
4	197.3, F	0.434	81.540	
4	334.1, F	0.375	81.581	
4	337.5, F	0.355	81.623	
4	190.0, F	0.385	81.665	
4	329.4, F	0.369	81.707	
4	118.7, F	0.798	81.748	
4	334.7, F	0.403	81.790	
4	187.1, F	0.45	81.832	
4	332.9, F	0.643	81.873	
4	200.6, F	0.327	81.915	
4	333.4, F	0.59	81.957	
4	104.3, F	0.827	81.999	
4	255.8, F	0.138	82.040	
4	292.9, F	0.149	82.082	
4	None	0	82.124	0.04100000000001103
4	316.4, F	0.226	82.165	
4	303.9, F	0.298	82.207	
4	62.3, F	0.853	82.249	
4	208.0, F	0.642	82.291	
4	322.2, F	0.558	82.332	
4	125.9, F	0.503	82.374	
4	330.3, F	0.556	82.416	
4	228.6, F	0.558	82.457	
4	47.1, F	1.25	82.499	
4	255.3, F	0.468	82.541	
4	266.7, F	0.441	82.582	
4	71.6, F	0.57	82.624	
4	276.6, F	0.452	82.666	
4	70.0, F	0.456	82.708	
4	281.6, F	0.408	82.749	
4	134.5, F	0.625	82.791	
4	274.9, F	0.49	82.833	
4	68.6, F	0.381	82.874	
4	275.9, F	0.533	82.916	
4	55.1, F	0.292	82.958	
4	28.7, F	0.141	83.000	
4	177.1, F	0.508	83.041	
4	283.8, F	0.101	83.083	
4	298.6, F	0.123	83.125	
4	293.2, F	0.137	83.166	
4	284.4, F	0.136	83.208	
4	272.6, F	0.174	83.250	
4	278.6, F	0.241	83.292	
4	283.6, F	0.183	83.333	
4	88.1, F	0.456	83.375	
4	282.8, F	0.235	83.417	
4	301.5, F	0.215	83.458	
4	129.9, F	0.648	83.500	
4	300.8, F	0.285	83.542	
4	327.0, F	0.296	83.584	
4	198.5, F	0.393	83.625	
4	59.6, F	0.612	83.667	
4	339.5, F	0.425	83.709	
4	211.6, F	0.351	83.750	
4	F	0.334	83.792	
4	56.9, F	0.658	83.834	
4	214.3, F	0.386	83.875	
4	340.0, F	0.43	83.917	
4	217.7, F	0.388	83.959	
4	55.1, F	0.659	84.001	
4	217.5, F	0.411	84.042	
4	335.6, F	0.363	84.084	
4	210.9, F	0.44	84.126	
4	62.3, F	0.637	84.167	
4	212.6, F	0.518	84.209	
4	332.5, F	0.345	84.251	
4	124.5, F	0.631	84.293	
4	331.3, F	0.335	84.334	
4	208.8, F	0.548	84.376	
4	57.1, F	0.765	84.418	
4	348.1, F	0.359	84.459	
4	202.6, F	0.469	84.501	
4	3.2, F	0.375	84.543	
4	190.7, F	0.371	84.584	
4	17.3, F	0.555	84.626	
4	165.8, F	0.302	84.668	
4	149.3, F	0.382	84.710	
4	43.2, F	0.625	84.751	
4	228.0, F	0.577	84.793	
4	39.9, F	0.78	84.835	
4	217.2, F	0.541	84.876	
4	116.9, F	0.606	84.918	
4	345.2, F	0.392	84.960	
4	193.7, F	0.36	85.002	
4	23.4, F	0.514	85.043	
4	150.7, F	0.325	85.085	
4	19.7, F	0.581	85.127	
4	145.9, F	0.289	85.168	
4	244.7, F	0.997	85.210	
4	10.9, F	0.444	85.252	
4	181.7, F	0.205	85.294	
4	175.3, F	0.158	85.335	
4	13.2, F	0.454	85.377	
4	158.2, F	0.315	85.419	
4	148.2, F	0.34	85.460	
4	43.0, F	0.456	85.502	
4	141.1, F	0.536	85.544	
4	291.9, F	0.402	85.585	
4	71.1, F	0.549	85.627	
4	205.8, F	0.775	85.669	
4	243.6, F	0.295	85.711	
4	105.5, F	0.612	85.752	
4	213.5, F	0.281	85.794	
4	354.1, F	0.827	85.836	
4	183.2, F	0.321	85.877	
4	176.3, F	0.372	85.919	
4	12.5, F	0.745	85.961	
4	173.7, F	0.422	86.003	
4	177.4, F	0.329	86.044	
4	7.3, F	0.711	86.086	
4	178.9, F	0.424	86.128	
4	173.5, F	0.326	86.169	
4	3.6, F	0.912	86.211	
4	190.8, F	0.262	86.253	
4	194.0, F	0.26	86.295	
4	196.2, F	0.248	86.336	
4	180.0, F	0.141	86.378	
4	0.9, F	0.927	86.420	
4	154.5, F	0.095	86.461	
4	None	0	86.503	
4	None	0	86.545	0.08400000000000318
4	73.8, F	0.107	86.587	
4	None	0	86.628	
4	None	0	86.670	0.08400000000000318
4	176.7, F	0.189	86.712	
4	201.8, F	0.151	86.753	
4	208.6, F	0.253	86.795	
4	226.6, F	0.259	86.837	
4	232.2, F	0.277	86.878	
4	341.7, F	0.835	86.920	
4	110.8, F	0.649	86.962	
4	213.6, F	0.25	87.004	
4	188.8, F	0.189	87.045	
4	165.6, F	0.204	87.087	
4	358.9, F	0.849	87.129	
4	145.8, F	0.292	87.170	
4	148.1, F	0.354	87.212	
4	143.2, F	0.341	87.254	
4	152.4, F	0.363	87.296	
4	312.8, F	0.923	87.337	
4	142.0, F	0.432	87.379	
4	19.6, F	0.709	87.421	
4	142.5, F	0.437	87.462	
4	236.3, F	0.565	87.504	
4	29.3, F	0.635	87.546	
4	224.8, F	0.634	87.587	
4	148.5, F	0.578	87.629	
4	30.1, F	0.644	87.671	
4	222.0, F	0.604	87.713	
4	32.9, F	0.636	87.754	
4	222.6, F	0.595	87.796	
4	34.9, F	0.679	87.838	
4	221.2, F	0.585	87.879	
4	33.1, F	0.671	87.921	
4	215.8, F	0.603	87.963	
4	36.3, F	0.619	88.005	
4	220.2, F	0.536	88.046	
4	135.7, F	0.586	88.088	
4	330.7, F	0.711	88.130	
4	137.0, F	0.582	88.171	
4	327.8, F	0.692	88.213	
4	138.3, F	0.599	88.255	
4	325.0, F	0.727	88.297	
4	135.6, F	0.52	88.338	
4	222.0, F	0.566	88.380	
4	24.9, F	0.777	88.422	
4	225.6, F	0.639	88.463	
4	144.0, F	0.478	88.505	
4	316.9, F	0.798	88.547	
4	148.3, F	0.469	88.588	
4	18.8, F	0.806	88.630	
4	140.3, F	0.393	88.672	
4	240.9, F	0.624	88.714	
4	19.0, F	0.929	88.755	
4	119.6, F	0.342	88.797	
4	241.6, F	0.573	88.839	
4	121.5, F	0.31	88.880	
4	248.7, F	0.639	88.922	
4	124.7, F	0.274	88.964	
4	11.9, F	0.93	89.006	
4	148.5, F	0.345	89.047	
4	243.9, F	0.678	89.089	
4	149.9, F	0.359	89.131	
4	13.9, F	0.773	89.172	
4	161.1, F	0.374	89.214	
4	160.8, F	0.382	89.256	
4	307.1, F	1.029	89.298	
4	173.2, F	0.378	89.339	
4	184.2, F	0.491	89.381	
4	359.0, F	0.617	89.423	
4	182.3, F	0.47	89.464	
4	355.1, F	0.566	89.506	
4	190.5, F	0.546	89.548	
4	348.0, F	0.452	89.590	
4	129.6, F	0.971	89.631	
4	338.8, F	0.39	89.673	
4	199.6, F	0.935	89.715	
4	304.5, F	0.348	89.756	
4	73.6, F	0.539	89.798	
4	271.4, F	0.37	89.840	
4	254.5, F	0.371	89.881	
4	103.4, F	0.437	89.923	
4	242.8, F	0.593	89.965	
4	124.6, F	0.472	90.007	
4	314.7, F	0.606	90.048	
4	128.6, F	0.536	90.090	
4	289.1, F	0.531	90.132	
4	148.1, F	0.651	90.173	
4	98.5, F	0.285	90.215	
4	253.4, F	0.483	90.257	
4	97.6, F	0.354	90.299	
4	250.4, F	0.495	90.340	
4	115.0, F	0.469	90.382	
4	331.7, F	0.87	90.424	
4	133.2, F	0.542	90.465	
4	134.0, F	0.552	90.507	
4	325.7, F	0.75	90.549	
4	132.7, F	0.6	90.590	
4	224.7, F	0.585	90.632	
4	33.1, F	0.751	90.674	
4	205.9, F	0.682	90.716	
4	330.5, F	0.524	90.757	
4	139.0, F	0.883	90.799	
4	328.6, F	0.46	90.841	
4	317.4, F	0.39	90.882	
4	149.6, F	0.896	90.924	
4	316.0, F	0.446	90.966	
4	306.7, F	0.387	91.008	
4	85.6, F	0.388	91.049	
4	203.6, F	1.106	91.091	
4	27.2, F	1.031	91.133	
4	262.1, F	0.54	91.174	
4	101.6, F	0.298	91.216	
4	120.6, F	0.302	91.258	
4	258.0, F	0.588	91.300	
4	122.9, F	0.337	91.341	
4	126.6, F	0.467	91.383	
4	247.4, F	0.506	91.425	
4	38.9, F	0.624	91.466	
4	228.0, F	0.491	91.508	
4	59.2, F	0.607	91.550	
4	201.8, F	0.491	91.591	
4	299.6, F	0.144	91.633	
4	None	0	91.675	
4	None	0	91.717	0.08299999999999841
4	109.0, F	0.095	91.758	
4	None	0	91.800	0.04200000000000159
4	82.5, F	0.137	91.842	
4	87.5, F	0.205	91.883	
4	92.6, F	0.199	91.925	
4	80.7, F	0.353	91.967	
4	212.9, F	0.771	92.009	
4	60.3, F	0.434	92.050	
4	296.0, F	0.437	92.092	
4	58.7, F	0.51	92.134	
4	220.8, F	0.62	92.175	
4	47.8, F	0.588	92.217	
4	325.9, F	0.562	92.259	
4	103.1, F	0.387	92.301	
4	255.4, F	0.286	92.342	
4	79.4, F	0.516	92.384	
4	299.7, F	0.214	92.426	
4	313.5, F	0.167	92.467	
4	318.4, F	0.226	92.509	
4	334.3, F	0.434	92.551	
4	130.1, F	0.867	92.593	
4	342.3, F	0.534	92.634	
4	195.5, F	0.509	92.676	
4	351.6, F	0.763	92.718	
4	194.5, F	0.352	92.759	
4	188.1, F	0.361	92.801	
4	41.2, F	1.06	92.843	
4	186.3, F	0.517	92.884	
4	350.9, F	0.7	92.926	
4	191.7, F	0.385	92.968	
4	218.0, F	0.32	93.010	
4	217.6, F	0.29	93.051	
4	341.2, F	0.967	93.093	
4	99.4, F	0.55	93.135	
4	261.6, F	0.293	93.176	
4	74.4, F	0.361	93.218	
4	272.7, F	0.422	93.260	
4	82.1, F	0.336	93.302	
4	252.5, F	0.352	93.343	
4	52.3, F	0.587	93.385	
4	214.4, F	0.548	93.427	
4	311.0, F	0.352	93.468	
4	47.0, F	0.716	93.510	
4	238.5, F	0.303	93.552	
4	258.1, F	0.248	93.593	
4	82.8, F	0.58	93.635	
4	306.8, F	0.144	93.677	
4	353.7, F	0.366	93.719	
4	359.2, F	0.441	93.760	
4	173.8, F	0.537	93.802	
4	2.7, F	0.489	93.844	
4	7.8, F	0.641	93.885	
4	157.3, F	0.349	93.927	
4	125.4, F	0.217	93.969	
4	70.7, F	0.263	94.011	
4	50.6, F	0.411	94.052	
4	317.3, F	0.367	94.094	
4	335.9, F	0.496	94.136	
4	107.8, F	0.774	94.177	
4	None	0	94.219	0.04200000000000159
4	10.0, F	0.935	94.261	
4	61.3, F	0.356	94.303	
4	195.1, F	0.817	94.344	
4	65.1, F	1.046	94.386	
4	10.1, F	0.422	94.428	
4	157.5, F	0.657	94.469	
4	324.1, F	0.484	94.511	
4	66.7, F	1.168	94.553	
4	164.6, F	0.672	94.594	
4	321.5, F	0.559	94.636	
4	123.7, F	0.924	94.678	
4	6.4, F	0.73	94.720	
4	146.1, F	0.418	94.761	
4	15.6, F	1.025	94.803	
4	214.1, F	0.455	94.845	
4	116.5, F	0.983	94.886	
4	163.6, F	0.462	94.928	
4	13.7, F	0.524	94.970	
4	155.4, F	0.65	95.012	
4	320.7, F	0.546	95.053	
4	138.2, F	0.949	95.095	
4	319.8, F	0.253	95.137	
4	335.6, F	0.281	95.178	
4	None	0	95.220	0.04200000000000159
4	112.3, F	0.137	95.262	
4	123.9, F	0.169	95.304	
4	61.1, F	0.252	95.345	
4	110.3, F	0.352	95.387	
4	256.6, F	0.492	95.429	
4	82.2, F	0.348	95.470	
4	280.2, F	0.599	95.512	
4	114.9, F	0.285	95.554	
4	114.8, F	0.162	95.596	
4	109.6, F	0.096	95.637	
4	None	0	95.679	0.04200000000000159
4	295.6, F	0.227	95.721	
4	289.1, F	0.424	95.762	
4	284.0, F	0.602	95.804	
4	51.1, F	0.194	95.846	
4	301.8, F	0.264	95.887	
4	203.2, F	0.987	95.929	
4	287.0, F	0.63	95.971	
4	9.4, F	0.232	96.013	
4	315.0, F	0.342	96.054	
4	307.2, F	0.409	96.096	
4	203.8, F	0.755	96.138	
4	49.9, F	0.416	96.179	
4	292.4, F	0.8	96.221	
4	12.2, F	0.288	96.263	
4	180.6, F	0.695	96.305	
4	329.5, F	0.317	96.346	
4	291.8, F	0.421	96.388	
4	56.1, F	0.401	96.430	
4	212.3, F	0.985	96.471	
4	32.2, F	0.371	96.513	
4	350.8, F	0.263	96.555	
4	344.8, F	0.306	96.596	
4	185.9, F	0.772	96.638	
4	337.0, F	0.238	96.680	
4	322.2, F	0.356	96.722	
