2	None	0	0.042	
2	None	0	0.083	0.08299999999999999
2	38.6, F	0.127	0.125	
2	12.5, F	0.166	0.167	
2	2.2, F	0.234	0.209	
2	171.8, F	0.413	0.250	
2	338.4, F	0.334	0.292	
2	340.8, F	0.291	0.334	
2	191.5, F	0.437	0.375	
2	68.0, F	0.663	0.417	
2	207.6, F	0.411	0.459	
2	317.2, F	0.444	0.500	
2	308.3, F	0.473	0.542	
2	125.1, F	0.6	0.584	
2	306.5, F	0.62	0.626	
2	125.1, F	0.397	0.667	
2	251.0, F	0.581	0.709	
2	30.8, F	0.573	0.751	
2	126.0, F	0.486	0.792	
2	249.3, F	0.751	0.834	
2	9.4, F	0.399	0.876	
2	172.8, F	0.389	0.918	
2	1.7, F	0.436	0.959	
2	119.5, F	0.215	1.001	
2	326.3, F	0.685	1.043	
2	240.9, F	0.484	1.084	
2	144.8, F	0.493	1.126	
2	288.5, F	0.179	1.168	
2	21.7, F	0.57	1.210	
2	258.1, F	0.299	1.251	
2	271.0, F	0.28	1.293	
2	91.1, F	0.591	1.335	
2	271.1, F	0.32	1.376	
2	274.9, F	0.268	1.418	
2	85.6, F	0.616	1.460	
2	268.1, F	0.269	1.502	
2	295.3, F	0.234	1.543	
2	86.8, F	0.618	1.585	
2	335.2, F	0.227	1.627	
2	196.6, F	0.865	1.668	
2	331.1, F	0.375	1.710	
2	58.9, F	0.869	1.752	
2	344.1, F	0.41	1.793	
2	196.0, F	0.601	1.835	
2	345.6, F	0.366	1.877	
2	195.9, F	0.431	1.919	
2	345.8, F	0.478	1.960	
2	188.3, F	0.352	2.002	
2	348.8, F	0.676	2.044	
2	115.9, F	0.679	2.085	
2	209.3, F	0.259	2.127	
2	351.2, F	0.696	2.169	
2	217.5, F	0.178	2.211	
2	211.1, F	0.227	2.252	
2	219.6, F	0.166	2.294	
2	108.4, F	0.591	2.336	
2	285.9, F	0.116	2.377	
2	None	0	2.419	
2	None	0	2.461	0.08299999999999974
2	277.9, F	0.152	2.502	
2	304.9, F	0.226	2.544	
2	283.3, F	0.191	2.586	
2	78.6, F	0.542	2.628	
2	276.0, F	0.372	2.669	
2	303.1, F	0.395	2.711	
2	62.7, F	0.406	2.753	
2	295.2, F	0.338	2.794	
2	60.5, F	0.38	2.836	
2	218.6, F	0.63	2.878	
2	42.9, F	0.448	2.920	
2	42.4, F	0.493	2.961	
2	207.4, F	0.367	3.003	
2	218.7, F	0.233	3.045	
2	47.6, F	0.796	3.086	
2	216.1, F	0.141	3.128	
2	178.8, F	0.098	3.170	
2	None	0	3.212	0.040999999999999925
2	111.8, F	0.232	3.253	
2	127.8, F	0.295	3.295	
2	24.8, F	0.467	3.337	
2	251.7, F	0.586	3.378	
2	126.0, F	0.702	3.420	
2	300.9, F	0.861	3.462	
2	129.9, F	0.735	3.503	
2	41.6, F	0.542	3.545	
2	274.0, F	0.245	3.587	
2	301.6, F	0.339	3.629	
2	95.5, F	0.849	3.670	
2	341.3, F	0.289	3.712	
2	4.4, F	0.297	3.754	
2	35.0, F	0.474	3.795	
2	132.8, F	0.797	3.837	
2	339.3, F	1.054	3.879	
2	72.5, F	0.332	3.921	
2	0.9, F	0.331	3.962	
2	134.7, F	0.594	4.004	
2	10.6, F	0.401	4.046	
2	134.9, F	0.663	4.087	
2	17.4, F	1.061	4.129	
2	347.6, F	0.743	4.171	
2	131.6, F	0.713	4.213	
2	356.4, F	1.389	4.254	
2	141.4, F	0.871	4.296	
2	326.1, F	0.761	4.338	
2	350.3, F	0.458	4.379	
2	347.5, F	0.942	4.421	
2	139.4, F	1.184	4.463	
2	345.6, F	0.83	4.505	
2	190.4, F	0.365	4.546	
2	6.3, F	0.155	4.588	
2	14.5, F	0.39	4.630	
2	23.0, F	0.414	4.671	
2	45.0, F	0.767	4.713	
2	349.9, F	0.907	4.755	
2	81.8, F	1.173	4.796	
2	305.0, F	0.377	4.838	
2	61.0, F	1.166	4.880	
2	57.3, F	0.67	4.922	
2	343.4, F	0.671	4.963	
2	79.9, F	0.252	5.005	
2	8.5, F	1.278	5.047	
2	6.4, F	0.711	5.088	
2	105.9, F	0.16	5.130	
2	119.7, F	0.163	5.172	
2	311.3, F	0.447	5.214	
2	52.9, F	0.476	5.255	
2	328.6, F	0.647	5.297	
2	67.3, F	0.303	5.339	
2	334.5, F	0.513	5.380	
2	105.2, F	0.688	5.422	
2	0.6, F	1.399	5.464	
2	142.5, F	0.173	5.505	
2	11.8, F	0.455	5.547	
2	F	0.712	5.589	
2	8.5, F	0.236	5.631	
2	11.1, F	0.498	5.672	
2	11.5, F	1.438	5.714	
2	268.4, F	0.669	5.756	
2	45.8, F	0.374	5.797	
2	31.0, F	0.442	5.839	
2	325.4, F	1.028	5.881	
2	67.6, F	0.326	5.923	
2	29.7, F	0.454	5.964	
2	135.9, F	0.354	6.006	
2	312.4, F	0.371	6.048	
2	69.5, F	1.279	6.089	
2	320.4, F	0.886	6.131	
2	358.7, F	0.524	6.173	
2	114.6, F	0.484	6.215	
2	355.8, F	1.154	6.256	
2	82.2, F	1.076	6.298	
2	267.3, F	0.512	6.340	
2	65.0, F	1.27	6.381	
2	6.2, F	0.681	6.423	
2	124.4, F	0.441	6.465	
2	352.6, F	0.218	6.506	
2	17.0, F	0.669	6.548	
2	20.2, F	0.803	6.590	
2	64.9, F	0.379	6.632	
2	52.3, F	0.69	6.673	
2	250.7, F	0.46	6.715	
2	76.0, F	0.822	6.757	
2	331.0, F	0.483	6.798	
2	352.1, F	0.741	6.840	
2	11.1, F	0.715	6.882	
2	100.1, F	0.166	6.924	
2	69.2, F	0.394	6.965	
2	320.2, F	0.541	7.007	
2	24.5, F	1.362	7.049	
2	345.1, F	0.838	7.090	
2	21.2, F	0.119	7.132	
2	10.3, F	0.64	7.174	
2	49.8, F	0.52	7.216	
2	43.2, F	0.637	7.257	
2	221.0, F	0.191	7.299	
2	76.8, F	1.142	7.341	
2	326.9, F	0.577	7.382	
2	33.4, F	1.183	7.424	
2	340.0, F	0.425	7.466	
2	160.9, F	0.202	7.507	
2	63.9, F	0.468	7.549	
2	51.6, F	0.752	7.591	
2	340.3, F	0.947	7.633	
2	341.4, F	0.418	7.674	
2	88.5, F	1.263	7.716	
2	292.8, F	0.703	7.758	
2	25.4, F	0.444	7.799	
2	27.3, F	0.598	7.841	
2	57.3, F	0.459	7.883	
2	351.1, F	0.989	7.925	
2	171.6, F	0.157	7.966	
2	89.1, F	0.197	8.008	
2	22.9, F	0.862	8.050	
2	80.9, F	0.372	8.091	
2	322.5, F	0.643	8.133	
2	39.8, F	0.841	8.175	
2	342.5, F	0.534	8.217	
2	352.2, F	0.592	8.258	
2	13.9, F	0.898	8.300	
2	42.4, F	0.573	8.342	
2	7.4, F	1.632	8.383	
2	81.9, F	0.271	8.425	
2	294.9, F	0.782	8.467	
2	33.9, F	0.428	8.508	
2	120.1, F	0.323	8.550	
2	15.7, F	0.923	8.592	
2	256.9, F	0.541	8.634	
2	67.6, F	0.361	8.675	
2	331.1, F	0.372	8.717	
2	141.5, F	0.834	8.759	
2	359.5, F	0.471	8.800	
2	13.4, F	0.271	8.842	
2	174.3, F	0.283	8.884	
2	13.3, F	0.605	8.926	
2	126.5, F	0.195	8.967	
2	119.6, F	0.257	9.009	
2	130.4, F	0.184	9.051	
2	249.7, F	1.33	9.092	
2	75.6, F	0.584	9.134	
2	306.3, F	0.265	9.176	
2	204.4, F	1.02	9.218	
2	104.8, F	0.172	9.259	
2	88.5, F	0.151	9.301	
2	262.6, F	0.722	9.343	
2	340.8, F	0.941	9.384	
2	239.6, F	0.208	9.426	
2	111.2, F	0.581	9.468	
2	239.0, F	0.349	9.509	
2	255.3, F	0.515	9.551	
2	122.6, F	0.295	9.593	
2	134.8, F	0.179	9.635	
2	308.9, F	0.918	9.676	
2	154.7, F	0.475	9.718	
2	153.2, F	0.368	9.760	
2	14.8, F	0.587	9.801	
2	149.4, F	0.31	9.843	
2	137.3, F	0.416	9.885	
2	316.9, F	0.961	9.927	
2	134.7, F	0.494	9.968	
2	136.0, F	0.514	10.010	
2	88.5, F	19.162	10.052	
2	170.7, F	0.887	10.093	
2	71.0, F	1.321	10.135	
2	159.5, F	1.502	10.177	
2	224.6, F	0.792	10.219	
2	9.9, F	0.77	10.260	
2	112.9, F	0.283	10.302	
2	144.9, F	2.578	10.344	
2	207.5, F	1.088	10.385	
2	144.0, F	2.575	10.427	
2	288.4, F	0.177	10.469	
2	148.9, F	3.127	10.511	
2	127.1, F	0.772	10.552	
2	142.7, F	1.858	10.594	
2	144.9, F	0.506	10.636	
2	158.4, F	1.59	10.677	
2	92.8, F	0.646	10.719	
2	220.5, F	0.964	10.761	
2	146.7, F	1.97	10.802	
2	170.5, F	0.533	10.844	
2	148.3, F	1.629	10.886	
2	158.2, F	1.389	10.928	
2	193.6, F	1.561	10.969	
2	90.0, F	1.71	11.011	
2	167.2, F	1.531	11.053	
2	248.5, F	0.978	11.094	
2	110.2, F	1.568	11.136	
2	192.8, F	1.928	11.178	
2	85.7, F	1.518	11.220	
2	182.7, F	1.621	11.261	
2	208.7, F	1.101	11.303	
2	94.9, F	1.323	11.345	
2	180.2, F	1.918	11.386	
2	71.8, F	0.377	11.428	
2	152.1, F	2.104	11.470	
2	36.8, F	0.628	11.511	
2	179.6, F	1.959	11.553	
2	152.9, F	1.047	11.595	
2	124.8, F	0.92	11.637	
2	157.8, F	1.185	11.678	
2	100.8, F	0.818	11.720	
2	160.0, F	0.707	11.762	
2	166.2, F	1.448	11.803	
2	354.7, F	0.227	11.845	
2	128.8, F	1.036	11.887	
2	149.3, F	1.557	11.929	
2	154.2, F	0.133	11.970	
2	149.9, F	0.827	12.012	
2	165.3, F	1.787	12.054	
2	115.1, F	0.883	12.095	
2	174.6, F	1.592	12.137	
2	71.5, F	0.425	12.179	
2	135.3, F	0.771	12.221	
2	151.3, F	1.6	12.262	
2	138.9, F	0.502	12.304	
2	118.5, F	0.715	12.346	
2	137.7, F	0.983	12.387	
2	168.7, F	1.217	12.429	
2	201.7, F	1.023	12.471	
2	112.9, F	0.79	12.512	
2	166.9, F	1.161	12.554	
2	163.6, F	0.738	12.596	
2	268.8, F	0.247	12.638	
2	140.8, F	0.582	12.679	
2	171.3, F	1.779	12.721	
2	103.7, F	0.313	12.763	
2	157.0, F	0.826	12.804	
2	199.8, F	1.064	12.846	
2	122.0, F	1.212	12.888	
2	170.3, F	1.453	12.930	
2	115.3, F	0.229	12.971	
2	213.3, F	0.578	13.013	
2	160.3, F	1.602	13.055	
2	13.9, F	0.278	13.096	
2	91.0, F	0.221	13.138	
2	137.1, F	0.419	13.180	
2	147.6, F	0.865	13.222	
2	258.1, F	0.441	13.263	
2	125.8, F	0.729	13.305	
2	200.3, F	0.737	13.347	
2	179.8, F	0.884	13.388	
2	138.3, F	0.43	13.430	
2	163.9, F	1.004	13.472	
2	117.9, F	0.894	13.513	
2	167.2, F	1.858	13.555	
2	189.3, F	0.723	13.597	
2	100.7, F	0.761	13.639	
2	169.7, F	0.657	13.680	
2	104.2, F	0.466	13.722	
2	222.9, F	0.382	13.764	
2	200.6, F	0.332	13.805	
2	148.0, F	1.002	13.847	
2	None	0	13.889	0.041999999999999815
2	164.4, F	0.443	13.931	
2	55.9, F	0.287	13.972	
2	85.5, F	0.295	14.014	
2	226.3, F	0.885	14.056	
2	137.8, F	0.362	14.097	
2	182.4, F	0.264	14.139	
2	103.5, F	0.141	14.181	
2	190.4, F	0.992	14.223	
2	29.0, F	0.456	14.264	
2	184.6, F	1.355	14.306	
2	7.6, F	0.324	14.348	
2	2.1, F	1.105	14.389	
2	189.3, F	8.301	14.431	
2	194.0, F	0.604	14.473	
2	223.9, F	0.231	14.514	
2	196.6, F	1.143	14.556	
2	141.0, F	0.919	14.598	
2	258.2, F	0.259	14.640	
2	202.2, F	0.71	14.681	
2	152.0, F	1.766	14.723	
2	None	0	14.765	0.04099999999999859
2	145.3, F	0.476	14.806	
2	215.4, F	1.279	14.848	
2	171.4, F	1.204	14.890	
2	33.1, F	0.611	14.932	
2	170.9, F	0.915	14.973	
2	193.8, F	0.525	15.015	
2	229.0, F	1.44	15.057	
2	112.2, F	0.294	15.098	
2	208.9, F	1.441	15.140	
2	250.6, F	0.219	15.182	
2	224.4, F	0.259	15.224	
2	214.0, F	0.87	15.265	
2	99.7, F	0.458	15.307	
2	346.5, F	0.283	15.349	
2	175.1, F	1.51	15.390	
2	287.0, F	1.088	15.432	
2	53.4, F	0.893	15.474	
2	182.8, F	0.87	15.515	
2	230.6, F	0.389	15.557	
2	223.9, F	0.683	15.599	
2	113.0, F	2.262	15.641	
2	305.0, F	0.431	15.682	
2	52.9, F	1.137	15.724	
2	192.1, F	0.401	15.766	
2	190.9, F	0.438	15.807	
2	270.0, F	0.685	15.849	
2	168.7, F	1.086	15.891	
2	238.5, F	1.434	15.933	
2	299.5, F	0.167	15.974	
2	178.3, F	0.798	16.016	
2	193.9, F	0.436	16.058	
2	70.8, F	0.722	16.099	
2	240.6, F	1.287	16.141	
2	31.0, F	1.287	16.183	
2	140.2, F	0.709	16.225	
2	210.1, F	0.557	16.266	
2	197.3, F	0.601	16.308	
2	317.9, F	0.372	16.350	
2	74.3, F	1.121	16.391	
2	315.2, F	0.233	16.433	
2	188.4, F	1.0	16.475	
2	288.4, F	0.152	16.517	
2	70.1, F	0.215	16.558	
2	174.3, F	0.42	16.600	
2	63.3, F	1.028	16.642	
2	16.4, F	0.827	16.683	
2	193.1, F	0.571	16.725	
2	229.3, F	1.608	16.767	
2	41.8, F	0.36	16.808	
2	None	0	16.850	
2	None	0	16.892	0.08399999999999963
2	194.4, F	0.31	16.934	
2	117.6, F	0.144	16.975	
2	124.5, F	0.186	17.017	
2	113.3, F	0.346	17.059	
2	324.9, F	0.874	17.100	
2	110.8, F	0.606	17.142	
2	226.2, F	0.455	17.184	
2	119.8, F	1.017	17.226	
2	350.4, F	0.661	17.267	
2	186.9, F	0.391	17.309	
2	7.5, F	0.501	17.351	
2	164.5, F	0.468	17.392	
2	34.7, F	0.411	17.434	
2	155.1, F	0.522	17.476	
2	304.3, F	0.679	17.517	
2	131.4, F	0.626	17.559	
2	315.7, F	0.488	17.601	
2	130.2, F	0.988	17.643	
2	318.3, F	0.329	17.684	
2	330.8, F	0.172	17.726	
2	332.6, F	0.176	17.768	
2	185.8, F	0.889	17.809	
2	80.5, F	0.831	17.851	
2	None	0	17.893	0.04199999999999804
2	190.2, F	0.181	17.935	
2	195.3, F	0.151	17.976	
2	181.5, F	0.26	18.018	
2	355.7, F	0.373	18.060	
2	173.0, F	0.56	18.101	
2	14.8, F	0.31	18.143	
2	26.4, F	0.243	18.185	
2	173.4, F	0.857	18.227	
2	25.7, F	0.341	18.268	
2	287.9, F	0.674	18.310	
2	45.7, F	0.511	18.352	
2	113.3, F	0.607	18.393	
2	345.8, F	0.949	18.435	
2	234.6, F	0.19	18.477	
2	None	0	18.518	0.04199999999999804
2	142.1, F	0.114	18.560	
2	135.9, F	0.181	18.602	
2	142.7, F	0.233	18.644	
2	123.2, F	0.214	18.685	
2	124.5, F	0.229	18.727	
2	120.1, F	0.272	18.769	
2	23.5, F	0.773	18.810	
2	250.8, F	0.69	18.852	
2	77.4, F	0.589	18.894	
2	287.7, F	0.262	18.936	
2	78.8, F	0.683	18.977	
2	310.2, F	0.16	19.019	
2	None	0	19.061	0.04100000000000037
2	82.6, F	0.109	19.102	
2	97.1, F	0.193	19.144	
2	83.0, F	0.272	19.186	
2	290.3, F	0.573	19.228	
2	153.7, F	1.026	19.269	
2	301.2, F	0.482	19.311	
2	75.8, F	0.569	19.353	
2	322.1, F	0.469	19.394	
2	61.5, F	0.76	19.436	
2	195.6, F	0.578	19.478	
2	330.5, F	0.455	19.520	
2	190.0, F	0.356	19.561	
2	357.1, F	0.643	19.603	
2	176.5, F	0.264	19.645	
2	175.1, F	0.221	19.686	
2	6.0, F	0.827	19.728	
2	147.3, F	0.122	19.770	
2	144.8, F	0.146	19.811	
2	103.4, F	0.138	19.853	
2	93.0, F	0.153	19.895	
2	100.2, F	0.152	19.937	
2	77.7, F	0.226	19.978	
2	135.3, F	18.189	20.020	
2	97.8, F	0.259	20.062	
2	162.9, F	0.34	20.103	
2	350.9, F	0.264	20.145	
2	287.5, F	0.179	20.187	
2	None	0	20.229	0.04100000000000037
2	186.0, F	1.162	20.270	
2	7.5, F	1.042	20.312	
2	19.8, F	0.821	20.354	
2	69.2, F	0.242	20.395	
2	213.4, F	0.663	20.437	
2	174.6, F	0.307	20.479	
2	14.8, F	0.322	20.520	
2	194.4, F	1.088	20.562	
2	223.7, F	0.19	20.604	
2	339.0, F	0.527	20.646	
2	112.3, F	0.401	20.687	
2	86.4, F	0.484	20.729	
2	263.1, F	0.125	20.771	
2	48.2, F	0.488	20.812	
2	292.8, F	0.302	20.854	
2	22.5, F	0.753	20.896	
2	307.5, F	0.21	20.938	
2	246.2, F	0.573	20.979	
2	132.8, F	0.357	21.021	
2	250.5, F	0.53	21.063	
2	100.0, F	0.346	21.104	
2	268.8, F	0.625	21.146	
2	95.3, F	0.42	21.188	
2	69.5, F	0.446	21.230	
2	275.4, F	0.487	21.271	
2	92.5, F	0.161	21.313	
2	352.9, F	0.735	21.355	
2	187.2, F	0.288	21.396	
2	189.6, F	0.257	21.438	
2	50.0, F	1.193	21.480	
2	193.8, F	0.239	21.521	
2	209.7, F	0.18	21.563	
2	96.5, F	27.298	21.605	
2	69.8, F	1.343	21.647	
2	101.8, F	0.988	21.688	
2	109.9, F	1.549	21.730	
2	255.0, F	0.209	21.772	
2	56.9, F	1.479	21.813	
2	171.2, F	1.021	21.855	
2	84.3, F	1.768	21.897	
2	104.6, F	1.211	21.939	
2	214.2, F	0.533	21.980	
2	85.5, F	0.781	22.022	
2	83.1, F	0.914	22.064	
2	96.0, F	1.532	22.105	
2	30.0, F	0.461	22.147	
2	210.9, F	0.671	22.189	
2	120.3, F	1.928	22.231	
2	67.4, F	0.747	22.272	
2	143.5, F	1.188	22.314	
2	132.5, F	0.646	22.356	
2	147.2, F	1.854	22.397	
2	150.8, F	1.853	22.439	
2	2.2, F	1.749	22.481	
2	111.8, F	0.89	22.523	
2	125.9, F	2.332	22.564	
2	133.9, F	0.407	22.606	
2	140.4, F	1.14	22.648	
2	125.4, F	0.102	22.689	
2	102.8, F	1.585	22.731	
2	None	0	22.773	0.04100000000000037
2	154.5, F	1.203	22.814	
2	62.1, F	1.618	22.856	
2	97.6, F	1.922	22.898	
2	128.8, F	0.723	22.940	
2	50.3, F	0.413	22.981	
2	118.8, F	1.233	23.023	
2	80.9, F	1.762	23.065	
2	144.6, F	0.207	23.106	
2	83.2, F	1.35	23.148	
2	246.2, F	0.28	23.190	
2	93.5, F	2.252	23.232	
2	150.9, F	0.479	23.273	
2	119.1, F	0.923	23.315	
2	129.0, F	0.753	23.357	
2	79.1, F	1.813	23.398	
2	47.1, F	0.438	23.440	
2	125.5, F	1.043	23.482	
2	57.0, F	1.164	23.523	
2	113.9, F	0.834	23.565	
2	104.3, F	0.733	23.607	
2	146.6, F	2.143	23.649	
2	84.1, F	1.045	23.690	
2	87.6, F	1.582	23.732	
2	156.2, F	0.28	23.774	
2	92.7, F	1.835	23.815	
2	115.7, F	0.415	23.857	
2	124.1, F	0.649	23.899	
2	73.0, F	1.299	23.941	
2	109.5, F	1.409	23.982	
2	7.9, F	0.565	24.024	
2	90.5, F	1.941	24.066	
2	86.1, F	0.545	24.107	
2	82.2, F	1.631	24.149	
2	47.1, F	0.323	24.191	
2	76.5, F	1.918	24.233	
2	98.1, F	1.089	24.274	
2	109.9, F	0.769	24.316	
2	33.9, F	0.922	24.358	
2	88.8, F	2.268	24.399	
2	46.7, F	0.354	24.441	
2	87.1, F	0.705	24.483	
2	124.0, F	0.792	24.524	
2	67.3, F	2.458	24.566	
2	137.1, F	0.137	24.608	
2	82.4, F	1.04	24.650	
2	80.6, F	0.897	24.691	
2	76.5, F	1.713	24.733	
2	100.3, F	1.754	24.775	
2	28.2, F	0.76	24.816	
2	84.1, F	1.412	24.858	
2	48.7, F	0.836	24.900	
2	88.8, F	1.632	24.942	
2	66.4, F	0.36	24.983	
2	53.2, F	0.687	25.025	
2	36.9, F	1.984	25.067	
2	69.5, F	0.653	25.108	
2	23.6, F	0.668	25.150	
2	62.3, F	1.358	25.192	
2	52.4, F	2.264	25.234	
2	89.1, F	0.428	25.275	
2	63.2, F	1.106	25.317	
2	34.4, F	1.176	25.359	
2	61.4, F	1.36	25.400	
2	79.8, F	0.755	25.442	
2	46.3, F	0.658	25.484	
2	52.8, F	1.446	25.525	
2	47.1, F	0.57	25.567	
2	93.9, F	1.306	25.609	
2	69.7, F	0.861	25.651	
2	49.4, F	1.014	25.692	
2	73.5, F	1.569	25.734	
2	55.6, F	1.771	25.776	
2	42.9, F	0.563	25.817	
2	54.5, F	1.568	25.859	
2	72.6, F	2.097	25.901	
2	75.6, F	0.814	25.943	
2	52.2, F	0.84	25.984	
2	87.0, F	0.417	26.026	
2	66.9, F	1.848	26.068	
2	24.7, F	1.182	26.109	
2	16.4, F	0.946	26.151	
2	40.4, F	1.113	26.193	
2	43.5, F	1.548	26.235	
2	43.6, F	1.309	26.276	
2	77.8, F	1.629	26.318	
2	65.4, F	0.374	26.360	
2	46.0, F	2.446	26.401	
2	60.7, F	0.546	26.443	
2	9.3, F	0.905	26.485	
2	62.9, F	0.996	26.526	
2	43.2, F	1.925	26.568	
2	99.0, F	1.037	26.610	
2	32.1, F	1.506	26.652	
2	121.6, F	0.336	26.693	
2	51.0, F	2.359	26.735	
2	73.5, F	0.587	26.777	
2	62.0, F	1.495	26.818	
2	19.1, F	0.254	26.860	
2	49.0, F	2.154	26.902	
2	21.1, F	0.934	26.944	
2	71.1, F	1.263	26.985	
2	77.1, F	0.867	27.027	
2	46.4, F	1.783	27.069	
2	49.9, F	1.283	27.110	
2	54.0, F	0.558	27.152	
2	24.6, F	0.57	27.194	
2	67.9, F	1.41	27.236	
2	30.3, F	1.555	27.277	
2	76.4, F	0.515	27.319	
2	74.6, F	1.196	27.361	
2	15.2, F	1.903	27.402	
2	77.1, F	1.31	27.444	
2	52.3, F	1.339	27.486	
2	42.3, F	0.762	27.527	
2	51.0, F	1.216	27.569	
2	19.0, F	1.606	27.611	
2	95.6, F	0.929	27.653	
2	68.4, F	0.671	27.694	
2	33.8, F	1.578	27.736	
2	29.0, F	0.983	27.778	
2	90.6, F	1.03	27.819	
2	53.2, F	1.13	27.861	
2	69.8, F	1.292	27.903	
2	30.5, F	1.464	27.945	
2	115.2, F	0.727	27.986	
2	17.2, F	1.164	28.028	
2	60.0, F	2.263	28.070	
2	118.4, F	0.587	28.111	
2	12.6, F	1.075	28.153	
2	61.4, F	1.085	28.195	
2	77.5, F	1.638	28.237	
2	59.2, F	1.301	28.278	
2	307.7, F	0.431	28.320	
2	61.5, F	1.465	28.362	
2	10.6, F	1.33	28.403	
2	57.8, F	1.194	28.445	
2	46.2, F	0.584	28.487	
2	56.9, F	1.514	28.528	
2	44.1, F	1.954	28.570	
2	356.0, F	0.984	28.612	
2	30.1, F	0.85	28.654	
2	89.7, F	1.026	28.695	
2	42.8, F	1.732	28.737	
2	30.6, F	1.366	28.779	
2	123.0, F	0.491	28.820	
2	0.1, F	1.001	28.862	
2	57.2, F	1.697	28.904	
2	57.5, F	1.168	28.946	
2	95.8, F	0.556	28.987	
2	95.0, F	1.295	29.029	
2	19.0, F	1.924	29.071	
2	90.1, F	1.324	29.112	
2	21.1, F	0.568	29.154	
2	28.9, F	1.484	29.196	
2	47.8, F	1.779	29.238	
2	98.8, F	0.925	29.279	
2	15.4, F	1.469	29.321	
2	97.9, F	1.287	29.363	
2	37.9, F	1.028	29.404	
2	43.4, F	1.523	29.446	
2	106.2, F	0.651	29.488	
2	3.9, F	1.284	29.529	
2	75.9, F	1.328	29.571	
2	25.0, F	1.684	29.613	
2	104.6, F	0.369	29.655	
2	25.4, F	2.079	29.696	
2	65.3, F	1.677	29.738	
2	354.0, F	0.523	29.780	
2	60.5, F	0.613	29.821	
2	57.6, F	1.473	29.863	
2	66.4, F	1.558	29.905	
2	355.4, F	1.428	29.947	
2	98.6, F	0.269	29.988	
2	72.1, F	1.039	30.030	
2	43.0, F	1.859	30.072	
2	59.6, F	1.278	30.113	
2	68.6, F	0.751	30.155	
2	38.5, F	0.938	30.197	
2	44.6, F	1.233	30.239	
2	81.2, F	0.676	30.280	
2	65.7, F	1.589	30.322	
2	45.6, F	0.192	30.364	
2	56.3, F	1.789	30.405	
2	58.9, F	1.339	30.447	
2	23.8, F	1.336	30.489	
2	125.6, F	0.204	30.530	
2	80.5, F	1.47	30.572	
2	358.6, F	0.954	30.614	
2	43.8, F	0.59	30.656	
2	22.3, F	1.458	30.697	
2	57.1, F	2.13	30.739	
2	89.1, F	0.464	30.781	
2	27.4, F	0.541	30.822	
2	22.9, F	1.167	30.864	
2	50.7, F	2.064	30.906	
2	114.7, F	0.192	30.948	
2	22.4, F	1.735	30.989	
2	93.9, F	0.266	31.031	
2	64.7, F	1.737	31.073	
2	26.2, F	0.397	31.114	
2	232.6, F	6.301	31.156	
2	48.2, F	1.341	31.198	
2	63.3, F	1.344	31.240	
2	90.1, F	0.814	31.281	
2	2.9, F	0.824	31.323	
2	113.0, F	0.628	31.365	
2	54.2, F	2.423	31.406	
2	81.3, F	0.95	31.448	
2	60.9, F	0.709	31.490	
2	0.3, F	1.21	31.531	
2	57.9, F	1.286	31.573	
2	102.7, F	0.723	31.615	
2	49.9, F	0.378	31.657	
2	69.0, F	0.834	31.698	
2	3.7, F	0.706	31.740	
2	39.7, F	0.968	31.782	
2	0.6, F	0.413	31.823	
2	12.2, F	0.763	31.865	
2	57.0, F	0.969	31.907	
2	None	0	31.949	0.04099999999999682
2	41.2, F	0.33	31.990	
2	39.9, F	0.772	32.032	
2	70.0, F	0.974	32.074	
2	0.6, F	0.807	32.115	
2	36.7, F	0.211	32.157	
2	37.6, F	0.446	32.199	
2	344.8, F	0.9	32.241	
2	94.3, F	0.871	32.282	
2	40.5, F	0.18	32.324	
2	33.3, F	0.364	32.366	
2	354.1, F	0.83	32.407	
2	91.1, F	0.862	32.449	
2	66.3, F	3.067	32.491	
2	92.8, F	0.124	32.532	
2	114.8, F	0.217	32.574	
2	15.0, F	0.803	32.616	
2	243.2, F	1.181	32.658	
2	78.9, F	0.76	32.699	
2	262.5, F	0.284	32.741	
2	90.6, F	0.684	32.783	
2	325.7, F	0.107	32.824	
2	228.8, F	1.198	32.866	
2	60.1, F	0.185	32.908	
2	80.1, F	0.163	32.950	
2	87.0, F	0.27	32.991	
2	108.2, F	0.199	33.033	
2	253.9, F	0.586	33.075	
2	103.2, F	0.506	33.116	
2	104.7, F	0.594	33.158	
2	226.6, F	0.33	33.200	
2	0.5, F	0.44	33.242	
2	188.4, F	0.582	33.283	
2	4.1, F	0.223	33.325	
2	169.7, F	0.8	33.367	
2	65.3, F	0.28	33.408	
2	93.6, F	0.316	33.450	
2	102.5, F	0.328	33.492	
2	246.0, F	0.539	33.533	
2	112.6, F	0.81	33.575	
2	349.8, F	0.73	33.617	
2	190.9, F	0.385	33.659	
2	155.0, F	0.322	33.700	
2	63.6, F	0.939	33.742	
2	205.9, F	0.417	33.784	
2	9.8, F	0.786	33.825	
2	98.4, F	0.348	33.867	
2	92.5, F	0.766	33.909	
2	12.4, F	0.237	33.951	
2	9.3, F	0.65	33.992	
2	113.5, F	0.397	34.034	
2	84.0, F	0.871	34.076	
2	12.7, F	0.291	34.117	
2	35.2, F	0.57	34.159	
2	240.0, F	0.461	34.201	
2	42.3, F	1.472	34.243	
2	30.8, F	0.228	34.284	
2	149.7, F	0.551	34.326	
2	328.2, F	0.768	34.368	
2	88.7, F	1.013	34.409	
2	62.1, F	0.216	34.451	
2	53.5, F	0.519	34.493	
2	310.8, F	0.364	34.535	
2	193.6, F	0.475	34.576	
2	57.7, F	1.239	34.618	
2	248.3, F	0.734	34.660	
2	32.8, F	0.906	34.701	
2	106.7, F	0.808	34.743	
2	191.1, F	0.156	34.785	
2	153.1, F	0.219	34.826	
2	97.8, F	0.421	34.868	
2	297.0, F	0.163	34.910	
2	86.0, F	0.993	34.952	
2	58.8, F	0.24	34.993	
2	290.6, F	0.404	35.035	
2	88.6, F	1.053	35.077	
2	95.4, F	0.354	35.118	
2	238.2, F	0.469	35.160	
2	110.6, F	0.963	35.202	
2	70.9, F	0.838	35.244	
2	176.4, F	0.693	35.285	
2	54.7, F	0.462	35.327	
2	85.0, F	0.696	35.369	
2	69.5, F	0.379	35.410	
2	93.1, F	0.75	35.452	
2	71.0, F	0.166	35.494	
2	91.0, F	0.697	35.535	
2	82.9, F	0.734	35.577	
2	155.0, F	0.601	35.619	
2	61.5, F	0.895	35.661	
2	6.9, F	0.766	35.702	
2	74.3, F	1.22	35.744	
2	45.7, F	1.037	35.786	
2	39.2, F	0.264	35.827	
2	48.3, F	0.853	35.869	
2	64.1, F	0.733	35.911	
2	59.3, F	1.524	35.953	
2	334.1, F	0.225	35.994	
2	37.6, F	0.749	36.036	
2	75.1, F	1.34	36.078	
2	49.4, F	1.104	36.119	
2	86.8, F	0.325	36.161	
2	84.2, F	0.811	36.203	
2	60.2, F	0.819	36.245	
2	10.6, F	0.646	36.286	
2	114.8, F	0.541	36.328	
2	None	0	36.370	0.04100000000000392
2	66.9, F	1.052	36.411	
2	34.1, F	0.649	36.453	
2	118.7, F	0.957	36.495	
2	25.2, F	0.821	36.536	
2	96.4, F	1.445	36.578	
2	None	0	36.620	0.04200000000000159
2	75.6, F	0.735	36.662	
2	88.3, F	1.195	36.703	
2	90.8, F	1.53	36.745	
2	59.7, F	0.273	36.787	
2	82.9, F	0.922	36.828	
2	78.7, F	0.57	36.870	
2	109.1, F	0.805	36.912	
2	54.7, F	1.725	36.954	
2	328.5, F	0.203	36.995	
2	57.9, F	0.751	37.037	
2	93.4, F	1.978	37.079	
2	87.7, F	0.515	37.120	
2	31.3, F	0.437	37.162	
2	52.8, F	1.089	37.204	
2	61.0, F	1.175	37.246	
2	41.5, F	1.092	37.287	
2	50.4, F	0.414	37.329	
2	52.5, F	1.061	37.371	
2	58.9, F	1.141	37.412	
2	88.8, F	0.575	37.454	
2	73.9, F	1.237	37.496	
2	338.7, F	0.545	37.538	
2	92.2, F	1.951	37.579	
2	21.1, F	1.076	37.621	
2	8.8, F	0.169	37.663	
2	122.4, F	0.78	37.704	
2	55.9, F	2.074	37.746	
2	34.2, F	0.534	37.788	
2	104.4, F	1.027	37.829	
2	91.3, F	0.71	37.871	
2	71.4, F	1.105	37.913	
2	54.5, F	1.031	37.955	
2	124.5, F	0.636	37.996	
2	13.8, F	0.867	38.038	
2	89.5, F	1.776	38.080	
2	61.0, F	0.509	38.121	
2	71.9, F	1.086	38.163	
2	116.5, F	0.765	38.205	
2	46.0, F	1.383	38.247	
2	93.7, F	0.694	38.288	
2	83.6, F	1.159	38.330	
2	315.9, F	0.401	38.372	
2	96.6, F	1.834	38.413	
2	21.2, F	1.223	38.455	
2	183.2, F	0.527	38.497	
2	27.9, F	0.96	38.538	
2	83.6, F	1.762	38.580	
2	23.8, F	0.764	38.622	
2	91.9, F	0.913	38.664	
2	57.5, F	0.474	38.705	
2	62.8, F	1.798	38.747	
2	77.8, F	0.146	38.789	
2	78.8, F	0.851	38.830	
2	48.5, F	0.47	38.872	
2	65.0, F	1.56	38.914	
2	104.2, F	0.142	38.956	
2	80.1, F	0.782	38.997	
2	72.2, F	0.235	39.039	
2	92.4, F	0.961	39.081	
2	95.2, F	0.552	39.122	
2	96.6, F	0.926	39.164	
2	110.8, F	0.565	39.206	
2	91.2, F	0.64	39.248	
2	79.7, F	1.297	39.289	
2	17.4, F	0.154	39.331	
2	84.1, F	0.661	39.373	
2	104.0, F	2.318	39.414	
2	236.4, F	0.312	39.456	
2	46.9, F	0.693	39.498	
2	138.7, F	0.232	39.539	
2	2.3, F	3.691	39.581	
2	29.9, F	1.154	39.623	
2	136.7, F	9.465	39.665	
2	104.0, F	4.033	39.706	
2	113.0, F	5.432	39.748	
2	65.7, F	8.008	39.790	
2	265.4, F	0.714	39.831	
2	117.8, F	2.929	39.873	
2	345.9, F	3.159	39.915	
2	141.4, F	2.078	39.957	
2	174.3, F	0.322	39.998	
2	88.0, F	0.98	40.040	
2	68.0, F	3.201	40.082	
2	46.3, F	1.342	40.123	
2	94.8, F	0.593	40.165	
2	100.3, F	0.953	40.207	
2	92.5, F	1.282	40.249	
2	60.8, F	0.221	40.290	
2	89.8, F	0.795	40.332	
2	86.9, F	1.733	40.374	
2	101.1, F	0.854	40.415	
2	118.2, F	0.305	40.457	
2	104.6, F	1.022	40.499	
2	129.0, F	0.532	40.541	
2	82.7, F	1.53	40.582	
2	173.9, F	0.133	40.624	
2	112.2, F	0.506	40.666	
2	120.0, F	1.139	40.707	
2	138.4, F	1.495	40.749	
2	240.1, F	0.662	40.791	
2	65.4, F	1.099	40.832	
2	159.8, F	0.966	40.874	
2	96.7, F	1.404	40.916	
2	17.6, F	1.009	40.958	
2	156.4, F	0.557	40.999	
2	110.0, F	1.089	41.041	
2	126.3, F	1.089	41.083	
2	83.8, F	0.404	41.124	
2	72.5, F	1.613	41.166	
2	177.3, F	0.519	41.208	
2	80.9, F	1.008	41.250	
2	278.2, F	10.846	41.291	
2	94.9, F	0.201	41.333	
2	92.7, F	0.887	41.375	
2	105.2, F	1.237	41.416	
2	101.7, F	0.832	41.458	
2	314.3, F	0.185	41.500	
2	150.5, F	1.109	41.541	
2	82.8, F	2.096	41.583	
2	193.3, F	0.937	41.625	
2	63.9, F	0.763	41.667	
2	183.4, F	0.301	41.708	
2	178.5, F	1.886	41.750	
2	78.2, F	1.108	41.792	
2	85.6, F	0.771	41.833	
2	194.5, F	0.734	41.875	
2	169.3, F	2.187	41.917	
2	95.2, F	1.207	41.959	
2	56.9, F	0.981	42.000	
2	173.4, F	0.948	42.042	
2	129.1, F	1.005	42.084	
2	264.8, F	6.503	42.125	
2	110.4, F	0.676	42.167	
2	171.9, F	0.687	42.209	
2	82.5, F	0.93	42.251	
2	90.2, F	0.635	42.292	
2	209.7, F	0.25	42.334	
2	92.7, F	1.728	42.376	
2	122.1, F	0.86	42.417	
2	34.4, F	0.142	42.459	
2	87.0, F	0.781	42.501	
2	140.1, F	0.439	42.542	
2	121.2, F	1.207	42.584	
2	105.0, F	0.673	42.626	
2	200.7, F	0.268	42.668	
2	155.9, F	0.458	42.709	
2	138.2, F	1.344	42.751	
2	166.3, F	0.578	42.793	
2	36.7, F	1.221	42.834	
2	184.7, F	0.615	42.876	
2	84.9, F	0.602	42.918	
2	133.1, F	1.072	42.960	
2	175.9, F	1.05	43.001	
2	90.5, F	0.733	43.043	
2	120.3, F	1.062	43.085	
2	186.1, F	1.374	43.126	
2	164.5, F	0.874	43.168	
2	186.4, F	0.189	43.210	
2	160.8, F	1.468	43.252	
2	99.7, F	0.843	43.293	
2	191.3, F	0.558	43.335	
2	165.1, F	1.186	43.377	
2	149.4, F	1.531	43.418	
2	313.5, F	0.105	43.460	
2	173.3, F	0.698	43.502	
2	157.0, F	0.926	43.544	
2	138.8, F	1.109	43.585	
2	195.2, F	0.386	43.627	
2	178.4, F	0.66	43.669	
2	91.2, F	0.233	43.710	
2	116.4, F	0.955	43.752	
2	127.1, F	0.227	43.794	
2	86.6, F	0.601	43.835	
2	212.9, F	0.699	43.877	
2	149.6, F	1.828	43.919	
2	24.7, F	0.409	43.961	
2	201.8, F	0.849	44.002	
2	174.5, F	0.969	44.044	
2	88.1, F	1.077	44.086	
2	164.9, F	0.479	44.127	
2	277.8, F	0.904	44.169	
2	126.3, F	0.368	44.211	
2	176.1, F	1.071	44.253	
2	164.5, F	0.508	44.294	
2	175.9, F	0.789	44.336	
2	166.9, F	0.221	44.378	
2	181.0, F	1.17	44.419	
2	184.8, F	0.639	44.461	
2	204.5, F	0.137	44.503	
2	202.4, F	0.594	44.544	
2	198.0, F	0.459	44.586	
2	195.3, F	0.896	44.628	
2	232.8, F	0.223	44.670	
2	122.8, F	0.789	44.711	
2	319.2, F	0.411	44.753	
2	198.3, F	0.742	44.795	
2	317.3, F	0.173	44.836	
2	98.7, F	0.91	44.878	
2	170.4, F	0.694	44.920	
2	27.4, F	0.211	44.962	
2	278.6, F	0.468	45.003	
2	147.5, F	1.346	45.045	
2	28.8, F	0.365	45.087	
2	152.5, F	0.955	45.128	
2	84.9, F	0.762	45.170	
2	126.1, F	0.2	45.212	
2	123.0, F	0.985	45.254	
2	58.3, F	0.156	45.295	
2	78.7, F	0.614	45.337	
2	142.3, F	0.188	45.379	
2	109.2, F	1.123	45.420	
2	166.2, F	0.661	45.462	
2	62.3, F	0.841	45.504	
2	170.9, F	0.941	45.545	
2	102.1, F	0.844	45.587	
2	175.9, F	0.297	45.629	
2	47.2, F	0.462	45.671	
2	131.0, F	1.229	45.712	
2	98.0, F	0.621	45.754	
2	218.4, F	0.153	45.796	
2	154.1, F	0.32	45.837	
2	40.6, F	0.708	45.879	
2	117.4, F	1.205	45.921	
2	52.1, F	0.502	45.963	
2	207.5, F	0.598	46.004	
2	6.0, F	0.2	46.046	
2	105.0, F	0.676	46.088	
2	103.0, F	0.886	46.129	
2	142.6, F	0.277	46.171	
2	126.8, F	0.663	46.213	
2	9.2, F	0.564	46.255	
2	140.6, F	0.978	46.296	
2	79.6, F	1.004	46.338	
2	55.9, F	0.489	46.380	
2	176.8, F	0.735	46.421	
2	39.4, F	0.492	46.463	
2	61.7, F	0.717	46.505	
2	197.5, F	0.46	46.547	
2	15.0, F	0.985	46.588	
2	73.0, F	0.517	46.630	
2	59.2, F	0.694	46.672	
2	208.2, F	0.311	46.713	
2	12.6, F	1.135	46.755	
2	33.4, F	1.116	46.797	
2	332.0, F	0.211	46.838	
2	17.2, F	0.396	46.880	
2	74.4, F	0.389	46.922	
2	80.4, F	0.461	46.964	
2	285.0, F	0.486	47.005	
2	82.2, F	0.635	47.047	
2	315.8, F	0.317	47.089	
2	325.6, F	0.373	47.130	
2	129.8, F	0.932	47.172	
2	328.5, F	0.48	47.214	
2	236.7, F	0.548	47.256	
2	34.3, F	0.789	47.297	
2	250.8, F	0.653	47.339	
2	115.8, F	0.377	47.381	
2	261.3, F	0.865	47.422	
2	6.3, F	0.796	47.464	
2	165.7, F	0.158	47.506	
2	171.2, F	0.131	47.547	
2	269.4, F	0.194	47.589	
2	241.9, F	0.212	47.631	
2	89.5, F	0.663	47.673	
2	272.5, F	0.385	47.714	
2	276.2, F	0.473	47.756	
2	81.7, F	0.424	47.798	
2	273.8, F	0.593	47.839	
2	77.9, F	0.249	47.881	
2	109.4, F	0.187	47.923	
2	144.6, F	0.174	47.965	
2	260.1, F	0.898	48.006	
2	145.8, F	0.158	48.048	
2	209.1, F	0.269	48.090	
2	347.3, F	0.766	48.131	
2	113.8, F	0.862	48.173	
2	225.7, F	0.327	48.215	
2	227.9, F	0.394	48.257	
2	336.3, F	0.716	48.298	
2	118.9, F	0.781	48.340	
2	221.0, F	0.453	48.382	
2	332.6, F	0.679	48.423	
2	216.0, F	0.456	48.465	
2	49.4, F	0.873	48.507	
2	217.7, F	0.499	48.548	
2	211.6, F	0.581	48.590	
2	62.8, F	0.871	48.632	
2	212.8, F	0.541	48.674	
2	330.2, F	0.588	48.715	
2	201.9, F	0.626	48.757	
2	69.8, F	0.697	48.799	
2	297.5, F	0.383	48.840	
2	317.4, F	0.423	48.882	
2	130.1, F	1.052	48.924	
2	327.9, F	0.345	48.966	
2	325.0, F	0.309	49.007	
2	194.5, F	0.748	49.049	
2	316.6, F	0.224	49.091	
2	88.0, F	0.818	49.132	
2	297.9, F	0.192	49.174	
2	272.6, F	0.176	49.216	
2	None	0	49.258	
2	None	0	49.299	0.08299999999999841
2	155.9, F	0.103	49.341	
2	150.6, F	0.126	49.383	
2	143.8, F	0.281	49.424	
2	157.1, F	0.301	49.466	
2	7.3, F	0.661	49.508	
2	159.6, F	0.507	49.550	
2	142.7, F	0.691	49.591	
2	307.1, F	0.685	49.633	
2	48.6, F	0.658	49.675	
2	217.6, F	0.828	49.716	
2	71.1, F	0.657	49.758	
2	293.8, F	0.347	49.800	
2	200.0, F	0.844	49.841	
2	85.1, F	0.697	49.883	
2	249.3, F	0.28	49.925	
2	246.2, F	0.27	49.967	
2	226.5, F	0.289	50.008	
2	48.9, F	1.044	50.050	
2	185.4, F	0.503	50.092	
2	194.8, F	0.497	50.133	
2	4.8, F	0.409	50.175	
2	170.1, F	0.585	50.217	
2	51.1, F	0.379	50.259	
2	60.4, F	0.438	50.300	
2	290.9, F	0.539	50.342	
2	149.8, F	1.142	50.384	
2	276.0, F	0.289	50.425	
2	252.6, F	0.264	50.467	
2	94.5, F	0.764	50.509	
2	345.1, F	0.853	50.550	
2	214.4, F	0.342	50.592	
2	217.0, F	0.342	50.634	
2	114.1, F	0.851	50.676	
2	356.0, F	0.484	50.717	
2	177.2, F	0.594	50.759	
2	7.0, F	0.426	50.801	
2	175.6, F	0.688	50.842	
2	14.2, F	0.367	50.884	
2	22.3, F	0.303	50.926	
2	171.4, F	0.795	50.968	
2	283.9, F	0.843	51.009	
2	41.4, F	0.271	51.051	
2	33.1, F	0.319	51.093	
2	166.2, F	0.818	51.134	
2	43.4, F	0.359	51.176	
2	287.0, F	0.784	51.218	
2	58.9, F	0.354	51.260	
2	57.5, F	0.359	51.301	
2	149.9, F	0.833	51.343	
2	295.8, F	0.623	51.385	
2	55.3, F	0.5	51.426	
2	303.9, F	0.626	51.468	
2	145.7, F	0.808	51.510	
2	306.4, F	0.645	51.551	
2	149.2, F	0.991	51.593	
2	288.0, F	0.49	51.635	
2	53.4, F	0.618	51.677	
2	284.5, F	0.497	51.718	
2	59.6, F	0.561	51.760	
2	208.3, F	0.974	51.802	
2	68.6, F	0.635	51.843	
2	308.3, F	0.442	51.885	
2	68.1, F	0.656	51.927	
2	300.7, F	0.423	51.969	
2	204.8, F	0.843	52.010	
2	71.8, F	0.688	52.052	
2	304.2, F	0.351	52.094	
2	302.4, F	0.321	52.135	
2	137.7, F	1.156	52.177	
2	295.5, F	0.214	52.219	
2	335.5, F	0.188	52.261	
2	341.4, F	0.216	52.302	
2	337.8, F	0.159	52.344	
2	334.0, F	0.174	52.386	
2	310.0, F	0.106	52.427	
2	183.8, F	0.899	52.469	
2	336.3, F	0.214	52.511	
2	313.1, F	0.17	52.552	
2	91.6, F	0.802	52.594	
2	261.2, F	0.19	52.636	
2	265.0, F	0.151	52.678	
2	263.7, F	0.147	52.719	
2	285.5, F	0.138	52.761	
2	257.5, F	0.166	52.803	
2	92.7, F	0.858	52.844	
2	251.8, F	0.144	52.886	
2	229.4, F	0.14	52.928	
2	241.4, F	0.125	52.970	
2	249.6, F	0.1	53.011	
2	234.3, F	0.206	53.053	
2	348.7, F	0.809	53.095	
2	100.6, F	0.814	53.136	
2	218.0, F	0.306	53.178	
2	220.2, F	0.335	53.220	
2	187.7, F	0.576	53.262	
2	337.2, F	0.357	53.303	
2	328.9, F	0.329	53.345	
2	194.7, F	0.707	53.387	
2	73.3, F	0.861	53.428	
2	307.6, F	0.246	53.470	
2	290.4, F	0.221	53.512	
2	261.9, F	0.207	53.553	
2	263.1, F	0.226	53.595	
2	95.8, F	0.77	53.637	
2	252.3, F	0.237	53.679	
2	235.5, F	0.354	53.720	
2	226.9, F	0.37	53.762	
2	121.7, F	0.724	53.804	
2	330.8, F	0.811	53.845	
2	224.3, F	0.544	53.887	
2	125.1, F	0.881	53.929	
2	329.7, F	0.556	53.971	
2	224.1, F	0.653	54.012	
2	34.1, F	0.854	54.054	
2	206.6, F	0.839	54.096	
2	64.0, F	0.662	54.137	
2	302.9, F	0.504	54.179	
2	140.6, F	0.893	54.221	
2	311.0, F	0.678	54.263	
2	46.7, F	0.588	54.304	
2	222.2, F	0.858	54.346	
2	50.9, F	0.554	54.388	
2	219.6, F	1.007	54.429	
2	60.9, F	0.357	54.471	
2	61.4, F	0.341	54.513	
2	283.5, F	0.73	54.554	
2	85.4, F	0.251	54.596	
2	93.8, F	0.195	54.638	
2	123.3, F	0.178	54.680	
2	265.8, F	0.864	54.721	
2	114.7, F	0.122	54.763	
2	149.8, F	0.149	54.805	
2	166.7, F	0.196	54.846	
2	168.3, F	0.162	54.888	
2	181.8, F	0.217	54.930	
2	358.7, F	0.697	54.972	
2	187.8, F	0.43	55.013	
2	191.8, F	0.353	55.055	
2	353.2, F	0.657	55.097	
2	199.8, F	0.372	55.138	
2	210.7, F	0.442	55.180	
2	56.2, F	0.885	55.222	
2	226.2, F	0.487	55.264	
2	334.5, F	0.767	55.305	
2	104.8, F	0.68	55.347	
2	233.7, F	0.436	55.389	
2	237.3, F	0.4	55.430	
2	39.4, F	1.066	55.472	
2	237.3, F	0.389	55.514	
2	235.2, F	0.352	55.555	
2	106.8, F	0.682	55.597	
2	242.5, F	0.411	55.639	
2	244.0, F	0.418	55.681	
2	37.4, F	0.99	55.722	
2	246.8, F	0.542	55.764	
2	F	0.553	55.806	
2	104.4, F	0.481	55.847	
2	107.6, F	0.454	55.889	
2	329.6, F	1.072	55.931	
2	99.0, F	0.404	55.973	
2	265.2, F	0.621	56.014	
2	103.6, F	0.311	56.056	
2	116.4, F	0.25	56.098	
2	261.4, F	0.752	56.139	
2	108.7, F	0.268	56.181	
2	106.9, F	0.251	56.223	
2	115.3, F	0.231	56.265	
2	260.0, F	0.816	56.306	
2	149.1, F	0.275	56.348	
2	8.1, F	0.728	56.390	
2	164.9, F	0.254	56.431	
2	173.1, F	0.29	56.473	
2	358.4, F	0.527	56.515	
2	179.3, F	0.434	56.556	
2	202.9, F	0.462	56.598	
2	349.3, F	0.494	56.640	
2	199.8, F	0.467	56.682	
2	347.7, F	0.499	56.723	
2	204.7, F	0.492	56.765	
2	54.7, F	0.946	56.807	
2	212.5, F	0.532	56.848	
2	331.8, F	0.64	56.890	
2	220.6, F	0.547	56.932	
2	46.9, F	0.853	56.974	
2	225.4, F	0.608	57.015	
2	126.2, F	0.594	57.057	
2	315.2, F	0.897	57.099	
2	131.9, F	0.49	57.140	
2	240.3, F	0.705	57.182	
2	30.7, F	0.742	57.224	
2	147.7, F	0.444	57.266	
2	244.4, F	0.931	57.307	
2	9.2, F	0.591	57.349	
2	182.9, F	0.411	57.391	
2	348.7, F	0.605	57.432	
2	194.9, F	0.478	57.474	
2	346.6, F	0.632	57.516	
2	114.3, F	0.852	57.557	
2	219.7, F	0.428	57.599	
2	335.4, F	0.742	57.641	
2	238.4, F	0.439	57.683	
2	111.6, F	0.633	57.724	
2	241.8, F	0.48	57.766	
2	29.9, F	1.03	57.808	
2	253.1, F	0.483	57.849	
2	255.6, F	0.463	57.891	
2	93.3, F	0.502	57.933	
2	268.5, F	0.485	57.975	
2	78.8, F	0.488	58.016	
2	272.9, F	0.528	58.058	
2	91.1, F	0.428	58.100	
2	90.1, F	0.427	58.141	
2	270.2, F	0.601	58.183	
2	95.6, F	0.388	58.225	
2	267.1, F	0.631	58.267	
2	105.4, F	0.267	58.308	
2	111.8, F	0.219	58.350	
2	266.6, F	0.77	58.392	
2	106.3, F	0.235	58.433	
2	111.4, F	0.23	58.475	
2	115.0, F	0.213	58.517	
2	130.0, F	0.235	58.558	
2	313.6, F	1.132	58.600	
2	126.9, F	0.25	58.642	
2	114.4, F	0.213	58.684	
2	100.3, F	0.202	58.725	
2	126.9, F	0.245	58.767	
2	258.9, F	0.823	58.809	
2	129.9, F	0.246	58.850	
2	11.1, F	0.872	58.892	
2	134.5, F	0.233	58.934	
2	150.2, F	0.275	58.976	
2	151.6, F	0.252	59.017	
2	159.2, F	0.344	59.059	
2	304.1, F	0.999	59.101	
2	157.1, F	0.466	59.142	
2	22.9, F	0.62	59.184	
2	144.2, F	0.566	59.226	
2	210.8, F	0.809	59.268	
2	64.4, F	0.578	59.309	
2	301.2, F	0.459	59.351	
2	72.6, F	0.671	59.393	
2	190.8, F	0.919	59.434	
2	None	0	59.476	
2	None	0	59.518	
2	None	0	59.559	0.125
2	81.2, F	0.249	59.601	
2	79.1, F	0.243	59.643	
2	96.1, F	0.246	59.685	
2	105.6, F	0.212	59.726	
2	270.9, F	0.874	59.768	
2	60.7, F	0.123	59.810	
2	None	0	59.851	
2	None	0	59.893	0.08400000000000318
2	249.0, F	0.207	59.935	
2	259.3, F	0.29	59.977	
2	95.3, F	0.672	60.018	
2	264.2, F	0.407	60.060	
2	270.7, F	0.621	60.102	
2	85.2, F	0.288	60.143	
2	76.3, F	0.233	60.185	
2	278.8, F	0.768	60.227	
2	53.0, F	0.369	60.269	
2	41.1, F	0.482	60.310	
2	45.5, F	0.441	60.352	
2	221.9, F	0.875	60.394	
2	56.8, F	0.675	60.435	
2	319.8, F	0.454	60.477	
2	130.7, F	0.976	60.519	
2	339.4, F	0.452	60.560	
2	197.4, F	0.371	60.602	
2	351.7, F	0.669	60.644	
2	180.9, F	0.365	60.686	
2	2.5, F	0.727	60.727	
2	149.9, F	0.206	60.769	
2	129.2, F	0.168	60.811	
2	124.6, F	0.164	60.852	
2	120.1, F	0.184	60.894	
2	128.0, F	0.162	60.936	
2	264.4, F	0.829	60.978	
2	67.2, F	0.266	61.019	
2	65.0, F	0.357	61.061	
2	74.2, F	0.415	61.103	
2	279.5, F	0.604	61.144	
2	73.7, F	0.402	61.186	
2	72.7, F	0.4	61.228	
2	281.9, F	0.589	61.270	
2	79.2, F	0.432	61.311	
2	277.9, F	0.538	61.353	
2	86.7, F	0.536	61.395	
2	204.9, F	0.916	61.436	
2	75.9, F	0.687	61.478	
2	295.6, F	0.308	61.520	
2	321.7, F	0.31	61.561	
2	306.1, F	0.178	61.603	
2	81.4, F	0.861	61.645	
2	321.5, F	0.226	61.687	
2	187.1, F	0.854	61.728	
2	351.0, F	0.148	61.770	
2	358.4, F	0.107	61.812	
2	3.9, F	0.116	61.853	
2	None	0	61.895	0.041999999999994486
2	117.4, F	0.159	61.937	
2	125.6, F	0.156	61.979	
2	136.1, F	0.179	62.020	
2	144.3, F	0.193	62.062	
2	258.9, F	0.916	62.104	
2	149.9, F	0.184	62.145	
2	5.3, F	0.807	62.187	
2	173.6, F	0.271	62.229	
2	176.3, F	0.341	62.271	
2	174.5, F	0.293	62.312	
2	4.9, F	0.705	62.354	
2	185.4, F	0.374	62.396	
2	183.4, F	0.353	62.437	
2	359.0, F	0.602	62.479	
2	180.5, F	0.428	62.521	
2	9.6, F	0.5	62.562	
2	169.3, F	0.531	62.604	
2	19.1, F	0.483	62.646	
2	155.2, F	0.566	62.688	
2	23.1, F	0.502	62.729	
2	234.1, F	0.94	62.771	
2	29.8, F	0.497	62.813	
2	150.9, F	0.587	62.854	
2	40.6, F	0.586	62.896	
2	220.5, F	0.639	62.938	
2	56.0, F	0.934	62.980	
2	200.0, F	0.558	63.021	
2	346.1, F	0.488	63.063	
2	198.1, F	0.448	63.105	
2	345.7, F	0.569	63.146	
2	190.4, F	0.3	63.188	
2	359.7, F	0.606	63.230	
2	171.1, F	0.375	63.272	
2	166.6, F	0.447	63.313	
2	11.4, F	0.524	63.355	
2	161.6, F	0.386	63.397	
2	25.4, F	0.6	63.438	
2	142.0, F	0.474	63.480	
2	123.5, F	0.501	63.522	
2	329.6, F	0.701	63.563	
2	220.3, F	0.353	63.605	
2	103.1, F	0.792	63.647	
2	344.4, F	0.78	63.689	
2	233.9, F	0.175	63.730	
2	239.6, F	0.166	63.772	
2	233.5, F	0.177	63.814	
2	93.5, F	0.791	63.855	
2	259.1, F	0.233	63.897	
2	263.6, F	0.244	63.939	
2	254.2, F	0.232	63.981	
2	300.0, F	0.226	64.022	
2	88.5, F	0.798	64.064	
2	315.0, F	0.161	64.106	
2	345.1, F	0.234	64.147	
2	4.1, F	0.279	64.189	
2	10.6, F	0.348	64.231	
2	174.4, F	0.484	64.273	
2	8.4, F	0.514	64.314	
2	174.5, F	0.479	64.356	
2	18.4, F	0.519	64.398	
2	191.8, F	0.293	64.439	
2	208.3, F	0.327	64.481	
2	343.9, F	0.78	64.523	
2	235.5, F	0.33	64.564	
2	270.6, F	0.269	64.606	
2	82.8, F	0.771	64.648	
2	331.7, F	0.261	64.690	
2	342.4, F	0.344	64.731	
2	178.3, F	0.697	64.773	
2	15.5, F	0.453	64.815	
2	7.2, F	0.564	64.856	
2	167.1, F	0.357	64.898	
2	16.0, F	0.642	64.940	
2	135.4, F	0.402	64.982	
2	246.9, F	0.591	65.023	
2	118.0, F	0.722	65.065	
2	352.5, F	0.65	65.107	
2	184.4, F	9.956	65.148	
2	130.0, F	0.451	65.190	
2	73.1, F	0.22	65.232	
2	109.8, F	0.856	65.274	
2	181.9, F	0.611	65.315	
2	181.2, F	1.526	65.357	
2	17.5, F	0.747	65.399	
2	166.6, F	1.255	65.440	
2	232.4, F	0.192	65.482	
2	149.4, F	0.375	65.524	
2	234.0, F	0.145	65.566	
2	166.5, F	1.654	65.607	
2	274.1, F	0.152	65.649	
2	195.9, F	0.656	65.691	
2	151.1, F	0.717	65.732	
2	185.0, F	1.286	65.774	
2	136.6, F	0.451	65.816	
2	78.5, F	0.609	65.857	
2	209.6, F	2.044	65.899	
2	75.4, F	0.582	65.941	
2	164.2, F	0.934	65.983	
2	22.4, F	0.746	66.024	
2	192.7, F	1.823	66.066	
2	57.9, F	0.814	66.108	
2	109.7, F	1.248	66.149	
2	199.1, F	0.824	66.191	
2	128.4, F	0.542	66.233	
2	153.9, F	0.114	66.275	
2	177.0, F	0.788	66.316	
2	126.4, F	0.738	66.358	
2	103.0, F	0.68	66.400	
2	160.3, F	1.282	66.441	
2	115.6, F	0.649	66.483	
2	181.0, F	0.164	66.525	
2	138.6, F	0.446	66.566	
2	140.9, F	1.495	66.608	
2	189.5, F	0.605	66.650	
2	None	0	66.692	0.04100000000001103
2	140.4, F	0.317	66.733	
2	154.0, F	1.002	66.775	
2	191.4, F	0.411	66.817	
2	13.8, F	0.268	66.858	
2	166.9, F	1.362	66.900	
2	68.0, F	0.658	66.942	
2	191.4, F	1.285	66.984	
2	52.7, F	0.891	67.025	
2	183.4, F	1.074	67.067	
2	171.6, F	0.929	67.109	
2	158.9, F	0.402	67.150	
2	167.2, F	0.984	67.192	
2	232.3, F	0.656	67.234	
2	152.0, F	0.863	67.276	
2	110.6, F	0.463	67.317	
2	196.6, F	0.895	67.359	
2	227.7, F	0.212	67.401	
2	153.2, F	1.672	67.442	
2	194.4, F	0.689	67.484	
2	189.3, F	0.298	67.526	
2	178.4, F	0.571	67.567	
2	166.5, F	0.561	67.609	
2	181.4, F	1.209	67.651	
2	10.0, F	0.334	67.693	
2	175.8, F	1.178	67.734	
2	162.4, F	1.142	67.776	
2	234.1, F	0.573	67.818	
2	94.0, F	0.442	67.859	
2	202.3, F	0.702	67.901	
2	159.6, F	2.223	67.943	
2	354.2, F	0.394	67.985	
2	177.7, F	1.271	68.026	
2	175.9, F	0.558	68.068	
2	161.5, F	0.641	68.110	
2	94.6, F	0.187	68.151	
2	235.2, F	1.017	68.193	
2	166.5, F	0.777	68.235	
2	175.9, F	0.339	68.277	
2	190.0, F	0.81	68.318	
2	239.2, F	0.265	68.360	
2	218.5, F	0.453	68.402	
2	42.4, F	0.246	68.443	
2	186.8, F	0.857	68.485	
2	218.7, F	0.174	68.527	
2	224.8, F	0.528	68.569	
2	236.9, F	0.873	68.610	
2	129.4, F	0.329	68.652	
2	172.3, F	0.665	68.694	
2	187.9, F	0.102	68.735	
2	178.6, F	1.181	68.777	
2	193.8, F	0.466	68.819	
2	279.6, F	0.222	68.860	
2	233.8, F	0.686	68.902	
2	221.6, F	1.317	68.944	
2	319.8, F	0.209	68.986	
2	239.0, F	0.303	69.027	
2	132.0, F	0.712	69.069	
2	244.2, F	0.97	69.111	
2	181.6, F	0.626	69.152	
2	152.5, F	0.219	69.194	
2	196.5, F	0.317	69.236	
2	191.9, F	0.745	69.278	
2	221.4, F	0.363	69.319	
2	232.4, F	0.483	69.361	
2	58.0, F	0.525	69.403	
2	200.3, F	1.131	69.444	
2	147.9, F	0.387	69.486	
2	24.3, F	0.721	69.528	
2	226.0, F	0.751	69.569	
2	44.8, F	0.471	69.611	
2	213.2, F	0.944	69.653	
2	102.5, F	0.283	69.695	
2	62.8, F	0.245	69.736	
2	291.3, F	0.534	69.778	
2	83.8, F	0.271	69.820	
2	78.0, F	0.292	69.861	
2	282.6, F	0.466	69.903	
2	87.4, F	0.378	69.945	
2	92.0, F	0.372	69.987	
2	273.7, F	0.291	70.028	
2	272.6, F	0.281	70.070	
2	140.5, F	0.9	70.112	
2	319.8, F	0.127	70.153	
2	None	0	70.195	
2	None	0	70.237	0.08400000000000318
2	74.7, F	0.234	70.279	
2	45.8, F	0.293	70.320	
2	74.6, F	0.359	70.362	
2	55.5, F	0.51	70.404	
2	209.2, F	0.661	70.445	
2	331.5, F	0.251	70.487	
2	72.8, F	0.963	70.529	
2	179.4, F	0.481	70.570	
2	18.9, F	0.204	70.612	
2	None	0	70.654	0.04200000000000159
2	139.6, F	0.14	70.696	
2	242.3, F	0.441	70.737	
2	130.7, F	0.586	70.779	
2	208.8, F	0.342	70.821	
2	90.6, F	0.604	70.862	
2	281.5, F	0.165	70.904	
2	182.6, F	0.559	70.946	
2	173.4, F	0.91	70.988	
2	175.3, F	0.341	71.029	
2	5.9, F	0.27	71.071	
2	170.6, F	1.433	71.113	
2	60.8, F	0.211	71.154	
2	152.9, F	0.356	71.196	
2	215.8, F	1.112	71.238	
2	156.9, F	0.47	71.280	
2	169.5, F	0.73	71.321	
2	157.5, F	0.293	71.363	
2	156.1, F	0.389	71.405	
2	250.0, F	0.788	71.446	
2	197.1, F	0.364	71.488	
2	185.4, F	0.69	71.530	
2	None	0	71.572	0.04099999999999682
2	193.7, F	0.613	71.613	
2	138.1, F	0.763	71.655	
2	262.2, F	0.311	71.697	
2	225.6, F	0.364	71.738	
2	147.7, F	0.907	71.780	
2	201.5, F	0.377	71.822	
2	205.3, F	0.554	71.863	
2	64.8, F	0.749	71.905	
2	228.4, F	0.369	71.947	
2	207.3, F	0.33	71.989	
2	209.8, F	0.695	72.030	
2	83.9, F	0.472	72.072	
2	215.3, F	1.184	72.114	
2	182.1, F	0.322	72.155	
2	184.2, F	0.758	72.197	
2	217.0, F	0.394	72.239	
2	198.3, F	1.295	72.281	
2	137.3, F	0.536	72.322	
2	272.8, F	0.831	72.364	
2	168.8, F	0.288	72.406	
2	183.7, F	0.928	72.447	
2	227.0, F	0.405	72.489	
2	208.2, F	0.804	72.531	
2	149.3, F	0.405	72.572	
2	240.4, F	1.015	72.614	
2	None	0	72.656	0.04199999999998738
2	212.5, F	0.505	72.698	
2	158.3, F	0.826	72.739	
2	235.1, F	0.891	72.781	
2	169.5, F	0.615	72.823	
2	286.2, F	0.111	72.864	
2	194.3, F	0.52	72.906	
2	188.9, F	1.427	72.948	
2	268.2, F	0.354	72.990	
2	140.2, F	0.703	73.031	
2	202.6, F	1.337	73.073	
2	145.2, F	0.417	73.115	
2	169.0, F	0.809	73.156	
2	237.4, F	0.84	73.198	
2	164.5, F	0.801	73.240	
2	173.5, F	0.533	73.282	
2	None	0	73.323	0.04200000000000159
2	215.4, F	0.25	73.365	
2	207.8, F	0.369	73.407	
2	197.2, F	1.147	73.448	
2	267.5, F	0.536	73.490	
2	137.0, F	0.158	73.532	
2	180.4, F	0.267	73.573	
2	301.2, F	0.511	73.615	
2	224.0, F	0.879	73.657	
2	None	0	73.699	0.04099999999999682
2	255.0, F	0.412	73.740	
2	263.0, F	1.356	73.782	
2	180.4, F	0.402	73.824	
2	313.8, F	0.517	73.865	
2	237.4, F	1.232	73.907	
2	271.6, F	0.806	73.949	
2	213.7, F	0.162	73.991	
2	255.4, F	0.645	74.032	
2	207.8, F	0.144	74.074	
2	261.6, F	1.085	74.116	
2	246.6, F	0.898	74.157	
2	339.0, F	0.59	74.199	
2	248.3, F	0.805	74.241	
2	281.1, F	0.773	74.283	
2	249.0, F	1.467	74.324	
2	49.0, F	0.363	74.366	
2	273.4, F	1.156	74.408	
2	236.8, F	0.44	74.449	
2	266.9, F	1.08	74.491	
2	248.0, F	0.636	74.533	
2	212.9, F	0.537	74.575	
2	273.3, F	1.761	74.616	
2	196.1, F	0.708	74.658	
2	286.5, F	0.834	74.700	
2	302.5, F	0.553	74.741	
2	273.0, F	1.488	74.783	
2	232.0, F	0.192	74.825	
2	284.5, F	0.777	74.866	
2	186.1, F	0.953	74.908	
2	287.6, F	1.24	74.950	
2	284.1, F	0.634	74.992	
2	279.5, F	1.09	75.033	
2	320.6, F	0.449	75.075	
2	259.4, F	0.434	75.117	
2	268.0, F	1.178	75.158	
2	324.9, F	0.591	75.200	
2	350.6, F	0.725	75.242	
2	287.4, F	1.292	75.284	
2	313.2, F	1.079	75.325	
2	265.0, F	0.416	75.367	
2	286.6, F	1.225	75.409	
2	311.2, F	1.575	75.450	
2	30.9, F	0.136	75.492	
2	325.6, F	0.795	75.534	
2	277.7, F	0.826	75.575	
2	283.4, F	1.506	75.617	
2	321.7, F	1.057	75.659	
2	254.4, F	0.443	75.701	
2	277.2, F	0.865	75.742	
2	290.0, F	1.112	75.784	
2	284.1, F	0.657	75.826	
2	344.8, F	0.374	75.867	
2	314.9, F	1.086	75.909	
2	276.9, F	1.502	75.951	
2	302.0, F	0.969	75.993	
2	268.4, F	0.442	76.034	
2	328.9, F	0.318	76.076	
2	295.6, F	1.701	76.118	
2	298.7, F	0.973	76.159	
2	326.9, F	0.777	76.201	
2	144.8, F	0.092	76.243	
2	291.1, F	1.906	76.285	
2	5.8, F	1.319	76.326	
2	216.4, F	0.452	76.368	
2	323.3, F	1.239	76.410	
2	338.0, F	0.854	76.451	
2	309.0, F	0.51	76.493	
2	355.7, F	0.872	76.535	
2	324.9, F	0.487	76.576	
2	301.6, F	1.059	76.618	
2	346.2, F	0.93	76.660	
2	321.5, F	0.538	76.702	
2	115.8, F	0.305	76.743	
2	327.2, F	1.937	76.785	
2	286.9, F	0.406	76.827	
2	12.4, F	0.549	76.868	
2	219.3, F	0.237	76.910	
2	340.0, F	1.488	76.952	
2	252.5, F	1.148	76.994	
2	253.9, F	0.527	77.035	
2	358.4, F	0.939	77.077	
2	297.7, F	0.701	77.119	
2	146.9, F	0.673	77.160	
2	303.0, F	1.011	77.202	
2	264.0, F	0.562	77.244	
2	None	0	77.286	0.04099999999999682
2	296.4, F	0.375	77.327	
2	307.8, F	0.403	77.369	
2	295.8, F	0.681	77.411	
2	13.7, F	0.531	77.452	
2	193.4, F	0.897	77.494	
2	None	0	77.536	
2	None	0	77.578	0.08299999999999841
2	188.6, F	0.1	77.619	
2	211.2, F	0.365	77.661	
2	200.3, F	0.6	77.703	
2	296.9, F	0.161	77.744	
2	77.8, F	0.722	77.786	
2	250.8, F	0.225	77.828	
2	238.4, F	0.269	77.869	
2	222.3, F	0.441	77.911	
2	126.8, F	0.802	77.953	
2	289.9, F	0.303	77.995	
2	293.5, F	0.364	78.036	
2	69.8, F	0.603	78.078	
2	224.6, F	1.001	78.120	
2	62.2, F	0.362	78.161	
2	288.2, F	0.759	78.203	
2	44.1, F	0.135	78.245	
2	322.1, F	0.172	78.287	
2	201.5, F	0.63	78.328	
2	310.4, F	0.411	78.370	
2	59.6, F	0.625	78.412	
2	217.2, F	0.847	78.453	
2	36.5, F	0.417	78.495	
2	288.1, F	0.762	78.537	
2	182.5, F	0.461	78.578	
2	313.9, F	0.306	78.620	
2	295.6, F	0.531	78.662	
2	151.3, F	0.614	78.704	
2	15.5, F	0.329	78.745	
2	285.0, F	0.894	78.787	
2	183.4, F	0.633	78.829	
2	302.7, F	0.3	78.870	
2	56.9, F	0.554	78.912	
2	296.5, F	0.729	78.954	
2	184.3, F	0.252	78.996	
2	328.8, F	0.388	79.037	
2	200.6, F	0.478	79.079	
2	328.9, F	0.583	79.121	
2	117.2, F	0.835	79.162	
2	318.4, F	0.605	79.204	
2	224.7, F	0.483	79.246	
2	128.5, F	0.805	79.288	
2	314.5, F	0.642	79.329	
2	317.6, F	0.68	79.371	
2	117.6, F	0.606	79.413	
2	235.9, F	0.534	79.454	
2	18.1, F	0.496	79.496	
2	116.9, F	0.276	79.538	
2	267.2, F	0.629	79.579	
2	30.6, F	0.102	79.621	
2	336.5, F	0.143	79.663	
2	328.4, F	0.299	79.705	
2	321.1, F	0.449	79.746	
2	224.7, F	0.37	79.788	
2	31.4, F	0.667	79.830	
2	266.1, F	0.415	79.871	
2	86.5, F	0.349	79.913	
2	283.0, F	0.705	79.955	
2	48.3, F	0.183	79.997	
2	29.2, F	0.221	80.038	
2	13.4, F	0.345	80.080	
2	159.2, F	0.273	80.122	
2	356.9, F	0.657	80.163	
2	None	0	80.205	
2	None	0	80.247	0.08400000000000318
2	1.8, F	0.227	80.289	
2	359.6, F	0.27	80.330	
2	359.3, F	0.255	80.372	
2	170.9, F	0.36	80.414	
2	25.7, F	0.306	80.455	
2	247.0, F	0.686	80.497	
2	23.1, F	0.458	80.539	
2	140.1, F	0.343	80.581	
2	117.4, F	0.332	80.622	
2	322.8, F	1.09	80.664	
2	96.1, F	0.272	80.706	
2	96.3, F	0.292	80.747	
2	271.0, F	0.601	80.789	
2	100.5, F	0.279	80.831	
2	97.6, F	0.271	80.872	
2	276.8, F	0.583	80.914	
2	55.5, F	0.26	80.956	
2	60.7, F	0.256	80.998	
2	58.3, F	0.225	81.039	
2	217.7, F	0.967	81.081	
2	50.5, F	0.214	81.123	
2	37.3, F	0.233	81.164	
2	51.5, F	0.175	81.206	
2	35.2, F	0.141	81.248	
2	50.6, F	0.129	81.290	
2	280.8, F	0.863	81.331	
2	175.5, F	0.648	81.373	
2	302.4, F	0.192	81.415	
2	307.6, F	0.308	81.456	
2	79.6, F	0.574	81.498	
2	294.9, F	0.362	81.540	
2	205.5, F	0.649	81.581	
2	77.2, F	0.405	81.623	
2	287.2, F	0.61	81.665	
2	72.5, F	0.219	81.707	
2	72.4, F	0.249	81.748	
2	282.5, F	0.661	81.790	
2	78.5, F	0.335	81.832	
2	158.9, F	0.851	81.873	
2	284.9, F	0.584	81.915	
2	84.9, F	0.347	81.957	
2	88.4, F	0.395	81.999	
2	280.2, F	0.486	82.040	
2	88.2, F	0.502	82.082	
2	264.1, F	0.351	82.124	
2	102.9, F	0.482	82.165	
2	267.1, F	0.36	82.207	
2	247.3, F	0.42	82.249	
2	90.0, F	0.54	82.291	
2	280.0, F	0.444	82.332	
2	97.8, F	0.484	82.374	
2	290.0, F	0.449	82.416	
2	69.2, F	0.425	82.457	
2	301.4, F	0.499	82.499	
2	65.2, F	0.515	82.541	
2	234.6, F	0.595	82.582	
2	33.8, F	0.808	82.624	
2	229.7, F	1.434	82.666	
2	74.5, F	0.775	82.708	
2	313.5, F	0.536	82.749	
2	301.0, F	0.497	82.791	
2	90.3, F	0.41	82.833	
2	139.0, F	0.184	82.874	
2	138.3, F	0.161	82.916	
2	7.4, F	1.31	82.958	
2	160.1, F	0.511	83.000	
2	289.9, F	0.747	83.041	
2	148.6, F	0.698	83.083	
2	54.4, F	0.591	83.125	
2	316.8, F	0.596	83.166	
2	128.8, F	0.742	83.208	
2	312.3, F	0.52	83.250	
2	122.3, F	0.921	83.292	
2	342.2, F	0.379	83.333	
2	355.1, F	0.371	83.375	
2	175.8, F	0.257	83.417	
2	157.5, F	0.248	83.458	
2	13.5, F	0.398	83.500	
2	154.3, F	0.214	83.542	
2	143.3, F	0.172	83.584	
2	307.9, F	1.16	83.625	
2	137.4, F	0.207	83.667	
2	150.5, F	0.159	83.709	
2	186.1, F	0.17	83.750	
2	180.2, F	0.239	83.792	
2	346.7, F	0.606	83.834	
2	224.0, F	0.17	83.875	
2	239.4, F	0.179	83.917	
2	89.4, F	0.606	83.959	
2	277.3, F	0.355	84.001	
2	280.9, F	0.396	84.042	
2	93.6, F	0.323	84.084	
2	269.1, F	0.67	84.126	
2	81.5, F	0.143	84.167	
2	None	0	84.209	
2	None	0	84.251	0.08400000000000318
2	203.6, F	0.165	84.293	
2	None	0	84.334	0.04200000000000159
2	219.3, F	0.144	84.376	
2	208.2, F	0.112	84.418	
2	346.1, F	0.704	84.459	
2	249.7, F	0.259	84.501	
2	108.5, F	0.554	84.543	
2	262.2, F	0.432	84.584	
2	264.3, F	0.533	84.626	
2	113.3, F	0.304	84.668	
2	94.0, F	0.227	84.710	
2	99.7, F	0.107	84.751	
2	272.4, F	0.992	84.793	
2	None	0	84.835	0.04100000000001103
2	304.7, F	0.126	84.876	
2	243.4, F	0.136	84.918	
2	90.4, F	0.66	84.960	
2	273.6, F	0.256	85.002	
2	259.7, F	0.162	85.043	
2	277.5, F	0.169	85.085	
2	95.6, F	0.712	85.127	
2	254.0, F	0.098	85.168	
2	173.1, F	0.117	85.210	
2	2.6, F	0.559	85.252	
2	163.5, F	0.317	85.294	
2	148.0, F	0.343	85.335	
2	24.5, F	0.352	85.377	
2	232.2, F	0.823	85.419	
2	72.4, F	0.251	85.460	
2	88.0, F	0.381	85.502	
2	277.2, F	0.43	85.544	
2	96.0, F	0.516	85.585	
2	232.0, F	0.18	85.627	
2	102.0, F	0.66	85.669	
2	234.8, F	0.187	85.711	
2	214.2, F	0.166	85.752	
2	199.4, F	0.234	85.794	
2	189.2, F	0.214	85.836	
2	348.2, F	0.434	85.877	
2	148.7, F	0.275	85.919	
2	140.6, F	0.317	85.961	
2	20.3, F	0.406	86.003	
2	144.6, F	0.254	86.044	
2	165.9, F	0.27	86.086	
2	344.6, F	0.417	86.128	
2	213.8, F	0.306	86.169	
2	326.7, F	0.606	86.211	
2	250.9, F	0.446	86.253	
2	108.3, F	0.302	86.295	
2	267.1, F	0.629	86.336	
2	115.1, F	0.259	86.378	
2	121.1, F	0.112	86.420	
2	359.0, F	0.655	86.461	
2	169.6, F	0.116	86.503	
2	148.5, F	0.119	86.545	
2	163.4, F	0.22	86.587	
2	144.5, F	0.274	86.628	
2	304.3, F	0.879	86.670	
2	153.6, F	0.29	86.712	
2	162.3, F	0.31	86.753	
2	13.1, F	0.383	86.795	
2	156.9, F	0.316	86.837	
2	163.1, F	0.491	86.878	
2	18.7, F	0.324	86.920	
2	297.1, F	0.726	86.962	
2	133.8, F	0.643	87.004	
2	58.4, F	0.646	87.045	
2	203.4, F	0.552	87.087	
2	343.6, F	0.33	87.129	
2	354.3, F	0.273	87.170	
2	168.7, F	0.41	87.212	
2	6.7, F	0.457	87.254	
2	155.6, F	0.494	87.296	
2	29.6, F	0.376	87.337	
2	162.9, F	0.678	87.379	
2	41.2, F	0.287	87.421	
2	284.4, F	0.467	87.462	
2	79.8, F	0.484	87.504	
2	276.7, F	0.384	87.546	
2	91.1, F	0.583	87.587	
2	288.1, F	0.174	87.629	
2	217.0, F	0.138	87.671	
2	101.3, F	0.855	87.713	
2	242.0, F	0.164	87.754	
2	None	0	87.796	0.04199999999998738
2	119.7, F	0.113	87.838	
2	100.8, F	0.181	87.879	
2	109.4, F	0.286	87.921	
2	282.4, F	0.451	87.963	
2	77.5, F	0.706	88.005	
2	323.5, F	0.292	88.046	
2	328.7, F	0.223	88.088	
2	178.5, F	0.485	88.130	
2	349.8, F	0.389	88.171	
2	184.9, F	0.387	88.213	
2	354.4, F	0.387	88.255	
2	168.1, F	0.394	88.297	
2	9.7, F	0.437	88.338	
2	163.4, F	0.438	88.380	
2	8.2, F	0.392	88.422	
2	137.2, F	0.372	88.463	
2	17.6, F	0.429	88.505	
2	133.1, F	0.281	88.547	
2	320.7, F	1.062	88.588	
2	131.8, F	0.29	88.630	
2	115.2, F	0.331	88.672	
2	85.9, F	0.432	88.714	
2	299.1, F	0.395	88.755	
2	52.5, F	0.842	88.797	
2	201.0, F	0.46	88.839	
2	336.4, F	0.557	88.880	
2	207.7, F	0.426	88.922	
2	338.2, F	0.971	88.964	
2	79.0, F	0.579	89.006	
2	294.7, F	0.443	89.047	
2	140.6, F	0.843	89.089	
2	302.9, F	0.566	89.131	
2	62.1, F	0.585	89.172	
2	196.0, F	0.793	89.214	
2	338.6, F	0.36	89.256	
2	20.0, F	0.225	89.298	
2	35.8, F	0.297	89.339	
2	150.4, F	0.697	89.381	
2	83.0, F	0.444	89.423	
2	284.5, F	0.116	89.464	
2	93.9, F	1.009	89.506	
2	126.7, F	0.234	89.548	
2	245.1, F	0.491	89.590	
2	118.4, F	0.809	89.631	
2	345.1, F	0.421	89.673	
2	178.2, F	0.555	89.715	
2	25.9, F	0.32	89.756	
2	80.5, F	0.447	89.798	
2	85.3, F	0.5	89.840	
2	194.9, F	1.093	89.881	
2	348.2, F	0.614	89.923	
2	174.2, F	0.237	89.965	
2	160.8, F	0.448	90.007	
2	24.2, F	0.447	90.048	
2	147.8, F	0.56	90.090	
2	56.8, F	0.574	90.132	
2	204.6, F	0.805	90.173	
2	83.0, F	0.602	90.215	
2	329.6, F	0.312	90.257	
2	354.6, F	0.365	90.299	
2	174.9, F	0.461	90.340	
2	12.4, F	0.476	90.382	
2	173.4, F	0.367	90.424	
2	8.9, F	0.526	90.465	
2	133.9, F	0.298	90.507	
2	108.2, F	0.256	90.549	
2	17.1, F	0.708	90.590	
2	272.9, F	0.563	90.632	
2	58.6, F	0.334	90.674	
2	64.1, F	0.293	90.716	
2	283.8, F	0.655	90.757	
2	160.4, F	0.838	90.799	
2	31.1, F	0.377	90.841	
2	36.2, F	0.343	90.882	
2	298.0, F	0.754	90.924	
2	152.9, F	0.389	90.966	
2	14.9, F	0.409	91.008	
2	165.0, F	0.405	91.049	
2	359.9, F	0.464	91.091	
2	188.5, F	0.237	91.133	
2	208.3, F	0.249	91.174	
2	346.0, F	0.691	91.216	
2	227.4, F	0.2	91.258	
2	279.5, F	0.189	91.300	
2	303.6, F	0.334	91.341	
2	80.2, F	0.518	91.383	
2	306.7, F	0.48	91.425	
2	230.5, F	0.656	91.466	
2	21.4, F	0.438	91.508	
2	139.0, F	0.281	91.550	
2	3.1, F	0.739	91.591	
2	332.8, F	0.262	91.633	
2	313.1, F	0.348	91.675	
2	206.9, F	0.62	91.717	
2	306.1, F	0.56	91.758	
2	30.5, F	0.508	91.800	
2	257.6, F	0.808	91.842	
2	150.0, F	0.27	91.883	
2	3.7, F	0.643	91.925	
2	None	0	91.967	0.04200000000000159
2	285.8, F	0.198	92.009	
2	287.9, F	0.247	92.050	
2	280.4, F	0.299	92.092	
2	76.6, F	0.447	92.134	
2	291.6, F	0.572	92.175	
2	158.6, F	0.966	92.217	
2	44.8, F	0.221	92.259	
2	289.1, F	0.98	92.301	
2	1.0, F	0.288	92.342	
2	329.7, F	0.339	92.384	
2	199.1, F	0.58	92.426	
2	46.0, F	0.504	92.467	
2	237.0, F	0.695	92.509	
2	15.8, F	0.407	92.551	
2	176.3, F	0.292	92.593	
2	337.3, F	0.741	92.634	
2	233.4, F	0.322	92.676	
2	240.1, F	0.448	92.718	
2	127.5, F	0.532	92.759	
2	304.8, F	1.099	92.801	
2	154.6, F	0.238	92.843	
2	180.9, F	0.267	92.884	
2	333.0, F	0.494	92.926	
2	221.4, F	0.511	92.968	
2	46.6, F	0.519	93.010	
2	231.8, F	0.647	93.051	
2	35.4, F	0.435	93.093	
2	238.9, F	0.924	93.135	
2	357.5, F	0.322	93.176	
2	180.8, F	0.752	93.218	
2	331.3, F	0.308	93.260	
2	306.5, F	0.292	93.302	
2	80.9, F	0.593	93.343	
2	297.1, F	0.349	93.385	
2	276.4, F	0.387	93.427	
2	166.4, F	1.356	93.468	
2	319.6, F	1.09	93.510	
2	134.2, F	0.301	93.552	
2	151.9, F	0.319	93.593	
2	173.4, F	0.254	93.635	
2	348.3, F	0.494	93.677	
2	196.2, F	0.409	93.719	
2	316.6, F	0.442	93.760	
2	210.3, F	0.757	93.802	
2	54.0, F	0.446	93.844	
2	297.9, F	0.67	93.885	
2	158.9, F	0.884	93.927	
2	0.5, F	0.21	93.969	
2	309.0, F	0.148	94.011	
2	294.2, F	0.188	94.052	
2	274.4, F	0.198	94.094	
2	257.0, F	0.328	94.136	
2	233.5, F	0.335	94.177	
2	112.6, F	0.541	94.219	
2	244.5, F	0.518	94.261	
2	31.3, F	0.57	94.303	
2	241.1, F	0.619	94.344	
2	141.8, F	0.577	94.386	
2	48.0, F	0.404	94.428	
2	220.0, F	0.728	94.469	
2	51.9, F	0.502	94.511	
2	309.9, F	0.54	94.553	
2	145.6, F	0.914	94.594	
2	309.6, F	0.47	94.636	
2	73.2, F	0.52	94.678	
2	302.4, F	0.334	94.720	
2	301.3, F	0.306	94.761	
2	144.7, F	1.139	94.803	
2	309.1, F	0.358	94.845	
2	305.4, F	0.313	94.886	
2	305.7, F	0.312	94.928	
2	74.8, F	0.629	94.970	
2	320.7, F	0.311	95.012	
2	190.8, F	0.789	95.053	
2	324.5, F	0.334	95.095	
2	82.6, F	0.849	95.137	
2	22.5, F	0.12	95.178	
2	None	0	95.220	
2	None	0	95.262	
2	None	0	95.304	0.125
2	145.3, F	0.167	95.345	
2	260.7, F	1.03	95.387	
2	None	0	95.429	0.04099999999999682
2	141.5, F	0.143	95.470	
2	133.2, F	0.111	95.512	
2	None	0	95.554	
2	None	0	95.596	
2	None	0	95.637	
2	None	0	95.679	0.1670000000000016
2	213.5, F	0.103	95.721	
2	220.7, F	0.094	95.762	
2	None	0	95.804	0.04200000000000159
2	189.1, F	0.146	95.846	
2	357.7, F	0.652	95.887	
2	138.6, F	0.236	95.929	
2	137.3, F	0.242	95.971	
2	145.8, F	0.253	96.013	
2	19.4, F	0.669	96.054	
2	121.4, F	0.301	96.096	
2	263.1, F	0.569	96.138	
2	94.3, F	0.321	96.179	
2	95.9, F	0.342	96.221	
2	267.8, F	0.447	96.263	
2	106.8, F	0.466	96.305	
2	239.6, F	0.381	96.346	
2	37.2, F	0.669	96.388	
2	238.0, F	0.366	96.430	
2	115.2, F	0.537	96.471	
2	227.8, F	0.436	96.513	
2	330.5, F	0.701	96.555	
2	119.5, F	0.649	96.596	
2	216.2, F	0.337	96.638	
2	337.7, F	0.633	96.680	
2	119.2, F	0.712	96.722	
2	205.5, F	0.352	96.763	
2	337.1, F	0.435	96.805	
2	186.2, F	0.436	96.847	
2	353.8, F	0.484	96.888	
2	180.4, F	0.429	96.930	
2	358.8, F	0.461	96.972	
2	176.3, F	0.48	97.014	
2	353.9, F	0.385	97.055	
2	175.8, F	0.419	97.097	
2	353.8, F	0.396	97.139	
2	173.6, F	0.469	97.180	
2	352.7, F	0.378	97.222	
2	3.7, F	0.399	97.264	
2	166.9, F	0.591	97.306	
2	17.1, F	0.364	97.347	
2	162.5, F	0.525	97.389	
2	10.3, F	0.386	97.431	
2	165.6, F	0.504	97.472	
2	9.1, F	0.328	97.514	
2	359.9, F	0.399	97.556	
2	172.2, F	0.454	97.597	
2	347.0, F	0.387	97.639	
2	186.6, F	0.478	97.681	
2	345.9, F	0.369	97.723	
2	189.9, F	0.49	97.764	
2	343.7, F	0.391	97.806	
2	330.2, F	0.34	97.848	
2	189.2, F	0.602	97.889	
2	318.6, F	0.308	97.931	
2	64.4, F	0.619	97.973	
2	202.8, F	0.705	98.015	
2	301.9, F	0.545	98.056	
2	62.0, F	0.447	98.098	
2	203.8, F	0.811	98.140	
2	59.5, F	0.485	98.181	
2	305.4, F	0.566	98.223	
2	65.2, F	0.505	98.265	
2	199.9, F	0.599	98.307	
2	332.6, F	0.374	98.348	
2	69.6, F	0.828	98.390	
2	174.0, F	0.607	98.432	
2	21.2, F	0.335	98.473	
2	38.4, F	0.346	98.515	
2	233.7, F	0.651	98.557	
2	38.0, F	0.444	98.599	
2	150.0, F	0.51	98.640	
2	300.6, F	1.06	98.682	
2	159.2, F	0.355	98.724	
2	4.3, F	0.501	98.765	
2	212.2, F	0.319	98.807	
2	210.9, F	0.308	98.849	
2	47.0, F	0.737	98.890	
2	217.4, F	0.332	98.932	
2	216.0, F	0.402	98.974	
2	334.0, F	0.675	99.016	
2	120.1, F	0.568	99.057	
2	236.5, F	0.409	99.099	
2	58.0, F	0.587	99.141	
2	209.7, F	0.465	99.182	
2	324.1, F	0.544	99.224	
2	136.6, F	0.873	99.266	
2	320.4, F	0.393	99.308	
2	321.5, F	0.317	99.349	
2	194.0, F	0.695	99.391	
2	79.4, F	0.587	99.433	
2	295.1, F	0.25	99.474	
2	303.5, F	0.272	99.516	
2	84.2, F	0.584	99.558	
2	316.3, F	0.248	99.599	
2	None	0	99.641	
2	None	0	99.683	0.08399999999998897
2	78.0, F	0.139	99.725	
2	162.5, F	1.033	99.766	
2	85.0, F	0.33	99.808	
2	281.4, F	0.414	99.850	
2	80.8, F	0.443	99.891	
2	282.5, F	0.356	99.933	
2	84.3, F	0.642	99.975	
2	313.5, F	0.209	100.017	
2	321.5, F	0.206	100.058	
2	311.4, F	0.203	100.100	
2	23.8, F	0.196	100.142	
2	163.7, F	0.718	100.183	
2	225.3, F	0.796	100.225	
2	28.9, F	0.403	100.267	
2	47.2, F	0.335	100.309	
2	204.6, F	0.796	100.350	
2	113.2, F	0.215	100.392	
2	12.8, F	0.375	100.434	
2	12.0, F	0.449	100.475	
2	163.9, F	0.442	100.517	
2	13.7, F	0.406	100.559	
2	159.4, F	0.56	100.600	
2	45.4, F	0.433	100.642	
2	145.3, F	0.709	100.684	
2	306.1, F	0.64	100.726	
2	43.2, F	0.431	100.767	
2	206.0, F	0.581	100.809	
2	63.6, F	0.618	100.851	
2	340.9, F	0.384	100.892	
2	163.7, F	0.517	100.934	
2	51.6, F	0.314	100.976	
2	81.4, F	0.354	101.018	
2	189.5, F	0.725	101.059	
2	170.8, F	0.524	101.101	
2	26.7, F	0.729	101.143	
2	328.1, F	0.168	101.184	
2	226.7, F	0.55	101.226	
2	58.2, F	0.405	101.268	
2	190.0, F	0.621	101.310	
2	76.2, F	0.437	101.351	
2	254.8, F	0.323	101.393	
2	30.2, F	0.643	101.435	
2	127.9, F	0.63	101.476	
2	217.0, F	0.536	101.518	
2	54.7, F	0.529	101.560	
2	330.4, F	0.462	101.602	
2	130.0, F	1.051	101.643	
2	339.4, F	0.363	101.685	
2	340.0, F	0.346	101.727	
2	183.4, F	0.621	101.768	
2	338.5, F	0.327	101.810	
2	340.5, F	0.344	101.852	
2	186.4, F	0.539	101.893	
2	343.3, F	0.503	101.935	
2	124.8, F	0.919	101.977	
2	341.9, F	0.466	102.019	
2	192.7, F	0.434	102.060	
2	341.8, F	0.476	102.102	
2	200.8, F	0.368	102.144	
2	345.5, F	0.653	102.185	
2	208.5, F	0.298	102.227	
2	122.0, F	0.676	102.269	
2	324.9, F	0.712	102.311	
2	244.0, F	0.505	102.352	
2	144.7, F	0.468	102.394	
2	19.9, F	0.437	102.436	
2	251.4, F	1.099	102.477	
2	356.2, F	0.534	102.519	
2	116.4, F	0.858	102.561	
2	189.3, F	0.32	102.602	
2	352.8, F	0.535	102.644	
2	193.3, F	0.344	102.686	
2	351.2, F	0.546	102.728	
2	198.8, F	0.255	102.769	
2	197.1, F	0.248	102.811	
2	351.4, F	0.687	102.853	
2	210.1, F	0.201	102.894	
2	193.6, F	0.259	102.936	
2	204.8, F	0.191	102.978	
2	101.9, F	0.739	103.020	
2	346.2, F	0.845	103.061	
2	231.0, F	0.148	103.103	
2	276.4, F	0.244	103.145	
2	279.1, F	0.229	103.186	
2	98.6, F	0.497	103.228	
2	272.7, F	0.366	103.270	
2	274.6, F	0.37	103.312	
2	101.7, F	0.381	103.353	
2	268.9, F	0.524	103.395	
2	102.5, F	0.222	103.437	
2	113.5, F	0.228	103.478	
2	114.7, F	0.196	103.520	
2	265.5, F	0.94	103.562	
2	147.9, F	0.177	103.603	
2	144.6, F	0.217	103.645	
2	4.6, F	0.673	103.687	
2	149.6, F	0.219	103.729	
2	149.1, F	0.179	103.770	
2	156.8, F	0.193	103.812	
2	158.4, F	0.16	103.854	
2	354.0, F	0.674	103.895	
2	213.8, F	0.205	103.937	
2	211.3, F	0.215	103.979	
2	213.7, F	0.216	104.021	
2	221.0, F	0.274	104.062	
2	334.7, F	0.724	104.104	
2	135.1, F	0.7	104.146	
2	223.8, F	0.519	104.187	
2	317.0, F	0.653	104.229	
2	138.3, F	0.6	104.271	
2	40.8, F	0.498	104.313	
2	226.9, F	0.487	104.354	
2	42.9, F	0.528	104.396	
2	218.8, F	0.489	104.438	
2	33.8, F	0.651	104.479	
2	229.6, F	0.385	104.521	
2	231.1, F	0.352	104.563	
2	36.5, F	0.673	104.605	
2	251.3, F	0.303	104.646	
2	113.2, F	0.481	104.688	
2	248.5, F	0.325	104.730	
2	339.0, F	1.046	104.771	
2	103.4, F	0.443	104.813	
2	270.7, F	0.392	104.855	
2	100.0, F	0.397	104.896	
2	284.9, F	0.417	104.938	
2	91.6, F	0.348	104.980	
2	277.2, F	0.477	105.022	
2	70.5, F	0.299	105.063	
2	154.6, F	0.868	105.105	
2	291.0, F	0.723	105.147	
2	28.1, F	0.34	105.188	
2	40.7, F	0.31	105.230	
2	159.7, F	0.7	105.272	
2	296.6, F	0.966	105.314	
2	23.6, F	0.377	105.355	
2	162.5, F	0.593	105.397	
2	16.9, F	0.372	105.439	
2	10.1, F	0.398	105.480	
2	167.7, F	0.596	105.522	
2	9.2, F	0.368	105.564	
2	161.8, F	0.483	105.605	
2	288.0, F	1.12	105.647	
2	164.2, F	0.459	105.689	
2	6.2, F	0.452	105.731	
2	158.9, F	0.397	105.772	
2	6.5, F	0.509	105.814	
2	170.3, F	0.499	105.856	
2	357.8, F	0.511	105.897	
2	178.2, F	0.422	105.939	
2	353.0, F	0.507	105.981	
2	185.8, F	0.369	106.023	
2	350.7, F	0.628	106.064	
2	180.7, F	0.326	106.106	
2	172.2, F	0.346	106.148	
2	351.9, F	0.555	106.189	
2	173.0, F	0.343	106.231	
2	169.6, F	0.332	106.273	
2	358.1, F	0.579	106.315	
2	169.1, F	0.369	106.356	
2	0.7, F	0.483	106.398	
2	169.4, F	0.364	106.440	
2	170.2, F	0.364	106.481	
2	358.0, F	0.583	106.523	
2	169.3, F	0.292	106.565	
2	169.0, F	0.253	106.606	
2	1.3, F	0.575	106.648	
2	165.7, F	0.295	106.690	
2	166.3, F	0.347	106.732	
2	3.0, F	0.544	106.773	
2	172.9, F	0.349	106.815	
2	359.3, F	0.528	106.857	
2	173.2, F	0.313	106.898	
2	168.4, F	0.308	106.940	
2	0.4, F	0.63	106.982	
2	164.2, F	0.202	107.024	
2	255.0, F	1.273	107.065	
2	44.9, F	0.786	107.107	
2	210.8, F	0.299	107.149	
2	208.4, F	0.307	107.190	
2	337.3, F	0.702	107.232	
2	129.8, F	0.661	107.274	
2	226.9, F	0.453	107.316	
2	35.6, F	0.573	107.357	
2	232.9, F	0.485	107.399	
2	141.8, F	0.484	107.441	
2	301.3, F	0.95	107.482	
2	157.8, F	0.527	107.524	
2	10.7, F	0.461	107.566	
2	156.7, F	0.46	107.608	
2	6.3, F	0.465	107.649	
2	163.8, F	0.471	107.691	
2	290.5, F	1.106	107.733	
2	167.1, F	0.387	107.774	
2	6.2, F	0.35	107.816	
2	169.0, F	0.386	107.858	
2	4.3, F	0.389	107.899	
2	167.9, F	0.482	107.941	
2	19.4, F	0.361	107.983	
2	24.0, F	0.355	108.025	
2	153.4, F	0.496	108.066	
2	14.1, F	0.475	108.108	
2	148.5, F	0.428	108.150	
2	311.6, F	1.009	108.191	
2	147.2, F	0.454	108.233	
2	149.7, F	0.431	108.275	
2	13.3, F	0.537	108.317	
2	250.0, F	0.811	108.358	
2	154.8, F	0.456	108.400	
2	4.1, F	0.62	108.442	
2	163.3, F	0.303	108.483	
2	162.5, F	0.388	108.525	
2	4.7, F	0.54	108.567	
2	157.8, F	0.357	108.608	
2	8.0, F	0.636	108.650	
2	146.0, F	0.318	108.692	
2	256.6, F	0.775	108.734	
2	152.1, F	0.34	108.775	
2	10.8, F	0.614	108.817	
2	156.2, F	0.413	108.859	
2	14.5, F	0.483	108.900	
2	155.7, F	0.54	108.942	
2	302.5, F	0.916	108.984	
2	150.6, F	0.578	109.026	
2	21.2, F	0.412	109.067	
2	155.8, F	0.713	109.109	
2	265.7, F	0.964	109.151	
2	83.6, F	0.215	109.192	
2	103.3, F	0.213	109.234	
2	121.2, F	0.157	109.276	
2	146.7, F	0.146	109.318	
2	165.6, F	0.168	109.359	
2	280.2, F	0.839	109.401	
2	183.9, F	0.251	109.443	
2	121.7, F	0.944	109.484	
2	350.4, F	0.402	109.526	
2	343.0, F	0.328	109.568	
2	178.5, F	0.54	109.609	
2	338.5, F	0.275	109.651	
2	182.9, F	0.705	109.693	
2	322.1, F	0.148	109.735	
2	322.2, F	0.147	109.776	
2	320.4, F	0.149	109.818	
2	275.0, F	0.102	109.860	
2	None	0	109.901	0.04200000000000159
2	251.2, F	0.096	109.943	
2	106.2, F	0.78	109.985	
2	196.6, F	0.178	110.027	
2	196.8, F	0.221	110.068	
2	350.3, F	0.73	110.110	
2	181.2, F	0.423	110.152	
2	178.5, F	0.416	110.193	
2	352.0, F	0.482	110.235	
2	176.5, F	0.49	110.277	
2	2.4, F	0.384	110.319	
2	170.9, F	0.557	110.360	
2	0.5, F	0.352	110.402	
2	167.7, F	0.642	110.444	
2	10.4, F	0.282	110.485	
2	15.5, F	0.27	110.527	
2	43.1, F	0.196	110.569	
2	165.8, F	0.76	110.611	
2	288.1, F	0.726	110.652	
2	50.2, F	0.267	110.694	
2	45.2, F	0.334	110.736	
2	63.7, F	0.366	110.777	
2	201.2, F	0.76	110.819	
2	79.4, F	0.555	110.861	
2	326.1, F	0.246	110.902	
2	316.9, F	0.212	110.944	
2	None	0	110.986	
2	None	0	111.028	0.08299999999999841
2	165.0, F	0.707	111.069	
2	41.1, F	0.248	111.111	
2	47.3, F	0.358	111.153	
2	46.5, F	0.459	111.194	
2	216.4, F	0.533	111.236	
2	42.2, F	0.456	111.278	
2	238.4, F	0.563	111.320	
2	15.6, F	0.574	111.361	
2	144.3, F	0.351	111.403	
2	261.3, F	0.69	111.445	
2	14.5, F	0.658	111.486	
2	131.3, F	0.473	111.528	
2	129.2, F	0.48	111.570	
2	317.9, F	0.819	111.611	
2	131.8, F	0.611	111.653	
2	219.4, F	0.391	111.695	
2	49.7, F	0.6	111.737	
2	197.2, F	0.491	111.778	
2	335.9, F	0.335	111.820	
2	177.3, F	0.67	111.862	
2	355.0, F	0.239	111.903	
2	353.7, F	0.237	111.945	
2	15.4, F	0.147	111.987	
2	167.9, F	0.851	112.029	
2	33.7, F	0.137	112.070	
2	52.8, F	0.193	112.112	
2	40.0, F	0.253	112.154	
2	58.8, F	0.22	112.195	
2	44.1, F	0.226	112.237	
2	289.6, F	0.811	112.279	
2	149.4, F	0.61	112.321	
2	25.7, F	0.415	112.362	
2	148.6, F	0.664	112.404	
2	303.6, F	0.683	112.446	
2	41.8, F	0.594	112.487	
2	126.7, F	0.722	112.529	
2	338.7, F	0.516	112.571	
2	206.4, F	0.363	112.612	
2	344.5, F	0.621	112.654	
2	119.4, F	0.853	112.696	
2	196.8, F	0.266	112.738	
2	349.5, F	0.685	112.779	
2	190.2, F	0.306	112.821	
2	192.6, F	0.297	112.863	
2	334.5, F	0.478	112.904	
2	196.3, F	0.476	112.946	
2	337.9, F	0.564	112.988	
2	118.4, F	0.79	113.030	
2	188.8, F	0.338	113.071	
2	354.7, F	0.612	113.113	
2	156.6, F	0.288	113.155	
2	142.6, F	0.273	113.196	
2	15.4, F	0.628	113.238	
2	143.8, F	0.452	113.280	
2	237.3, F	0.591	113.322	
2	29.8, F	0.503	113.363	
2	147.4, F	0.66	113.405	
2	307.1, F	0.701	113.447	
2	143.9, F	0.678	113.488	
2	315.9, F	0.625	113.530	
2	137.9, F	0.733	113.572	
2	323.7, F	0.563	113.614	
2	63.1, F	0.513	113.655	
2	207.5, F	0.625	113.697	
2	64.8, F	0.481	113.739	
2	308.6, F	0.401	113.780	
2	206.6, F	0.614	113.822	
2	61.1, F	0.499	113.864	
2	308.2, F	0.387	113.905	
2	141.4, F	0.838	113.947	
2	306.9, F	0.376	113.989	
2	315.7, F	0.401	114.031	
2	65.5, F	0.494	114.072	
2	197.1, F	0.696	114.114	
2	319.8, F	0.339	114.156	
2	67.3, F	0.558	114.197	
2	317.1, F	0.354	114.239	
2	193.5, F	0.695	114.281	
2	313.6, F	0.32	114.323	
2	71.2, F	0.493	114.364	
2	308.5, F	0.413	114.406	
2	143.4, F	0.838	114.448	
2	310.3, F	0.419	114.489	
2	307.5, F	0.445	114.531	
2	64.9, F	0.422	114.573	
2	206.1, F	0.678	114.614	
2	61.8, F	0.397	114.656	
2	293.8, F	0.422	114.698	
2	60.8, F	0.43	114.740	
2	209.1, F	0.684	114.781	
2	60.6, F	0.446	114.823	
2	308.0, F	0.42	114.865	
2	61.1, F	0.453	114.906	
2	205.9, F	0.659	114.948	
2	310.3, F	0.461	114.990	
2	54.4, F	0.409	115.032	
2	214.8, F	0.665	115.073	
2	53.9, F	0.401	115.115	
2	64.3, F	0.345	115.157	
2	288.5, F	0.454	115.198	
2	153.9, F	0.92	115.240	
2	287.8, F	0.461	115.282	
2	79.7, F	0.341	115.324	
2	278.4, F	0.45	115.365	
2	82.8, F	0.232	115.407	
2	89.0, F	0.231	115.449	
2	267.7, F	0.738	115.490	
2	114.5, F	0.176	115.532	
2	123.0, F	0.143	115.574	
2	159.9, F	0.215	115.615	
2	165.6, F	0.285	115.657	
2	2.1, F	0.511	115.699	
2	176.7, F	0.343	115.741	
2	173.5, F	0.398	115.782	
2	337.4, F	0.273	115.824	
2	320.3, F	0.205	115.866	
2	190.3, F	0.665	115.907	
2	293.3, F	0.197	115.949	
2	240.2, F	0.248	115.991	
2	239.3, F	0.295	116.033	
2	130.5, F	0.55	116.074	
2	325.6, F	0.679	116.116	
2	138.8, F	0.679	116.158	
2	314.8, F	0.517	116.199	
2	211.6, F	0.656	116.241	
2	72.7, F	0.339	116.283	
2	276.3, F	0.353	116.325	
2	104.4, F	0.37	116.366	
2	257.5, F	0.382	116.408	
2	115.9, F	0.4	116.450	
2	234.1, F	0.418	116.491	
2	136.1, F	0.686	116.533	
2	320.0, F	0.588	116.575	
2	139.6, F	0.775	116.617	
2	322.7, F	0.388	116.658	
2	323.1, F	0.391	116.700	
2	132.9, F	0.766	116.742	
2	326.8, F	0.394	116.783	
2	183.2, F	0.769	116.825	
2	None	0	116.867	
2	None	0	116.908	
2	None	0	116.950	0.125
2	100.5, F	0.852	116.992	
2	220.6, F	0.092	117.034	
2	None	0	117.075	0.04200000000000159
2	202.7, F	0.225	117.117	
2	338.1, F	0.616	117.159	
2	204.2, F	0.29	117.200	
2	205.2, F	0.438	117.242	
2	330.3, F	0.527	117.284	
2	128.7, F	0.698	117.326	
2	330.8, F	0.527	117.367	
2	202.8, F	0.464	117.409	
2	49.7, F	0.557	117.451	
2	201.9, F	0.502	117.492	
2	330.3, F	0.517	117.534	
2	131.5, F	0.765	117.576	
2	321.2, F	0.367	117.617	
2	353.3, F	0.196	117.659	
2	178.8, F	0.741	117.701	
2	None	0	117.743	
2	None	0	117.784	
2	None	0	117.826	
2	None	0	117.868	
2	None	0	117.909	0.2079999999999984
2	94.1, F	0.112	117.951	
2	101.1, F	0.136	117.993	
2	106.4, F	0.159	118.035	
2	76.2, F	0.13	118.076	
2	274.8, F	0.653	118.118	
2	47.4, F	0.223	118.160	
2	39.5, F	0.288	118.201	
2	59.9, F	0.229	118.243	
2	55.1, F	0.215	118.285	
2	286.6, F	0.609	118.327	
2	156.4, F	0.744	118.368	
2	39.3, F	0.32	118.410	
2	38.9, F	0.307	118.452	
2	297.1, F	0.632	118.493	
2	146.7, F	0.645	118.535	
2	44.1, F	0.392	118.577	
2	300.6, F	0.636	118.618	
2	143.2, F	0.499	118.660	
2	310.7, F	0.815	118.702	
2	147.9, F	0.491	118.744	
2	143.0, F	0.491	118.785	
2	16.1, F	0.719	118.827	
2	251.7, F	0.577	118.869	
2	130.0, F	0.409	118.910	
2	22.5, F	0.589	118.952	
2	224.9, F	0.633	118.994	
2	37.8, F	0.48	119.036	
2	140.8, F	0.697	119.077	
2	315.2, F	0.511	119.119	
2	208.1, F	0.497	119.161	
2	42.2, F	0.712	119.202	
2	213.7, F	0.391	119.244	
2	338.1, F	0.733	119.286	
2	119.0, F	0.404	119.328	
2	245.9, F	0.434	119.369	
2	129.0, F	0.457	119.411	
2	329.5, F	0.881	119.453	
2	92.8, F	0.326	119.494	
2	268.4, F	0.383	119.536	
2	89.1, F	0.369	119.578	
2	66.4, F	0.498	119.620	
2	322.3, F	0.397	119.661	
2	199.1, F	0.447	119.703	
2	343.1, F	0.417	119.745	
2	115.5, F	0.974	119.786	
2	6.8, F	0.718	119.828	
2	138.7, F	0.233	119.870	
2	258.5, F	0.692	119.911	
2	130.2, F	0.31	119.953	
2	12.6, F	0.987	119.995	
2	92.7, F	0.334	120.037	
2	285.6, F	0.309	120.078	
2	69.5, F	0.517	120.120	
2	180.3, F	0.573	120.162	
2	5.0, F	0.33	120.203	
2	16.5, F	0.43	120.245	
2	148.4, F	0.432	120.287	
2	33.5, F	0.718	120.329	
2	220.4, F	0.262	120.370	
2	100.7, F	0.797	120.412	
2	None	0	120.454	0.04100000000001103
2	74.7, F	0.262	120.495	
2	290.6, F	0.363	120.537	
2	78.9, F	0.52	120.579	
2	328.0, F	0.104	120.621	
2	48.1, F	0.274	120.662	
2	69.3, F	0.34	120.704	
2	86.4, F	0.507	120.746	
2	342.1, F	0.182	120.787	
2	160.8, F	0.69	120.829	
2	47.5, F	0.29	120.871	
2	56.8, F	0.323	120.912	
2	75.4, F	0.357	120.954	
2	None	0	120.996	0.04200000000000159
2	134.6, F	0.094	121.038	
2	129.1, F	0.222	121.079	
2	124.6, F	0.239	121.121	
2	131.4, F	0.511	121.163	
2	134.1, F	0.673	121.204	
2	324.6, F	0.38	121.246	
2	185.4, F	0.601	121.288	
2	None	0	121.330	
2	None	0	121.371	0.08299999999999841
2	149.1, F	0.101	121.413	
2	None	0	121.455	0.04099999999999682
2	153.9, F	0.351	121.496	
2	18.4, F	0.462	121.538	
2	144.1, F	0.285	121.580	
2	148.5, F	0.197	121.621	
2	1.9, F	0.544	121.663	
2	180.5, F	0.346	121.705	
2	181.9, F	0.334	121.747	
2	347.5, F	0.657	121.788	
2	255.1, F	0.347	121.830	
2	257.8, F	0.547	121.872	
2	135.4, F	0.194	121.913	
2	262.7, F	0.913	121.955	
2	225.0, F	0.226	121.997	
2	25.1, F	0.803	122.039	
2	261.7, F	0.549	122.080	
2	146.5, F	0.265	122.122	
2	186.1, F	0.284	122.164	
2	197.1, F	0.279	122.205	
2	337.9, F	0.697	122.247	
2	216.2, F	0.376	122.289	
2	217.7, F	0.47	122.331	
2	318.3, F	0.608	122.372	
2	126.9, F	0.619	122.414	
2	297.3, F	0.797	122.456	
2	148.8, F	0.731	122.497	
2	72.6, F	0.488	122.539	
2	261.0, F	0.664	122.581	
2	94.2, F	0.414	122.623	
2	254.2, F	0.617	122.664	
2	98.2, F	0.556	122.706	
2	121.6, F	0.595	122.748	
2	218.4, F	0.527	122.789	
2	74.0, F	0.498	122.831	
