5	175.7, F	0.331	0.042	
5	182.2, F	0.663	0.083	
5	None	0	0.125	
5	None	0	0.167	0.08399999999999999
5	171.5, F	0.517	0.209	
5	26.3, F	0.42	0.250	
5	170.1, F	1.414	0.292	
5	271.8, F	0.628	0.334	
5	112.6, F	0.541	0.375	
5	150.8, F	1.323	0.417	
5	167.7, F	0.945	0.459	
5	119.3, F	0.292	0.500	
5	166.6, F	0.833	0.542	
5	134.2, F	0.293	0.584	
5	139.9, F	1.221	0.626	
5	255.0, F	0.22	0.667	
5	116.9, F	0.843	0.709	
5	179.2, F	0.54	0.751	
5	None	0	0.792	0.041999999999999926
5	213.0, F	0.248	0.834	
5	229.1, F	0.54	0.876	
5	352.6, F	0.203	0.918	
5	39.1, F	12.816	0.959	
5	247.2, F	0.359	1.001	
5	18.9, F	0.759	1.043	
5	249.8, F	0.902	1.084	
5	199.4, F	0.677	1.126	
5	290.3, F	0.526	1.168	
5	305.9, F	0.246	1.210	
5	213.5, F	1.151	1.251	
5	223.9, F	0.25	1.293	
5	324.5, F	0.798	1.335	
5	236.9, F	0.792	1.376	
5	179.4, F	0.574	1.418	
5	303.9, F	0.513	1.460	
5	46.4, F	0.5	1.502	
5	223.0, F	0.995	1.543	
5	17.3, F	0.172	1.585	
5	270.3, F	0.187	1.627	
5	266.7, F	0.565	1.668	
5	127.0, F	0.268	1.710	
5	256.2, F	0.97	1.752	
5	203.9, F	0.489	1.793	
5	320.9, F	0.318	1.835	
5	79.4, F	0.655	1.877	
5	210.5, F	1.223	1.919	
5	158.4, F	0.483	1.960	
5	276.0, F	0.941	2.002	
5	228.6, F	0.247	2.044	
5	129.0, F	0.749	2.085	
5	215.9, F	1.393	2.127	
5	15.5, F	0.393	2.169	
5	186.2, F	1.062	2.211	
5	198.4, F	0.644	2.252	
5	215.6, F	0.76	2.294	
5	208.5, F	1.141	2.336	
5	147.9, F	0.556	2.377	
5	74.8, F	0.289	2.419	
5	228.9, F	1.095	2.461	
5	None	0	2.502	0.04200000000000026
5	185.3, F	0.408	2.544	
5	196.7, F	0.805	2.586	
5	224.8, F	0.523	2.628	
5	155.0, F	0.823	2.669	
5	277.1, F	0.756	2.711	
5	None	0	2.753	0.040999999999999925
5	230.2, F	0.467	2.794	
5	137.5, F	0.549	2.836	
5	285.0, F	0.853	2.878	
5	187.2, F	0.875	2.920	
5	254.5, F	0.772	2.961	
5	180.8, F	0.287	3.003	
5	325.2, F	0.662	3.045	
5	236.3, F	0.96	3.086	
5	298.8, F	0.591	3.128	
5	180.0, F	0.829	3.170	
5	277.5, F	0.495	3.212	
5	276.8, F	0.858	3.253	
5	273.8, F	0.517	3.295	
5	270.7, F	0.783	3.337	
5	None	0	3.378	0.041999999999999815
5	290.8, F	0.138	3.420	
5	257.7, F	0.497	3.462	
5	101.1, F	0.375	3.503	
5	261.1, F	0.771	3.545	
5	179.6, F	0.137	3.587	
5	232.7, F	0.378	3.629	
5	321.5, F	0.781	3.670	
5	157.2, F	0.464	3.712	
5	178.4, F	0.613	3.754	
5	282.1, F	0.484	3.795	
5	268.4, F	0.835	3.837	
5	238.9, F	0.162	3.879	
5	245.9, F	0.582	3.921	
5	196.8, F	0.888	3.962	
5	265.2, F	0.723	4.004	
5	193.8, F	0.42	4.046	
5	295.0, F	0.64	4.087	
5	223.2, F	1.834	4.129	
5	45.2, F	0.392	4.171	
5	224.8, F	1.458	4.213	
5	237.2, F	0.443	4.254	
5	340.8, F	0.133	4.296	
5	277.0, F	0.238	4.338	
5	251.4, F	0.391	4.379	
5	252.1, F	0.693	4.421	
5	197.7, F	0.322	4.463	
5	222.7, F	0.484	4.505	
5	28.7, F	0.674	4.546	
5	249.0, F	1.036	4.588	
5	236.6, F	0.655	4.630	
5	7.5, F	0.49	4.671	
5	204.5, F	0.56	4.713	
5	301.2, F	0.856	4.755	
5	230.5, F	0.773	4.796	
5	296.7, F	1.231	4.838	
5	240.9, F	0.86	4.880	
5	340.4, F	0.735	4.922	
5	272.6, F	1.513	4.963	
5	305.5, F	0.179	5.005	
5	284.0, F	0.671	5.047	
5	359.8, F	0.294	5.088	
5	234.2, F	0.749	5.130	
5	305.5, F	1.049	5.172	
5	190.6, F	0.358	5.214	
5	207.4, F	0.372	5.255	
5	330.5, F	0.679	5.297	
5	131.9, F	0.622	5.339	
5	312.4, F	0.791	5.380	
5	146.0, F	0.492	5.422	
5	167.6, F	0.515	5.464	
5	292.1, F	1.059	5.505	
5	350.0, F	0.465	5.547	
5	212.0, F	0.552	5.589	
5	357.3, F	0.633	5.631	
5	223.4, F	0.601	5.672	
5	244.3, F	0.993	5.714	
5	336.9, F	0.604	5.756	
5	256.3, F	1.629	5.797	
5	344.0, F	0.656	5.839	
5	243.0, F	0.966	5.881	
5	214.6, F	0.78	5.923	
5	278.5, F	1.845	5.964	
5	293.8, F	0.607	6.006	
5	319.8, F	0.194	6.048	
5	217.3, F	1.106	6.089	
5	268.0, F	0.561	6.131	
5	265.1, F	0.841	6.173	
5	202.8, F	0.134	6.215	
5	347.3, F	0.853	6.256	
5	262.2, F	0.635	6.298	
5	79.4, F	0.164	6.340	
5	None	0	6.381	0.041999999999999815
5	295.9, F	0.33	6.423	
5	286.6, F	0.832	6.465	
5	192.1, F	0.573	6.506	
5	319.9, F	0.696	6.548	
5	248.7, F	0.906	6.590	
5	321.1, F	1.202	6.632	
5	292.2, F	0.244	6.673	
5	346.5, F	0.969	6.715	
5	291.0, F	1.081	6.757	
5	277.7, F	1.146	6.798	
5	27.0, F	0.589	6.840	
5	306.3, F	1.583	6.882	
5	330.9, F	0.189	6.924	
5	311.2, F	1.356	6.965	
5	296.1, F	0.549	7.007	
5	237.0, F	1.178	7.049	
5	347.5, F	0.728	7.090	
5	277.6, F	1.136	7.132	
5	338.4, F	0.74	7.174	
5	13.4, F	0.861	7.216	
5	299.7, F	0.185	7.257	
5	306.3, F	1.259	7.299	
5	269.4, F	0.653	7.341	
5	285.3, F	1.149	7.382	
5	327.4, F	0.907	7.424	
5	281.8, F	0.843	7.466	
5	336.7, F	0.727	7.507	
5	261.8, F	1.011	7.549	
5	273.7, F	0.776	7.591	
5	311.5, F	1.199	7.633	
5	276.6, F	0.709	7.674	
5	297.0, F	1.125	7.716	
5	320.0, F	0.942	7.758	
5	298.3, F	0.971	7.799	
5	355.4, F	0.916	7.841	
5	280.6, F	0.603	7.883	
5	18.9, F	0.735	7.925	
5	302.0, F	1.499	7.966	
5	108.2, F	0.287	8.008	
5	300.0, F	1.074	8.050	
5	346.8, F	1.076	8.091	
5	14.0, F	1.092	8.133	
5	247.7, F	0.829	8.175	
5	355.2, F	1.283	8.217	
5	228.5, F	0.151	8.258	
5	350.4, F	2.216	8.300	
5	85.2, F	0.61	8.342	
5	338.8, F	0.887	8.383	
5	336.7, F	1.361	8.425	
5	29.4, F	1.063	8.467	
5	291.9, F	0.667	8.508	
5	22.3, F	1.03	8.550	
5	27.5, F	0.699	8.592	
5	332.2, F	1.863	8.634	
5	304.2, F	0.094	8.675	
5	352.3, F	0.646	8.717	
5	295.2, F	0.348	8.759	
5	11.3, F	1.168	8.800	
5	313.3, F	1.097	8.842	
5	342.2, F	0.393	8.884	
5	343.5, F	0.992	8.926	
5	6.3, F	1.061	8.967	
5	308.9, F	1.326	9.009	
5	319.1, F	0.521	9.051	
5	21.9, F	1.019	9.092	
5	321.8, F	1.856	9.134	
5	85.4, F	0.655	9.176	
5	322.7, F	0.84	9.218	
5	288.2, F	0.928	9.259	
5	347.1, F	1.428	9.301	
5	27.3, F	1.175	9.343	
5	298.8, F	0.834	9.384	
5	72.1, F	0.192	9.426	
5	358.9, F	1.173	9.468	
5	1.0, F	0.778	9.509	
5	332.5, F	0.256	9.551	
5	346.2, F	0.813	9.593	
5	333.8, F	0.98	9.635	
5	289.2, F	0.744	9.676	
5	11.7, F	1.028	9.718	
5	10.7, F	0.724	9.760	
5	357.6, F	0.964	9.801	
5	3.7, F	0.581	9.843	
5	357.2, F	1.167	9.885	
5	359.6, F	0.943	9.927	
5	2.3, F	1.191	9.968	
5	12.3, F	0.895	10.010	
5	18.4, F	0.409	10.052	
5	270.6, F	0.649	10.093	
5	22.5, F	1.125	10.135	
5	38.2, F	0.783	10.177	
5	329.4, F	1.256	10.219	
5	39.1, F	0.651	10.260	
5	294.6, F	0.991	10.302	
5	2.5, F	0.95	10.344	
5	343.2, F	0.422	10.385	
5	243.2, F	0.204	10.427	
5	26.6, F	0.901	10.469	
5	324.5, F	1.582	10.511	
5	194.4, F	0.113	10.552	
5	323.1, F	0.53	10.594	
5	333.7, F	1.809	10.636	
5	329.6, F	0.21	10.677	
5	346.4, F	0.946	10.719	
5	31.9, F	0.435	10.761	
5	331.0, F	2.046	10.802	
5	335.0, F	0.506	10.844	
5	28.9, F	1.165	10.886	
5	316.2, F	0.767	10.928	
5	10.9, F	0.726	10.969	
5	272.7, F	0.989	11.011	
5	5.2, F	0.577	11.053	
5	352.4, F	1.026	11.094	
5	349.1, F	1.023	11.136	
5	54.6, F	0.808	11.178	
5	280.2, F	0.283	11.220	
5	319.3, F	0.553	11.261	
5	25.7, F	1.465	11.303	
5	266.9, F	0.204	11.345	
5	352.2, F	0.517	11.386	
5	352.5, F	1.035	11.428	
5	357.7, F	1.266	11.470	
5	5.4, F	0.914	11.511	
5	7.4, F	0.467	11.553	
5	56.6, F	0.356	11.595	
5	27.3, F	1.819	11.637	
5	315.9, F	0.221	11.678	
5	2.6, F	0.671	11.720	
5	1.9, F	1.12	11.762	
5	10.6, F	1.136	11.803	
5	137.9, F	0.447	11.845	
5	16.8, F	1.11	11.887	
5	299.3, F	0.784	11.929	
5	56.5, F	0.708	11.970	
5	44.5, F	1.059	12.012	
5	300.7, F	0.252	12.054	
5	333.9, F	0.511	12.095	
5	351.8, F	1.239	12.137	
5	189.2, F	0.358	12.179	
5	354.2, F	0.946	12.221	
5	68.0, F	0.854	12.262	
5	317.9, F	0.353	12.304	
5	347.6, F	0.804	12.346	
5	324.2, F	0.413	12.387	
5	345.0, F	0.91	12.429	
5	34.8, F	1.222	12.471	
5	322.4, F	0.579	12.512	
5	344.3, F	1.068	12.554	
5	56.6, F	0.778	12.596	
5	327.3, F	0.576	12.638	
5	348.9, F	0.855	12.679	
5	318.7, F	0.303	12.721	
5	53.9, F	1.092	12.763	
5	334.1, F	0.37	12.804	
5	351.2, F	0.723	12.846	
5	280.7, F	0.146	12.888	
5	340.4, F	0.519	12.930	
5	310.3, F	0.269	12.971	
5	52.5, F	1.006	13.013	
5	347.5, F	0.942	13.055	
5	313.6, F	0.296	13.096	
5	346.8, F	0.979	13.138	
5	315.4, F	0.288	13.180	
5	125.8, F	0.913	13.222	
5	339.7, F	0.796	13.263	
5	349.7, F	0.196	13.305	
5	18.7, F	0.306	13.347	
5	359.6, F	0.79	13.388	
5	16.1, F	0.473	13.430	
5	4.9, F	0.737	13.472	
5	10.0, F	1.301	13.513	
5	83.7, F	0.391	13.555	
5	358.0, F	0.457	13.597	
5	4.7, F	1.833	13.639	
5	48.9, F	0.588	13.680	
5	12.8, F	0.878	13.722	
5	290.8, F	0.737	13.764	
5	358.8, F	1.14	13.805	
5	350.5, F	0.632	13.847	
5	283.5, F	0.167	13.889	
5	333.0, F	0.452	13.931	
5	53.6, F	0.806	13.972	
5	340.4, F	0.954	14.014	
5	303.2, F	0.396	14.056	
5	35.2, F	0.756	14.097	
5	296.3, F	0.924	14.139	
5	350.3, F	0.804	14.181	
5	296.6, F	0.511	14.223	
5	18.8, F	0.767	14.264	
5	308.9, F	1.387	14.306	
5	310.9, F	0.38	14.348	
5	33.2, F	0.926	14.389	
5	282.7, F	0.612	14.431	
5	10.7, F	1.017	14.473	
5	24.6, F	0.333	14.514	
5	5.5, F	0.665	14.556	
5	267.0, F	0.933	14.598	
5	1.6, F	0.698	14.640	
5	350.2, F	0.124	14.681	
5	357.9, F	0.412	14.723	
5	357.8, F	0.771	14.765	
5	10.7, F	0.435	14.806	
5	8.7, F	0.792	14.848	
5	67.5, F	0.217	14.890	
5	30.2, F	0.551	14.932	
5	69.0, F	0.742	14.973	
5	357.0, F	0.698	15.015	
5	91.9, F	0.178	15.057	
5	50.0, F	0.457	15.098	
5	40.5, F	1.644	15.140	
5	36.1, F	0.771	15.182	
5	328.9, F	0.232	15.224	
5	14.6, F	0.503	15.265	
5	31.1, F	1.491	15.307	
5	147.6, F	0.383	15.349	
5	23.1, F	0.878	15.390	
5	83.8, F	0.462	15.432	
5	359.3, F	0.912	15.474	
5	6.6, F	0.234	15.515	
5	35.7, F	0.642	15.557	
5	73.4, F	0.545	15.599	
5	0.5, F	0.999	15.641	
5	9.5, F	0.326	15.682	
5	25.9, F	0.878	15.724	
5	54.1, F	0.895	15.766	
5	3.3, F	0.744	15.807	
5	0.3, F	1.154	15.849	
5	119.0, F	0.297	15.891	
5	17.1, F	1.883	15.933	
5	357.6, F	1.21	15.974	
5	10.4, F	0.999	16.016	
5	36.7, F	1.01	16.058	
5	55.5, F	0.836	16.099	
5	14.7, F	0.585	16.141	
5	8.7, F	1.018	16.183	
5	24.3, F	0.476	16.225	
5	265.2, F	0.536	16.266	
5	32.7, F	1.315	16.308	
5	356.8, F	0.671	16.350	
5	359.8, F	1.16	16.391	
5	147.9, F	0.335	16.433	
5	12.4, F	1.899	16.475	
5	46.0, F	0.954	16.517	
5	327.9, F	0.384	16.558	
5	358.8, F	0.906	16.600	
5	15.7, F	1.325	16.642	
5	30.1, F	1.431	16.683	
5	None	0	16.725	0.04199999999999804
5	19.5, F	0.886	16.767	
5	21.4, F	2.412	16.808	
5	None	0	16.850	0.04199999999999804
5	13.0, F	0.471	16.892	
5	13.4, F	1.128	16.934	
5	344.4, F	1.38	16.975	
5	95.4, F	0.759	17.017	
5	338.8, F	0.518	17.059	
5	356.7, F	1.002	17.100	
5	3.4, F	1.27	17.142	
5	10.7, F	0.919	17.184	
5	21.1, F	0.535	17.226	
5	78.3, F	0.193	17.267	
5	8.0, F	1.43	17.309	
5	12.4, F	1.111	17.351	
5	321.4, F	1.123	17.392	
5	21.8, F	0.758	17.434	
5	13.4, F	1.249	17.476	
5	327.8, F	1.076	17.517	
5	35.1, F	0.773	17.559	
5	61.7, F	0.489	17.601	
5	345.2, F	1.538	17.643	
5	29.8, F	1.264	17.684	
5	334.2, F	0.661	17.726	
5	296.0, F	0.349	17.768	
5	350.9, F	1.317	17.809	
5	45.4, F	1.224	17.851	
5	337.2, F	0.421	17.893	
5	None	0	17.935	0.04100000000000037
5	9.4, F	1.071	17.976	
5	31.0, F	0.734	18.018	
5	339.7, F	1.344	18.060	
5	91.5, F	0.823	18.101	
5	14.6, F	1.121	18.143	
5	37.7, F	1.068	18.185	
5	353.2, F	1.326	18.227	
5	None	0	18.268	0.04199999999999804
5	21.5, F	0.96	18.310	
5	50.3, F	0.504	18.352	
5	35.7, F	0.928	18.393	
5	294.4, F	0.475	18.435	
5	339.1, F	1.256	18.477	
5	46.9, F	0.59	18.518	
5	327.9, F	1.122	18.560	
5	33.5, F	0.541	18.602	
5	8.1, F	0.46	18.644	
5	359.7, F	0.868	18.685	
5	331.6, F	0.383	18.727	
5	258.2, F	0.391	18.769	
5	332.9, F	1.951	18.810	
5	335.4, F	0.207	18.852	
5	340.2, F	0.654	18.894	
5	278.2, F	0.413	18.936	
5	10.4, F	0.799	18.977	
5	58.1, F	0.163	19.019	
5	355.8, F	0.441	19.061	
5	355.7, F	0.807	19.102	
5	320.8, F	0.323	19.144	
5	329.5, F	0.492	19.186	
5	246.4, F	0.232	19.228	
5	271.6, F	0.215	19.269	
5	59.7, F	0.914	19.311	
5	343.7, F	0.643	19.353	
5	227.6, F	0.252	19.394	
5	212.4, F	0.136	19.436	
5	21.1, F	0.145	19.478	
5	7.9, F	0.328	19.520	
5	26.2, F	0.254	19.561	
5	37.6, F	0.341	19.603	
5	52.1, F	0.449	19.645	
5	224.2, F	0.54	19.686	
5	51.9, F	0.509	19.728	
5	225.6, F	0.441	19.770	
5	52.6, F	0.452	19.811	
5	228.5, F	0.519	19.853	
5	40.0, F	0.49	19.895	
5	226.9, F	0.949	19.937	
5	51.6, F	0.283	19.978	
5	52.8, F	0.233	20.020	
5	40.6, F	0.204	20.062	
5	173.7, F	0.826	20.103	
5	281.4, F	0.912	20.145	
5	22.7, F	0.241	20.187	
5	16.5, F	0.327	20.229	
5	20.4, F	0.267	20.270	
5	173.4, F	0.52	20.312	
5	10.2, F	0.627	20.354	
5	162.8, F	0.243	20.395	
5	181.7, F	0.169	20.437	
5	355.2, F	0.915	20.479	
5	296.7, F	0.151	20.520	
5	267.3, F	0.19	20.562	
5	314.7, F	0.286	20.604	
5	208.9, F	0.93	20.646	
5	57.9, F	0.425	20.687	
5	38.7, F	0.331	20.729	
5	286.1, F	0.821	20.771	
5	5.8, F	0.538	20.812	
5	179.9, F	0.47	20.854	
5	350.6, F	0.548	20.896	
5	191.6, F	0.447	20.938	
5	190.9, F	0.297	20.979	
5	354.9, F	0.739	21.021	
5	196.4, F	0.294	21.063	
5	224.8, F	0.189	21.104	
5	94.8, F	0.733	21.146	
5	248.0, F	0.262	21.188	
5	343.1, F	0.975	21.230	
5	268.9, F	0.35	21.271	
5	84.5, F	0.404	21.313	
5	274.9, F	0.566	21.355	
5	78.9, F	0.414	21.396	
5	213.5, F	1.046	21.438	
5	66.2, F	0.365	21.480	
5	69.7, F	0.337	21.521	
5	284.8, F	0.713	21.563	
5	60.3, F	0.289	21.605	
5	40.1, F	0.282	21.647	
5	36.6, F	0.257	21.688	
5	170.8, F	0.798	21.730	
5	280.4, F	0.889	21.772	
5	54.0, F	0.136	21.813	
5	92.4, F	0.097	21.855	
5	84.7, F	0.097	21.897	
5	76.4, F	0.102	21.939	
5	21.4, F	0.14	21.980	
5	10.7, F	0.124	22.022	
5	None	0	22.064	0.04100000000000037
5	7.3, F	0.095	22.105	
5	180.7, F	0.942	22.147	
5	None	0	22.189	
5	None	0	22.231	
5	None	0	22.272	0.125
5	359.1, F	0.93	22.314	
5	190.0, F	0.097	22.356	
5	188.5, F	0.163	22.397	
5	189.7, F	0.136	22.439	
5	185.3, F	0.195	22.481	
5	184.4, F	0.208	22.523	
5	185.3, F	0.097	22.564	
5	186.6, F	0.104	22.606	
5	356.6, F	0.848	22.648	
5	203.4, F	0.202	22.689	
5	193.5, F	0.283	22.731	
5	200.2, F	0.171	22.773	
5	201.3, F	0.157	22.814	
5	355.2, F	0.8	22.856	
5	218.3, F	0.132	22.898	
5	243.4, F	0.15	22.940	
5	93.6, F	0.923	22.981	
5	216.9, F	0.155	23.023	
5	228.7, F	0.142	23.065	
5	225.3, F	0.158	23.106	
5	222.7, F	0.162	23.148	
5	None	0	23.190	0.04199999999999804
5	186.2, F	0.129	23.232	
5	0.4, F	0.857	23.273	
5	166.2, F	0.307	23.315	
5	161.0, F	0.422	23.357	
5	163.8, F	0.461	23.398	
5	29.8, F	0.459	23.440	
5	155.6, F	0.796	23.482	
5	288.8, F	0.589	23.523	
5	66.8, F	0.564	23.565	
5	286.3, F	0.403	23.607	
5	85.7, F	0.769	23.649	
5	276.0, F	0.164	23.690	
5	248.3, F	0.111	23.732	
5	200.5, F	0.157	23.774	
5	177.5, F	0.347	23.815	
5	180.4, F	0.319	23.857	
5	182.5, F	0.599	23.899	
5	354.0, F	0.343	23.941	
5	9.6, F	0.144	23.982	
5	None	0	24.024	0.04199999999999804
5	174.4, F	0.943	24.066	
5	92.5, F	0.182	24.107	
5	117.6, F	0.326	24.149	
5	24.5, F	0.845	24.191	
5	253.8, F	0.631	24.233	
5	116.0, F	0.581	24.274	
5	225.4, F	0.479	24.316	
5	50.4, F	0.847	24.358	
5	215.3, F	0.502	24.399	
5	210.2, F	0.589	24.441	
5	65.0, F	0.783	24.483	
5	321.1, F	0.387	24.524	
5	191.6, F	0.824	24.566	
5	306.6, F	0.126	24.608	
5	234.6, F	0.093	24.650	
5	None	0	24.691	0.04200000000000159
5	96.2, F	0.954	24.733	
5	203.3, F	0.103	24.775	
5	199.0, F	0.129	24.816	
5	189.4, F	0.178	24.858	
5	357.9, F	0.808	24.900	
5	176.9, F	0.3	24.942	
5	175.4, F	0.137	24.983	
5	172.5, F	0.2	25.025	
5	163.3, F	0.16	25.067	
5	4.9, F	0.835	25.108	
5	153.8, F	0.311	25.150	
5	254.3, F	0.893	25.192	
5	137.0, F	0.289	25.234	
5	125.2, F	0.217	25.275	
5	14.4, F	0.878	25.317	
5	125.6, F	0.251	25.359	
5	127.8, F	0.237	25.400	
5	259.2, F	0.814	25.442	
5	130.0, F	0.282	25.484	
5	129.8, F	0.278	25.525	
5	14.6, F	0.818	25.567	
5	252.3, F	0.798	25.609	
5	140.9, F	0.38	25.651	
5	132.9, F	0.385	25.692	
5	18.7, F	0.841	25.734	
5	262.6, F	0.682	25.776	
5	108.5, F	0.309	25.817	
5	107.7, F	0.335	25.859	
5	109.5, F	0.338	25.901	
5	260.6, F	0.624	25.943	
5	97.9, F	0.416	25.984	
5	264.3, F	0.515	26.026	
5	87.3, F	0.544	26.068	
5	279.9, F	0.365	26.109	
5	71.4, F	0.722	26.151	
5	310.3, F	0.453	26.193	
5	311.1, F	0.354	26.235	
5	72.1, F	0.773	26.276	
5	196.7, F	0.779	26.318	
5	324.7, F	0.32	26.360	
5	332.4, F	0.35	26.401	
5	192.6, F	0.674	26.443	
5	77.6, F	0.819	26.485	
5	315.9, F	0.235	26.526	
5	318.7, F	0.217	26.568	
5	334.0, F	0.251	26.610	
5	187.1, F	0.699	26.652	
5	345.2, F	0.271	26.693	
5	347.7, F	0.239	26.735	
5	348.9, F	0.238	26.777	
5	126.7, F	1.258	26.818	
5	283.2, F	0.98	26.860	
5	12.4, F	0.279	26.902	
5	13.0, F	0.222	26.944	
5	173.9, F	0.708	26.985	
5	11.0, F	0.304	27.027	
5	20.0, F	0.286	27.069	
5	20.4, F	0.267	27.110	
5	172.9, F	0.838	27.152	
5	None	0	27.194	
5	None	0	27.236	
5	None	0	27.277	
5	None	0	27.319	
5	None	0	27.361	
5	None	0	27.402	
5	None	0	27.444	
5	None	0	27.486	
5	None	0	27.527	
5	None	0	27.569	0.4170000000000016
5	209.4, F	0.11	27.611	
5	216.2, F	0.115	27.653	
5	217.6, F	0.149	27.694	
5	222.2, F	0.205	27.736	
5	347.9, F	0.876	27.778	
5	231.5, F	0.207	27.819	
5	233.2, F	0.192	27.861	
5	98.0, F	0.81	27.903	
5	269.4, F	0.181	27.945	
5	238.9, F	0.159	27.986	
5	240.9, F	0.113	28.028	
5	251.3, F	0.118	28.070	
5	240.7, F	0.123	28.111	
5	240.0, F	0.164	28.153	
5	96.7, F	0.907	28.195	
5	355.4, F	0.813	28.237	
5	185.5, F	0.218	28.278	
5	171.3, F	0.257	28.320	
5	171.5, F	0.258	28.362	
5	180.8, F	0.228	28.403	
5	356.0, F	0.782	28.445	
5	198.4, F	0.228	28.487	
5	201.1, F	0.297	28.528	
5	198.4, F	0.323	28.570	
5	351.1, F	0.64	28.612	
5	199.2, F	0.313	28.654	
5	199.7, F	0.318	28.695	
5	349.0, F	0.646	28.737	
5	199.5, F	0.299	28.779	
5	107.0, F	0.873	28.820	
5	348.3, F	0.698	28.862	
5	206.8, F	0.353	28.904	
5	216.5, F	0.306	28.946	
5	229.9, F	0.216	28.987	
5	346.3, F	0.807	29.029	
5	105.0, F	0.729	29.071	
5	237.4, F	0.451	29.112	
5	265.3, F	0.379	29.154	
5	83.7, F	0.54	29.196	
5	288.4, F	0.422	29.238	
5	291.2, F	0.439	29.279	
5	70.5, F	0.61	29.321	
5	313.0, F	0.443	29.363	
5	136.6, F	0.976	29.404	
5	310.7, F	0.365	29.446	
5	313.9, F	0.336	29.488	
5	310.7, F	0.333	29.529	
5	133.4, F	0.946	29.571	
5	313.6, F	0.374	29.613	
5	305.4, F	0.392	29.655	
5	67.1, F	0.605	29.696	
5	210.0, F	0.785	29.738	
5	314.4, F	0.51	29.780	
5	46.0, F	0.772	29.821	
5	229.4, F	0.49	29.863	
5	114.5, F	0.642	29.905	
5	328.7, F	0.791	29.947	
5	230.1, F	0.472	29.988	
5	116.9, F	0.654	30.030	
5	331.4, F	0.717	30.072	
5	113.6, F	0.725	30.113	
5	223.0, F	0.469	30.155	
5	330.7, F	0.64	30.197	
5	125.7, F	0.875	30.239	
5	325.2, F	0.51	30.280	
5	214.7, F	0.619	30.322	
5	315.6, F	0.576	30.364	
5	139.9, F	0.779	30.405	
5	305.6, F	0.639	30.447	
5	157.9, F	0.626	30.489	
5	24.6, F	0.416	30.530	
5	297.9, F	0.925	30.572	
5	177.4, F	0.493	30.614	
5	4.9, F	0.503	30.656	
5	172.8, F	0.455	30.697	
5	23.8, F	0.486	30.739	
5	177.4, F	0.457	30.781	
5	8.2, F	0.464	30.822	
5	183.9, F	0.49	30.864	
5	1.2, F	0.391	30.906	
5	181.7, F	0.578	30.948	
5	332.7, F	0.362	30.989	
5	331.5, F	0.338	31.031	
5	193.8, F	0.672	31.073	
5	332.2, F	0.4	31.114	
5	66.0, F	0.702	31.156	
5	209.7, F	0.754	31.198	
5	311.3, F	0.478	31.240	
5	49.6, F	0.549	31.281	
5	230.0, F	0.955	31.323	
5	31.6, F	0.35	31.365	
5	26.6, F	0.366	31.406	
5	170.6, F	0.577	31.448	
5	4.4, F	0.4	31.490	
5	186.0, F	0.481	31.531	
5	352.0, F	0.591	31.573	
5	191.3, F	0.403	31.615	
5	349.9, F	0.556	31.657	
5	195.7, F	0.352	31.698	
5	350.7, F	0.709	31.740	
5	201.5, F	0.303	31.782	
5	206.8, F	0.206	31.823	
5	218.2, F	0.173	31.865	
5	225.0, F	0.194	31.907	
5	45.6, F	1.172	31.949	
5	220.4, F	0.213	31.990	
5	211.6, F	0.164	32.032	
5	214.5, F	0.148	32.074	
5	220.0, F	0.162	32.115	
5	223.6, F	0.146	32.157	
5	223.1, F	0.195	32.199	
5	351.5, F	0.836	32.241	
5	228.0, F	0.161	32.282	
5	95.7, F	0.85	32.324	
5	241.5, F	0.147	32.366	
5	240.4, F	0.133	32.407	
5	262.2, F	7.087	32.449	
5	None	0	32.491	
5	None	0	32.532	
5	None	0	32.574	0.125
5	17.3, F	0.131	32.616	
5	None	0	32.658	
5	None	0	32.699	
5	None	0	32.741	
5	None	0	32.783	
5	None	0	32.824	
5	None	0	32.866	0.25
5	109.7, F	0.124	32.908	
5	267.7, F	0.856	32.950	
5	110.4, F	0.226	32.991	
5	110.6, F	0.255	33.033	
5	103.9, F	0.376	33.075	
5	104.5, F	0.565	33.116	
5	232.6, F	0.317	33.158	
5	231.0, F	0.265	33.200	
5	345.4, F	0.829	33.242	
5	104.6, F	0.83	33.283	
5	207.1, F	0.191	33.325	
5	191.3, F	0.235	33.367	
5	180.2, F	0.272	33.408	
5	9.6, F	0.577	33.450	
5	134.3, F	0.354	33.492	
5	127.0, F	0.326	33.533	
5	316.9, F	0.965	33.575	
5	132.3, F	0.401	33.617	
5	130.8, F	0.34	33.659	
5	258.5, F	0.799	33.700	
5	6.9, F	0.858	33.742	
5	153.4, F	0.145	33.784	
5	182.9, F	0.117	33.825	
5	218.6, F	0.183	33.867	
5	212.4, F	0.159	33.909	
5	220.5, F	0.154	33.951	
5	212.7, F	0.176	33.992	
5	225.0, F	0.156	34.034	
5	43.9, F	1.186	34.076	
5	234.6, F	0.174	34.117	
5	None	0	34.159	
5	None	0	34.201	
5	None	0	34.243	
5	None	0	34.284	0.1670000000000016
5	15.2, F	0.13	34.326	
5	31.2, F	0.157	34.368	
5	41.2, F	0.246	34.409	
5	38.4, F	0.367	34.451	
5	134.4, F	0.606	34.493	
5	322.8, F	0.748	34.535	
5	119.5, F	0.674	34.576	
5	230.9, F	0.423	34.618	
5	345.3, F	0.852	34.660	
5	97.0, F	0.796	34.701	
5	242.6, F	0.206	34.743	
5	240.4, F	0.168	34.785	
5	231.9, F	0.112	34.826	
5	None	0	34.868	0.041999999999994486
5	337.1, F	0.147	34.910	
5	4.9, F	0.212	34.952	
5	30.0, F	0.272	34.993	
5	22.6, F	0.369	35.035	
5	169.3, F	0.667	35.077	
5	20.0, F	0.35	35.118	
5	20.8, F	0.461	35.160	
5	168.8, F	0.667	35.202	
5	23.1, F	0.321	35.244	
5	304.7, F	0.972	35.285	
5	146.2, F	0.374	35.327	
5	132.8, F	0.383	35.369	
5	22.5, F	0.781	35.410	
5	257.6, F	0.67	35.452	
5	111.5, F	0.467	35.494	
5	101.3, F	0.413	35.535	
5	268.6, F	0.576	35.577	
5	89.8, F	0.361	35.619	
5	280.0, F	0.526	35.661	
5	75.4, F	0.48	35.702	
5	68.2, F	0.475	35.744	
5	284.8, F	0.5	35.786	
5	68.4, F	0.479	35.827	
5	288.2, F	0.586	35.869	
5	153.7, F	0.924	35.911	
5	293.9, F	0.692	35.953	
5	37.2, F	0.453	35.994	
5	29.4, F	0.41	36.036	
5	237.0, F	0.936	36.078	
5	13.5, F	0.455	36.119	
5	183.6, F	0.523	36.161	
5	342.3, F	0.556	36.203	
5	202.2, F	0.447	36.245	
5	345.8, F	0.514	36.286	
5	127.6, F	0.785	36.328	
5	324.4, F	0.659	36.370	
5	212.8, F	0.592	36.411	
5	51.5, F	0.813	36.453	
5	218.7, F	0.578	36.495	
5	333.1, F	0.586	36.536	
5	122.3, F	0.828	36.578	
5	214.4, F	0.475	36.620	
5	1.1, F	0.489	36.662	
5	197.2, F	0.447	36.703	
5	348.9, F	0.55	36.745	
5	179.3, F	0.397	36.787	
5	7.4, F	0.609	36.828	
5	145.8, F	0.328	36.870	
5	141.8, F	0.393	36.912	
5	20.8, F	0.718	36.954	
5	141.2, F	0.329	36.995	
5	258.4, F	0.744	37.037	
5	116.6, F	0.349	37.079	
5	17.8, F	0.845	37.120	
5	113.2, F	0.353	37.162	
5	252.9, F	0.651	37.204	
5	118.9, F	0.393	37.246	
5	107.3, F	0.379	37.287	
5	258.8, F	0.568	37.329	
5	95.9, F	0.467	37.371	
5	335.5, F	0.873	37.412	
5	102.5, F	0.725	37.454	
5	239.9, F	0.176	37.496	
5	None	0	37.538	
5	None	0	37.579	0.08300000000000551
5	342.3, F	0.115	37.621	
5	335.4, F	0.132	37.663	
5	None	0	37.704	0.04200000000000159
5	331.2, F	0.129	37.746	
5	296.7, F	0.165	37.788	
5	81.9, F	0.785	37.829	
5	190.9, F	0.869	37.871	
5	327.3, F	0.272	37.913	
5	321.4, F	0.196	37.955	
5	21.2, F	0.1	37.996	
5	28.0, F	0.245	38.038	
5	46.6, F	0.246	38.080	
5	156.9, F	0.819	38.121	
5	55.1, F	0.556	38.163	
5	279.7, F	0.405	38.205	
5	82.6, F	0.577	38.247	
5	269.9, F	0.387	38.288	
5	270.0, F	0.349	38.330	
5	99.9, F	0.67	38.372	
5	250.7, F	0.459	38.413	
5	96.1, F	0.478	38.455	
5	249.9, F	0.404	38.497	
5	256.5, F	0.304	38.538	
5	92.5, F	0.785	38.580	
5	None	0	38.622	0.04200000000000159
5	115.7, F	0.256	38.664	
5	101.9, F	0.363	38.705	
5	259.8, F	0.475	38.747	
5	92.9, F	0.623	38.789	
5	355.7, F	0.88	38.830	
5	142.5, F	0.153	38.872	
5	107.3, F	0.248	38.914	
5	96.4, F	0.44	38.956	
5	220.3, F	0.244	38.997	
5	104.4, F	0.96	39.039	
5	168.2, F	0.288	39.081	
5	16.8, F	0.735	39.122	
5	207.6, F	0.623	39.164	
5	136.2, F	1.141	39.206	
5	329.0, F	0.132	39.248	
5	76.7, F	0.144	39.289	
5	104.3, F	0.363	39.331	
5	103.8, F	0.448	39.373	
5	237.6, F	0.405	39.414	
5	341.9, F	0.718	39.456	
5	116.7, F	0.893	39.498	
5	203.2, F	0.461	39.539	
5	356.5, F	0.463	39.581	
5	194.7, F	0.473	39.623	
5	20.8, F	0.451	39.665	
5	157.2, F	0.683	39.706	
5	49.3, F	0.486	39.748	
5	295.3, F	0.617	39.790	
5	151.1, F	1.056	39.831	
5	270.3, F	0.343	39.873	
5	88.9, F	0.667	39.915	
5	265.9, F	0.226	39.957	
5	None	0	39.998	
5	None	0	40.040	
5	None	0	40.082	0.125
5	151.3, F	0.144	40.123	
5	11.3, F	0.849	40.165	
5	134.2, F	0.255	40.207	
5	131.1, F	0.28	40.249	
5	131.2, F	0.258	40.290	
5	129.0, F	0.257	40.332	
5	261.3, F	0.791	40.374	
5	13.9, F	0.827	40.415	
5	128.2, F	0.258	40.457	
5	139.8, F	0.31	40.499	
5	136.4, F	0.286	40.541	
5	255.1, F	0.826	40.582	
5	13.7, F	0.692	40.624	
5	148.2, F	0.315	40.666	
5	151.1, F	0.368	40.707	
5	147.4, F	0.325	40.749	
5	24.0, F	0.501	40.791	
5	241.8, F	0.906	40.832	
5	19.7, F	0.566	40.874	
5	161.2, F	0.511	40.916	
5	15.9, F	0.581	40.958	
5	161.3, F	0.474	40.999	
5	307.3, F	1.012	41.041	
5	158.9, F	0.467	41.083	
5	153.4, F	0.385	41.124	
5	28.0, F	0.563	41.166	
5	160.6, F	0.506	41.208	
5	35.4, F	0.585	41.250	
5	239.2, F	0.808	41.291	
5	31.1, F	0.648	41.333	
5	146.8, F	0.577	41.375	
5	309.5, F	0.731	41.416	
5	143.4, F	0.743	41.458	
5	307.1, F	0.695	41.500	
5	148.2, F	0.719	41.541	
5	42.0, F	0.471	41.583	
5	296.0, F	0.754	41.625	
5	157.0, F	0.633	41.667	
5	21.2, F	0.427	41.708	
5	230.5, F	1.088	41.750	
5	36.6, F	0.193	41.792	
5	33.9, F	0.095	41.833	
5	346.4, F	0.128	41.875	
5	310.9, F	0.138	41.917	
5	313.5, F	0.167	41.959	
5	277.8, F	0.154	42.000	
5	143.8, F	1.27	42.042	
5	344.9, F	0.904	42.084	
5	232.4, F	0.314	42.125	
5	237.5, F	0.348	42.167	
5	110.9, F	0.693	42.209	
5	234.9, F	0.438	42.251	
5	325.4, F	0.777	42.292	
5	133.6, F	0.593	42.334	
5	234.9, F	0.758	42.376	
5	40.4, F	0.63	42.417	
5	155.0, F	0.758	42.459	
5	289.0, F	0.757	42.501	
5	49.6, F	0.315	42.542	
5	166.1, F	0.885	42.584	
5	275.5, F	0.803	42.626	
5	84.6, F	0.129	42.668	
5	74.6, F	0.136	42.709	
5	113.8, F	0.119	42.751	
5	150.1, F	0.122	42.793	
5	174.5, F	0.228	42.834	
5	356.6, F	0.715	42.876	
5	202.0, F	0.329	42.918	
5	206.5, F	0.471	42.960	
5	332.3, F	0.47	43.001	
5	209.8, F	0.607	43.043	
5	56.2, F	0.795	43.085	
5	219.6, F	0.696	43.126	
5	301.6, F	0.682	43.168	
5	148.1, F	0.727	43.210	
5	48.7, F	0.412	43.252	
5	283.6, F	0.757	43.293	
5	48.5, F	0.199	43.335	
5	173.6, F	0.913	43.377	
5	None	0	43.418	
5	None	0	43.460	0.08400000000000318
5	248.4, F	0.209	43.502	
5	247.2, F	0.273	43.544	
5	336.9, F	0.855	43.585	
5	110.5, F	0.64	43.627	
5	247.5, F	0.503	43.669	
5	235.8, F	0.564	43.710	
5	118.2, F	0.596	43.752	
5	325.5, F	0.892	43.794	
5	129.2, F	0.527	43.835	
5	228.0, F	0.794	43.877	
5	40.7, F	0.567	43.919	
5	148.5, F	0.731	43.961	
5	295.3, F	0.636	44.002	
5	59.7, F	0.463	44.044	
5	289.4, F	0.568	44.086	
5	156.0, F	0.941	44.127	
5	68.5, F	0.385	44.169	
5	274.4, F	0.641	44.211	
5	94.5, F	0.347	44.253	
5	95.2, F	0.341	44.294	
5	261.1, F	0.548	44.336	
5	110.1, F	0.46	44.378	
5	253.8, F	0.578	44.419	
5	28.9, F	0.918	44.461	
5	245.6, F	0.703	44.503	
5	143.8, F	0.514	44.544	
5	143.1, F	0.45	44.586	
5	23.6, F	0.575	44.628	
5	236.0, F	0.894	44.670	
5	30.3, F	0.483	44.711	
5	159.1, F	0.649	44.753	
5	39.5, F	0.462	44.795	
5	292.0, F	0.784	44.836	
5	155.1, F	0.713	44.878	
5	42.1, F	0.395	44.920	
5	291.8, F	0.747	44.962	
5	167.2, F	0.747	45.003	
5	24.6, F	0.298	45.045	
5	8.7, F	0.264	45.087	
5	359.1, F	0.254	45.128	
5	196.9, F	0.564	45.170	
5	326.8, F	0.752	45.212	
5	242.0, F	0.637	45.254	
5	17.3, F	0.859	45.295	
5	None	0	45.337	0.041999999999994486
5	277.9, F	0.284	45.379	
5	280.3, F	0.464	45.420	
5	295.5, F	0.645	45.462	
5	168.9, F	0.683	45.504	
5	2.3, F	0.222	45.545	
5	330.1, F	0.228	45.587	
5	314.4, F	0.273	45.629	
5	199.8, F	0.919	45.671	
5	76.8, F	0.488	45.712	
5	280.1, F	0.57	45.754	
5	67.1, F	0.409	45.796	
5	279.7, F	0.789	45.837	
5	36.5, F	0.252	45.879	
5	179.4, F	0.728	45.921	
5	356.1, F	0.341	45.963	
5	305.3, F	0.277	46.004	
5	277.3, F	0.368	46.046	
5	284.6, F	0.459	46.088	
5	83.2, F	0.423	46.129	
5	81.6, F	0.281	46.171	
5	217.7, F	1.179	46.213	
5	63.0, F	0.295	46.255	
5	83.2, F	0.194	46.296	
5	62.7, F	0.163	46.338	
5	277.5, F	0.86	46.380	
5	None	0	46.421	0.04200000000000159
5	192.8, F	0.122	46.463	
5	289.7, F	0.169	46.505	
5	298.4, F	0.301	46.547	
5	88.0, F	0.595	46.588	
5	261.6, F	0.467	46.630	
5	285.8, F	0.587	46.672	
5	57.6, F	0.437	46.713	
5	54.8, F	0.373	46.755	
5	222.4, F	1.052	46.797	
5	49.5, F	0.289	46.838	
5	46.4, F	0.207	46.880	
5	40.9, F	0.197	46.922	
5	28.8, F	0.135	46.964	
5	274.6, F	0.937	47.005	
5	40.3, F	0.096	47.047	
5	178.0, F	0.929	47.089	
5	None	0	47.130	
5	None	0	47.172	
5	None	0	47.214	
5	None	0	47.256	
5	None	0	47.297	0.20899999999999608
5	168.6, F	0.101	47.339	
5	160.9, F	0.104	47.381	
5	3.2, F	0.871	47.422	
5	162.8, F	0.129	47.464	
5	None	0	47.506	0.04099999999999682
5	159.2, F	0.102	47.547	
5	None	0	47.589	
5	None	0	47.631	
5	None	0	47.673	
5	None	0	47.714	
5	None	0	47.756	
5	None	0	47.798	0.25
5	68.8, F	0.119	47.839	
5	55.8, F	0.185	47.881	
5	58.1, F	0.174	47.923	
5	280.6, F	0.821	47.965	
5	46.1, F	0.323	48.006	
5	46.6, F	0.335	48.048	
5	162.8, F	0.784	48.090	
5	293.9, F	0.803	48.131	
5	36.1, F	0.437	48.173	
5	155.3, F	0.632	48.215	
5	19.0, F	0.566	48.257	
5	156.4, F	0.45	48.298	
5	308.7, F	1.009	48.340	
5	149.0, F	0.362	48.382	
5	141.1, F	0.307	48.423	
5	15.3, F	0.719	48.465	
5	133.5, F	0.342	48.507	
5	252.6, F	0.754	48.548	
5	126.3, F	0.335	48.590	
5	21.7, F	0.917	48.632	
5	263.6, F	0.536	48.674	
5	98.1, F	0.463	48.715	
5	264.8, F	0.486	48.757	
5	87.5, F	0.547	48.799	
5	274.4, F	0.42	48.840	
5	78.0, F	0.607	48.882	
5	288.8, F	0.392	48.924	
5	77.8, F	0.608	48.966	
5	294.6, F	0.413	49.007	
5	204.5, F	0.879	49.049	
5	65.2, F	0.711	49.091	
5	312.2, F	0.435	49.132	
5	309.8, F	0.448	49.174	
5	136.6, F	0.867	49.216	
5	311.2, F	0.533	49.258	
5	58.2, F	0.658	49.299	
5	222.6, F	0.754	49.341	
5	47.0, F	0.611	49.383	
5	230.8, F	0.724	49.424	
5	44.7, F	0.635	49.466	
5	226.6, F	0.749	49.508	
5	30.7, F	0.722	49.550	
5	236.1, F	0.69	49.591	
5	27.4, F	0.752	49.633	
5	134.9, F	0.467	49.675	
5	247.3, F	0.706	49.716	
5	26.5, F	0.775	49.758	
5	118.4, F	0.391	49.800	
5	261.9, F	0.682	49.841	
5	113.2, F	0.323	49.883	
5	114.5, F	0.291	49.925	
5	264.7, F	0.741	49.967	
5	13.5, F	0.978	50.008	
5	95.4, F	0.202	50.050	
5	68.9, F	0.131	50.092	
5	None	0	50.133	0.041999999999994486
5	271.0, F	0.899	50.175	
5	None	0	50.217	0.04200000000000159
5	175.1, F	1.037	50.259	
5	5.9, F	0.936	50.300	
5	97.1, F	0.122	50.342	
5	93.1, F	0.129	50.384	
5	108.0, F	0.139	50.425	
5	102.2, F	0.142	50.467	
5	109.6, F	0.11	50.509	
5	267.9, F	0.866	50.550	
5	None	0	50.592	0.04200000000000159
5	180.0, F	0.102	50.634	
5	215.4, F	0.19	50.676	
5	230.6, F	0.145	50.717	
5	233.6, F	0.17	50.759	
5	93.4, F	0.752	50.801	
5	278.5, F	0.391	50.842	
5	274.6, F	0.499	50.884	
5	70.6, F	0.371	50.926	
5	278.5, F	0.651	50.968	
5	46.9, F	0.129	51.009	
5	3.8, F	0.105	51.051	
5	347.1, F	0.25	51.093	
5	337.8, F	0.238	51.134	
5	201.2, F	0.8	51.176	
5	304.9, F	0.467	51.218	
5	52.0, F	0.614	51.260	
5	227.3, F	0.863	51.301	
5	24.2, F	0.452	51.343	
5	11.1, F	0.438	51.385	
5	183.5, F	0.547	51.426	
5	345.0, F	0.461	51.468	
5	202.3, F	0.54	51.510	
5	317.8, F	0.484	51.551	
5	212.1, F	0.803	51.593	
5	46.8, F	0.574	51.635	
5	305.6, F	0.813	51.677	
5	168.2, F	0.476	51.718	
5	12.9, F	0.481	51.760	
5	177.2, F	0.52	51.802	
5	351.8, F	0.421	51.843	
5	188.9, F	0.545	51.885	
5	348.2, F	0.478	51.927	
5	224.9, F	0.482	51.969	
5	327.9, F	0.985	52.010	
5	108.5, F	0.458	52.052	
5	258.5, F	0.665	52.094	
5	138.3, F	0.307	52.135	
5	175.5, F	0.308	52.177	
5	359.7, F	0.665	52.219	
5	187.0, F	0.344	52.261	
5	187.8, F	0.324	52.302	
5	347.0, F	0.7	52.344	
5	216.8, F	0.351	52.386	
5	222.2, F	0.333	52.427	
5	43.5, F	1.004	52.469	
5	249.0, F	0.546	52.511	
5	249.4, F	0.637	52.552	
5	134.9, F	0.37	52.594	
5	10.8, F	0.712	52.636	
5	180.0, F	0.31	52.678	
5	191.2, F	0.426	52.719	
5	344.3, F	0.522	52.761	
5	204.2, F	0.535	52.803	
5	327.5, F	0.459	52.844	
5	211.0, F	0.728	52.886	
5	55.7, F	0.595	52.928	
5	215.6, F	0.834	52.970	
5	47.4, F	0.495	53.011	
5	289.9, F	0.798	53.053	
5	163.6, F	0.804	53.095	
5	58.9, F	0.221	53.136	
5	115.8, F	0.106	53.178	
5	275.3, F	0.902	53.220	
5	31.7, F	0.169	53.262	
5	45.0, F	0.109	53.303	
5	15.7, F	0.14	53.345	
5	353.8, F	0.185	53.387	
5	338.9, F	0.297	53.428	
5	195.5, F	0.671	53.470	
5	326.2, F	0.572	53.512	
5	128.5, F	0.487	53.553	
5	312.9, F	1.008	53.595	
5	130.8, F	0.213	53.637	
5	166.0, F	0.095	53.679	
5	232.3, F	0.095	53.720	
5	284.4, F	0.14	53.762	
5	306.1, F	0.256	53.804	
5	308.1, F	0.357	53.845	
5	64.6, F	0.675	53.887	
5	308.7, F	0.531	53.929	
5	238.5, F	0.635	53.971	
5	26.7, F	0.875	54.012	
5	106.9, F	0.357	54.054	
5	263.9, F	0.671	54.096	
5	99.5, F	0.28	54.137	
5	62.6, F	0.285	54.179	
5	280.0, F	0.723	54.221	
5	53.6, F	0.448	54.263	
5	42.0, F	0.612	54.304	
5	228.3, F	0.648	54.346	
5	43.7, F	0.783	54.388	
5	231.7, F	0.5	54.429	
5	109.6, F	0.642	54.471	
5	339.3, F	0.888	54.513	
5	258.6, F	0.313	54.554	
5	87.5, F	0.627	54.596	
5	276.5, F	0.328	54.638	
5	281.5, F	0.285	54.680	
5	81.4, F	0.711	54.721	
5	303.1, F	0.285	54.763	
5	198.7, F	0.767	54.805	
5	327.9, F	0.461	54.846	
5	57.3, F	0.897	54.888	
5	211.3, F	0.563	54.930	
5	327.1, F	0.455	54.972	
5	126.3, F	0.934	55.013	
5	332.7, F	0.571	55.055	
5	209.5, F	0.517	55.097	
5	333.3, F	0.586	55.138	
5	124.2, F	0.837	55.180	
5	328.2, F	0.601	55.222	
5	219.0, F	0.584	55.264	
5	35.7, F	0.813	55.305	
5	246.7, F	0.68	55.347	
5	138.7, F	0.407	55.389	
5	311.7, F	1.082	55.430	
5	144.4, F	0.268	55.472	
5	150.0, F	0.208	55.514	
5	161.7, F	0.197	55.555	
5	160.9, F	0.107	55.597	
5	2.2, F	0.807	55.639	
5	160.9, F	0.186	55.681	
5	144.5, F	0.158	55.722	
5	142.2, F	0.147	55.764	
5	110.0, F	0.164	55.806	
5	270.9, F	0.717	55.847	
5	86.4, F	0.315	55.889	
5	87.0, F	0.329	55.931	
5	85.8, F	0.355	55.973	
5	278.1, F	0.414	56.014	
5	84.0, F	0.551	56.056	
5	287.4, F	0.405	56.098	
5	266.4, F	0.349	56.139	
5	76.9, F	0.631	56.181	
5	305.6, F	0.385	56.223	
5	305.2, F	0.371	56.265	
5	132.7, F	0.933	56.306	
5	327.4, F	0.7	56.348	
5	225.7, F	0.409	56.390	
5	40.7, F	1.047	56.431	
5	263.8, F	0.305	56.473	
5	282.3, F	0.347	56.515	
5	74.1, F	0.674	56.556	
5	312.0, F	0.478	56.598	
5	207.6, F	0.7	56.640	
5	31.8, F	0.829	56.682	
5	243.2, F	0.621	56.723	
5	26.6, F	0.852	56.765	
5	249.8, F	0.682	56.807	
5	89.2, F	0.374	56.848	
5	67.0, F	0.462	56.890	
5	285.4, F	0.398	56.932	
5	76.7, F	0.733	56.974	
5	349.8, F	0.437	57.015	
5	187.7, F	0.545	57.057	
5	355.8, F	0.412	57.099	
5	177.9, F	0.541	57.140	
5	13.9, F	0.496	57.182	
5	149.4, F	0.402	57.224	
5	20.5, F	0.9	57.266	
5	247.0, F	0.538	57.307	
5	94.3, F	0.727	57.349	
5	258.0, F	0.24	57.391	
5	284.4, F	0.221	57.432	
5	84.2, F	0.761	57.474	
5	300.7, F	0.252	57.516	
5	312.3, F	0.26	57.557	
5	309.7, F	0.263	57.599	
5	77.0, F	0.767	57.641	
5	196.0, F	0.932	57.683	
5	317.1, F	0.366	57.724	
5	318.3, F	0.448	57.766	
5	63.3, F	0.734	57.808	
5	238.6, F	0.639	57.849	
5	43.9, F	0.643	57.891	
5	236.9, F	0.804	57.933	
5	31.8, F	0.6	57.975	
5	234.7, F	1.027	58.016	
5	6.4, F	0.501	58.058	
5	175.8, F	0.342	58.100	
5	358.2, F	0.484	58.141	
5	184.5, F	0.589	58.183	
5	354.2, F	0.668	58.225	
5	190.4, F	0.414	58.267	
5	191.6, F	0.347	58.308	
5	349.2, F	0.721	58.350	
5	108.0, F	0.864	58.392	
5	239.0, F	0.295	58.433	
5	233.8, F	0.421	58.475	
5	327.7, F	0.831	58.517	
5	119.1, F	0.444	58.558	
5	248.8, F	0.601	58.600	
5	127.7, F	0.345	58.642	
5	10.4, F	0.775	58.684	
5	158.0, F	0.179	58.725	
5	259.8, F	1.006	58.767	
5	207.2, F	0.162	58.809	
5	94.4, F	0.857	58.850	
5	228.5, F	0.184	58.892	
5	349.9, F	0.779	58.934	
5	215.6, F	0.156	58.976	
5	None	0	59.017	0.041999999999994486
5	147.7, F	0.18	59.059	
5	139.1, F	0.279	59.101	
5	134.4, F	0.349	59.142	
5	29.4, F	0.749	59.184	
5	235.8, F	0.667	59.226	
5	129.3, F	0.643	59.268	
5	299.8, F	0.499	59.309	
5	145.0, F	1.034	59.351	
5	285.5, F	0.348	59.393	
5	283.6, F	0.247	59.434	
5	92.5, F	0.792	59.476	
5	221.0, F	0.236	59.518	
5	232.1, F	0.184	59.559	
5	350.0, F	0.794	59.601	
5	207.6, F	0.328	59.643	
5	204.1, F	0.435	59.685	
5	120.8, F	0.986	59.726	
5	342.0, F	0.371	59.768	
5	350.9, F	0.27	59.810	
5	177.9, F	0.777	59.851	
5	359.1, F	0.187	59.893	
5	350.2, F	0.177	59.935	
5	315.4, F	0.194	59.977	
5	268.7, F	0.536	60.018	
5	109.0, F	0.326	60.060	
5	259.2, F	0.926	60.102	
5	204.0, F	0.142	60.143	
5	225.0, F	0.264	60.185	
5	234.2, F	0.323	60.227	
5	104.6, F	0.671	60.269	
5	326.3, F	0.751	60.310	
5	241.3, F	0.601	60.352	
5	136.3, F	0.641	60.394	
5	54.7, F	0.615	60.435	
5	217.7, F	0.763	60.477	
5	66.8, F	0.685	60.519	
5	292.6, F	0.353	60.560	
5	281.4, F	0.355	60.602	
5	143.1, F	1.105	60.644	
5	260.8, F	0.3	60.686	
5	260.3, F	0.292	60.727	
5	237.6, F	0.323	60.769	
5	48.4, F	1.051	60.811	
5	200.3, F	0.398	60.852	
5	185.5, F	0.365	60.894	
5	7.5, F	0.582	60.936	
5	156.5, F	0.492	60.978	
5	46.4, F	0.619	61.019	
5	218.2, F	0.617	61.061	
5	53.1, F	0.893	61.103	
5	202.8, F	0.426	61.144	
5	183.8, F	0.367	61.186	
5	356.1, F	0.512	61.228	
5	182.6, F	0.572	61.270	
5	358.1, F	0.512	61.311	
5	167.5, F	0.721	61.353	
5	23.7, F	0.398	61.395	
5	56.9, F	0.284	61.436	
5	58.2, F	0.3	61.478	
5	159.2, F	0.834	61.520	
5	275.3, F	0.641	61.561	
5	83.5, F	0.352	61.603	
5	105.8, F	0.372	61.645	
5	267.2, F	0.63	61.687	
5	105.7, F	0.378	61.728	
5	250.5, F	0.525	61.770	
5	112.4, F	0.625	61.812	
5	339.2, F	0.845	61.853	
5	104.1, F	0.787	61.895	
5	211.1, F	0.326	61.937	
5	200.2, F	0.432	61.979	
5	345.7, F	0.584	62.020	
5	199.2, F	0.431	62.062	
5	44.5, F	1.152	62.104	
5	203.8, F	0.424	62.145	
5	199.1, F	0.395	62.187	
5	349.0, F	0.692	62.229	
5	192.1, F	0.553	62.271	
5	193.4, F	0.525	62.312	
5	342.6, F	0.331	62.354	
5	340.3, F	0.253	62.396	
5	122.1, F	1.08	62.437	
5	348.4, F	0.397	62.479	
5	320.4, F	0.227	62.521	
5	187.3, F	0.844	62.562	
5	326.6, F	0.113	62.604	
5	346.7, F	0.117	62.646	
5	17.5, F	0.116	62.688	
5	None	0	62.729	
5	None	0	62.771	
5	None	0	62.813	0.125
5	304.4, F	0.161	62.854	
5	306.9, F	0.25	62.896	
5	306.4, F	0.25	62.938	
5	141.7, F	1.094	62.980	
5	281.2, F	0.483	63.021	
5	273.9, F	0.323	63.063	
5	92.3, F	0.755	63.105	
5	303.7, F	0.206	63.146	
5	205.2, F	0.113	63.188	
5	173.7, F	0.219	63.230	
5	145.1, F	0.19	63.272	
5	15.0, F	0.742	63.313	
5	124.4, F	0.69	63.355	
5	203.6, F	0.544	63.397	
5	66.8, F	1.011	63.438	
5	177.3, F	0.583	63.480	
5	39.7, F	0.473	63.522	
5	301.3, F	0.699	63.563	
5	140.3, F	0.848	63.605	
5	310.6, F	0.424	63.647	
5	73.5, F	0.988	63.689	
5	176.1, F	0.626	63.730	
5	24.6, F	0.281	63.772	
5	39.3, F	0.287	63.814	
5	219.8, F	0.863	63.855	
5	63.0, F	0.593	63.897	
5	305.8, F	0.427	63.939	
5	72.5, F	0.811	63.981	
5	187.5, F	0.798	64.022	
5	346.5, F	0.133	64.064	
5	359.4, F	0.095	64.106	
5	38.0, F	0.115	64.147	
5	55.3, F	0.206	64.189	
5	65.1, F	0.273	64.231	
5	64.7, F	0.361	64.273	
5	215.5, F	1.096	64.314	
5	77.1, F	0.44	64.356	
5	275.7, F	0.491	64.398	
5	80.4, F	0.542	64.439	
5	281.3, F	0.454	64.481	
5	89.9, F	0.718	64.523	
5	295.2, F	0.211	64.564	
5	302.2, F	0.16	64.606	
5	309.4, F	0.123	64.648	
5	85.3, F	1.038	64.690	
5	49.8, F	0.101	64.731	
5	274.4, F	0.868	64.773	
5	167.9, F	0.974	64.815	
5	80.5, F	0.547	64.856	
5	82.0, F	0.57	64.898	
5	281.4, F	0.355	64.940	
5	273.5, F	0.265	64.982	
5	84.7, F	0.815	65.023	
5	308.6, F	0.146	65.065	
5	None	0	65.107	0.04099999999999682
5	348.2, F	0.167	65.148	
5	25.0, F	0.18	65.190	
5	22.8, F	0.234	65.232	
5	173.0, F	0.731	65.274	
5	18.9, F	0.428	65.315	
5	12.5, F	0.492	65.357	
5	169.4, F	0.526	65.399	
5	305.5, F	1.152	65.440	
5	163.2, F	0.319	65.482	
5	157.4, F	0.122	65.524	
5	2.1, F	0.884	65.566	
5	168.0, F	0.121	65.607	
5	174.7, F	0.162	65.649	
5	None	0	65.691	
5	None	0	65.732	0.08299999999999841
5	185.5, F	0.158	65.774	
5	188.1, F	0.107	65.816	
5	181.8, F	0.227	65.857	
5	358.7, F	0.75	65.899	
5	190.9, F	0.259	65.941	
5	191.9, F	0.427	65.983	
5	200.4, F	0.505	66.024	
5	61.5, F	0.991	66.066	
5	220.2, F	0.601	66.108	
5	318.5, F	0.668	66.149	
5	264.5, F	0.661	66.191	
5	70.6, F	0.108	66.233	
5	313.5, F	0.139	66.275	
5	305.7, F	0.322	66.316	
5	306.6, F	1.055	66.358	
5	199.4, F	0.364	66.400	
5	334.5, F	0.93	66.441	
5	73.5, F	0.299	66.483	
5	280.7, F	1.196	66.525	
5	21.4, F	0.672	66.566	
5	253.4, F	1.033	66.608	
5	237.2, F	0.26	66.650	
5	12.0, F	1.146	66.692	
5	233.2, F	1.322	66.733	
5	300.7, F	0.411	66.775	
5	32.8, F	0.471	66.817	
5	327.5, F	0.611	66.858	
5	238.7, F	0.622	66.900	
5	242.9, F	0.791	66.942	
5	2.2, F	0.772	66.984	
5	248.0, F	0.422	67.025	
5	256.1, F	0.767	67.067	
5	159.2, F	0.172	67.109	
5	202.7, F	0.197	67.150	
5	337.4, F	0.871	67.192	
5	104.8, F	0.457	67.234	
5	264.2, F	0.718	67.276	
5	126.4, F	0.133	67.317	
5	259.1, F	0.127	67.359	
5	271.1, F	0.351	67.401	
5	272.6, F	0.567	67.442	
5	90.0, F	0.223	67.484	
5	0.8, F	0.139	67.526	
5	304.8, F	0.1	67.567	
5	301.5, F	0.212	67.609	
5	283.9, F	0.416	67.651	
5	288.1, F	0.656	67.693	
5	157.9, F	0.739	67.734	
5	27.0, F	0.321	67.776	
5	290.1, F	0.924	67.818	
5	339.9, F	0.351	67.859	
5	198.0, F	0.715	67.901	
5	62.3, F	0.632	67.943	
5	297.8, F	0.642	67.985	
5	159.7, F	0.679	68.026	
5	293.5, F	0.884	68.068	
5	13.1, F	0.435	68.110	
5	177.6, F	0.626	68.151	
5	345.6, F	0.325	68.193	
5	338.0, F	0.328	68.235	
5	189.4, F	0.752	68.277	
5	333.9, F	0.264	68.318	
5	78.8, F	0.867	68.360	
5	318.9, F	0.208	68.402	
5	186.0, F	0.842	68.443	
5	321.9, F	0.159	68.485	
5	None	0	68.527	
5	None	0	68.569	
5	None	0	68.610	
5	None	0	68.652	
5	None	0	68.694	0.2079999999999984
5	329.0, F	0.126	68.735	
5	313.3, F	0.17	68.777	
5	296.2, F	0.22	68.819	
5	299.2, F	0.27	68.860	
5	136.9, F	1.024	68.902	
5	309.6, F	0.393	68.944	
5	324.4, F	0.445	68.986	
5	69.9, F	0.74	69.027	
5	196.5, F	0.814	69.069	
5	305.5, F	0.262	69.111	
5	287.2, F	0.229	69.152	
5	93.1, F	0.721	69.194	
5	246.1, F	0.287	69.236	
5	233.9, F	0.333	69.278	
5	239.9, F	0.273	69.319	
5	119.4, F	1.05	69.361	
5	349.8, F	0.333	69.403	
5	349.2, F	0.305	69.444	
5	181.2, F	0.724	69.486	
5	None	0	69.528	
5	None	0	69.569	0.08299999999999841
5	200.9, F	0.168	69.611	
5	190.4, F	0.266	69.653	
5	185.3, F	0.477	69.695	
5	13.7, F	0.279	69.736	
5	23.8, F	0.235	69.778	
5	170.6, F	0.827	69.820	
5	88.2, F	0.193	69.861	
5	125.9, F	0.198	69.903	
5	260.7, F	0.722	69.945	
5	25.5, F	0.872	69.987	
5	129.5, F	0.527	70.028	
5	242.4, F	0.626	70.070	
5	129.6, F	0.614	70.112	
5	314.2, F	0.53	70.153	
5	137.1, F	1.003	70.195	
5	297.1, F	0.334	70.237	
5	282.4, F	0.293	70.279	
5	86.3, F	0.664	70.320	
5	241.4, F	0.324	70.362	
5	222.2, F	0.332	70.404	
5	109.7, F	0.804	70.445	
5	339.5, F	0.587	70.487	
5	187.1, F	0.611	70.529	
5	354.1, F	0.367	70.570	
5	183.3, F	0.626	70.612	
5	354.2, F	0.357	70.654	
5	183.8, F	0.875	70.696	
5	None	0	70.737	0.04200000000000159
5	328.4, F	0.113	70.779	
5	None	0	70.821	
5	None	0	70.862	
5	None	0	70.904	0.125
5	193.9, F	0.22	70.946	
5	48.4, F	1.264	70.988	
5	191.1, F	0.239	71.029	
5	192.4, F	0.238	71.071	
5	192.7, F	0.237	71.113	
5	190.6, F	0.218	71.154	
5	7.0, F	0.66	71.196	
5	167.1, F	0.31	71.238	
5	162.2, F	0.249	71.280	
5	6.7, F	0.646	71.321	
5	245.8, F	0.999	71.363	
5	168.1, F	0.379	71.405	
5	4.9, F	0.584	71.446	
5	173.1, F	0.408	71.488	
5	358.0, F	0.522	71.530	
5	183.8, F	0.472	71.572	
5	183.6, F	0.519	71.613	
5	352.7, F	0.462	71.655	
5	348.6, F	0.424	71.697	
5	187.6, F	0.704	71.738	
5	73.0, F	0.931	71.780	
5	324.5, F	0.181	71.822	
5	187.6, F	0.846	71.863	
5	307.8, F	0.227	71.905	
5	295.6, F	0.245	71.947	
5	294.9, F	0.264	71.989	
5	94.4, F	0.711	72.030	
5	273.4, F	0.284	72.072	
5	273.9, F	0.268	72.114	
5	251.7, F	0.207	72.155	
5	92.2, F	0.868	72.197	
5	None	0	72.239	
5	None	0	72.281	0.08299999999999841
5	132.0, F	0.12	72.322	
5	103.7, F	0.254	72.364	
5	266.2, F	0.6	72.406	
5	94.3, F	0.483	72.447	
5	264.0, F	0.487	72.489	
5	103.2, F	0.33	72.531	
5	120.8, F	0.244	72.572	
5	260.7, F	0.852	72.614	
5	3.7, F	0.782	72.656	
5	210.4, F	0.269	72.698	
5	230.2, F	0.286	72.739	
5	107.0, F	0.696	72.781	
5	228.0, F	0.457	72.823	
5	324.2, F	0.774	72.864	
5	135.2, F	0.777	72.906	
5	306.6, F	0.689	72.948	
5	142.2, F	0.703	72.990	
5	287.5, F	0.607	73.031	
5	66.7, F	0.43	73.073	
5	211.1, F	1.145	73.115	
5	87.3, F	0.381	73.156	
5	92.6, F	0.375	73.198	
5	255.0, F	0.604	73.240	
5	27.6, F	0.904	73.282	
5	254.6, F	0.599	73.323	
5	138.8, F	0.425	73.365	
5	139.2, F	0.41	73.407	
5	19.7, F	0.682	73.448	
5	245.2, F	0.804	73.490	
5	152.9, F	0.805	73.532	
5	71.7, F	0.49	73.573	
5	293.7, F	0.44	73.615	
5	73.8, F	0.708	73.657	
5	191.9, F	0.869	73.699	
5	294.7, F	0.141	73.740	
5	343.8, F	0.111	73.782	
5	None	0	73.824	0.04099999999999682
5	66.0, F	0.162	73.865	
5	70.4, F	0.229	73.907	
5	71.3, F	0.222	73.949	
5	71.2, F	0.218	73.991	
5	269.1, F	0.731	74.032	
5	112.4, F	0.268	74.074	
5	136.6, F	0.271	74.116	
5	120.0, F	0.256	74.157	
5	248.5, F	0.776	74.199	
5	27.6, F	0.794	74.241	
5	123.5, F	0.487	74.283	
5	224.8, F	0.716	74.324	
5	43.1, F	0.694	74.366	
5	235.0, F	0.574	74.408	
5	134.6, F	0.713	74.449	
5	324.2, F	0.64	74.491	
5	130.9, F	0.981	74.533	
5	340.9, F	0.497	74.575	
5	337.5, F	0.374	74.616	
5	201.9, F	0.429	74.658	
5	61.1, F	1.162	74.700	
5	159.0, F	0.587	74.741	
5	309.3, F	0.812	74.783	
5	126.0, F	0.775	74.825	
5	349.3, F	0.4	74.866	
5	179.1, F	0.716	74.908	
5	29.7, F	0.172	74.950	
5	61.9, F	0.202	74.992	
5	65.6, F	0.314	75.033	
5	65.2, F	0.424	75.075	
5	207.3, F	0.992	75.117	
5	82.4, F	0.535	75.158	
5	261.0, F	0.206	75.200	
5	93.5, F	0.84	75.242	
5	250.0, F	0.149	75.284	
5	209.1, F	0.111	75.325	
5	153.6, F	0.2	75.367	
5	9.9, F	0.758	75.409	
5	147.6, F	0.367	75.450	
5	140.1, F	0.434	75.492	
5	231.2, F	0.637	75.534	
5	42.9, F	0.767	75.575	
5	225.4, F	0.594	75.617	
5	44.6, F	0.812	75.659	
5	223.7, F	0.544	75.701	
5	331.0, F	0.745	75.742	
5	114.1, F	0.677	75.784	
5	251.3, F	0.346	75.826	
5	256.4, F	0.335	75.867	
5	99.3, F	0.668	75.909	
5	253.4, F	0.329	75.951	
5	342.2, F	1.0	75.993	
5	93.4, F	0.673	76.034	
5	281.8, F	0.303	76.076	
5	279.5, F	0.302	76.118	
5	91.2, F	0.647	76.159	
5	269.6, F	0.542	76.201	
5	88.5, F	0.31	76.243	
5	265.6, F	0.789	76.285	
5	113.4, F	0.096	76.326	
5	None	0	76.368	0.04200000000000159
5	321.0, F	0.135	76.410	
5	185.4, F	0.92	76.451	
5	309.5, F	0.11	76.493	
5	320.1, F	0.159	76.535	
5	318.8, F	0.149	76.576	
5	339.7, F	0.188	76.618	
5	74.5, F	0.989	76.660	
5	351.4, F	0.341	76.702	
5	185.8, F	0.581	76.743	
5	2.1, F	0.567	76.785	
5	174.7, F	0.455	76.827	
5	2.4, F	0.673	76.868	
5	171.5, F	0.217	76.910	
5	169.7, F	0.196	76.952	
5	170.0, F	0.116	76.994	
5	1.2, F	0.909	77.035	
5	None	0	77.077	
5	None	0	77.119	0.08299999999999841
5	265.5, F	0.982	77.160	
5	None	0	77.202	
5	None	0	77.244	0.08400000000000318
5	91.0, F	0.922	77.286	
5	281.4, F	0.111	77.327	
5	279.2, F	0.187	77.369	
5	279.6, F	0.204	77.411	
5	272.5, F	0.184	77.452	
5	273.1, F	0.187	77.494	
5	281.7, F	0.187	77.536	
5	86.0, F	0.809	77.578	
5	293.0, F	0.187	77.619	
5	297.1, F	0.191	77.661	
5	314.8, F	0.25	77.703	
5	312.7, F	0.243	77.744	
5	140.0, F	1.08	77.786	
5	290.8, F	0.417	77.828	
5	284.9, F	0.514	77.869	
5	72.8, F	0.516	77.911	
5	283.6, F	0.6	77.953	
5	68.5, F	0.327	77.995	
5	69.8, F	0.191	78.036	
5	222.9, F	1.267	78.078	
5	63.4, F	0.157	78.120	
5	59.5, F	0.138	78.161	
5	55.1, F	0.117	78.203	
5	None	0	78.245	
5	None	0	78.287	
5	None	0	78.328	0.125
5	35.7, F	0.118	78.370	
5	29.4, F	0.092	78.412	
5	274.9, F	0.941	78.453	
5	34.4, F	0.092	78.495	
5	8.3, F	0.167	78.537	
5	5.4, F	0.193	78.578	
5	179.1, F	0.793	78.620	
5	358.5, F	0.264	78.662	
5	357.8, F	0.281	78.704	
5	347.5, F	0.278	78.745	
5	185.6, F	0.687	78.787	
5	349.7, F	0.331	78.829	
5	72.0, F	0.942	78.870	
5	192.1, F	0.68	78.912	
5	340.0, F	0.428	78.954	
5	338.0, F	0.489	78.996	
5	206.7, F	0.557	79.037	
5	328.4, F	0.669	79.079	
5	128.7, F	0.771	79.121	
5	323.5, F	0.673	79.162	
5	122.2, F	0.665	79.204	
5	232.3, F	0.54	79.246	
5	325.8, F	0.739	79.288	
5	123.0, F	0.658	79.329	
5	329.3, F	0.849	79.371	
5	117.4, F	0.581	79.413	
5	241.9, F	0.524	79.454	
5	111.4, F	0.556	79.496	
5	330.9, F	0.951	79.538	
5	99.4, F	0.551	79.579	
5	258.3, F	0.449	79.621	
5	261.1, F	0.387	79.663	
5	93.0, F	0.566	79.705	
5	269.3, F	0.431	79.746	
5	85.0, F	0.554	79.788	
5	275.5, F	0.43	79.830	
5	80.6, F	0.491	79.871	
5	283.6, F	0.493	79.913	
5	69.3, F	0.543	79.955	
5	297.5, F	0.483	79.997	
5	211.0, F	0.741	80.038	
5	52.7, F	0.771	80.080	
5	208.0, F	0.678	80.122	
5	54.5, F	0.848	80.163	
5	332.2, F	0.681	80.205	
5	210.5, F	0.522	80.247	
5	211.1, F	0.492	80.289	
5	49.4, F	0.96	80.330	
5	218.4, F	0.404	80.372	
5	341.6, F	0.778	80.414	
5	226.2, F	0.306	80.455	
5	102.9, F	0.783	80.497	
5	244.4, F	0.229	80.539	
5	245.9, F	0.22	80.581	
5	227.1, F	0.226	80.622	
5	44.7, F	1.168	80.664	
5	232.5, F	0.212	80.706	
5	244.3, F	0.18	80.747	
5	248.1, F	0.182	80.789	
5	269.3, F	0.164	80.831	
5	299.7, F	0.163	80.872	
5	84.3, F	0.845	80.914	
5	286.2, F	0.179	80.956	
5	280.3, F	0.202	80.998	
5	287.7, F	0.22	81.039	
5	282.5, F	0.203	81.081	
5	275.6, F	0.194	81.123	
5	90.8, F	0.759	81.164	
5	265.5, F	0.303	81.206	
5	F	0.291	81.248	
5	275.2, F	0.317	81.290	
5	88.4, F	0.616	81.331	
5	270.9, F	0.609	81.373	
5	80.5, F	0.303	81.415	
5	276.0, F	0.732	81.456	
5	164.3, F	0.866	81.498	
5	48.6, F	0.248	81.540	
5	57.3, F	0.219	81.581	
5	F	0.213	81.623	
5	284.2, F	0.828	81.665	
5	50.9, F	0.208	81.707	
5	45.0, F	0.255	81.748	
5	166.0, F	0.833	81.790	
5	61.5, F	0.271	81.832	
5	289.0, F	0.561	81.873	
5	73.1, F	0.587	81.915	
5	300.3, F	0.46	81.957	
5	141.8, F	0.966	81.999	
5	298.1, F	0.441	82.040	
5	67.0, F	0.664	82.082	
5	297.4, F	0.43	82.124	
5	299.3, F	0.406	82.165	
5	148.1, F	1.053	82.207	
5	280.9, F	0.464	82.249	
5	79.3, F	0.49	82.291	
5	279.5, F	0.538	82.332	
5	79.4, F	0.38	82.374	
5	275.6, F	0.576	82.416	
5	85.4, F	0.471	82.457	
5	283.2, F	0.444	82.499	
5	74.3, F	0.601	82.541	
5	298.0, F	0.511	82.582	
5	147.4, F	0.819	82.624	
5	301.4, F	0.599	82.666	
5	46.0, F	0.552	82.708	
5	221.7, F	0.832	82.749	
5	48.5, F	0.562	82.791	
5	45.9, F	0.516	82.833	
5	225.0, F	0.859	82.874	
5	26.9, F	0.591	82.916	
5	241.8, F	0.824	82.958	
5	16.7, F	0.609	83.000	
5	169.5, F	0.408	83.041	
5	188.2, F	0.422	83.083	
5	345.4, F	0.557	83.125	
5	209.3, F	0.399	83.166	
5	339.8, F	0.805	83.208	
5	113.1, F	0.647	83.250	
5	246.6, F	0.452	83.292	
5	248.2, F	0.498	83.333	
5	22.8, F	0.886	83.375	
5	118.0, F	0.333	83.417	
5	258.2, F	0.708	83.458	
5	100.8, F	0.282	83.500	
5	93.7, F	0.246	83.542	
5	274.1, F	0.741	83.584	
5	70.8, F	0.234	83.625	
5	60.7, F	0.227	83.667	
5	35.6, F	0.196	83.709	
5	30.3, F	0.139	83.750	
5	18.6, F	0.11	83.792	
5	14.4, F	0.113	83.834	
5	181.2, F	0.795	83.875	
5	333.0, F	0.218	83.917	
5	332.1, F	0.233	83.959	
5	325.2, F	0.259	84.001	
5	312.8, F	0.236	84.042	
5	191.4, F	0.826	84.084	
5	321.5, F	0.243	84.126	
5	316.6, F	0.255	84.167	
5	72.2, F	0.814	84.209	
5	318.7, F	0.329	84.251	
5	199.9, F	0.683	84.293	
5	321.7, F	0.337	84.334	
5	321.6, F	0.361	84.376	
5	127.8, F	0.963	84.418	
5	329.6, F	0.435	84.459	
5	330.0, F	0.414	84.501	
5	196.7, F	0.559	84.543	
5	334.7, F	0.636	84.584	
5	109.7, F	0.796	84.626	
5	341.1, F	0.716	84.668	
5	202.0, F	0.302	84.710	
5	186.0, F	0.202	84.751	
5	None	0	84.793	
5	None	0	84.835	0.08299999999999841
5	65.3, F	0.149	84.876	
5	59.5, F	0.302	84.918	
5	52.4, F	0.447	84.960	
5	310.3, F	0.669	85.002	
5	128.4, F	0.96	85.043	
5	334.7, F	0.618	85.085	
5	112.9, F	0.813	85.127	
5	344.5, F	0.717	85.168	
5	231.5, F	0.339	85.210	
5	231.8, F	0.31	85.252	
5	261.2, F	0.267	85.294	
5	89.5, F	0.729	85.335	
5	261.0, F	0.147	85.377	
5	356.0, F	0.895	85.419	
5	None	0	85.460	
5	None	0	85.502	0.08400000000000318
5	122.2, F	0.178	85.544	
5	106.7, F	0.227	85.585	
5	118.6, F	0.293	85.627	
5	126.0, F	0.429	85.669	
5	234.0, F	0.629	85.711	
5	59.1, F	0.782	85.752	
5	201.7, F	0.703	85.794	
5	323.0, F	0.421	85.836	
5	77.5, F	0.851	85.877	
5	184.6, F	0.878	85.919	
5	None	0	85.961	
5	None	0	86.003	0.08299999999999841
5	38.3, F	0.097	86.044	
5	63.4, F	0.096	86.086	
5	77.7, F	0.136	86.128	
5	271.1, F	0.85	86.169	
5	38.9, F	0.179	86.211	
5	41.6, F	0.169	86.253	
5	64.0, F	0.191	86.295	
5	69.3, F	0.204	86.336	
5	68.4, F	0.354	86.378	
5	212.6, F	1.036	86.420	
5	77.6, F	0.54	86.461	
5	288.7, F	0.427	86.503	
5	74.9, F	0.633	86.545	
5	285.4, F	0.308	86.587	
5	289.5, F	0.267	86.628	
5	82.4, F	0.729	86.670	
5	249.7, F	0.3	86.712	
5	252.8, F	0.29	86.753	
5	107.3, F	0.687	86.795	
5	238.5, F	0.429	86.837	
5	245.0, F	0.382	86.878	
5	109.9, F	0.696	86.920	
5	336.6, F	0.768	86.962	
5	215.6, F	0.323	87.004	
5	193.9, F	0.296	87.045	
5	105.1, F	1.036	87.087	
5	6.2, F	0.678	87.129	
5	244.5, F	0.968	87.170	
5	160.0, F	0.57	87.212	
5	25.2, F	0.389	87.254	
5	38.9, F	0.285	87.296	
5	164.7, F	0.768	87.337	
5	42.2, F	0.317	87.379	
5	293.6, F	0.682	87.421	
5	54.0, F	0.424	87.462	
5	153.4, F	0.814	87.504	
5	280.5, F	0.59	87.546	
5	75.6, F	0.402	87.587	
5	278.5, F	0.619	87.629	
5	72.1, F	0.361	87.671	
5	68.8, F	0.332	87.713	
5	281.0, F	0.689	87.754	
5	159.0, F	0.897	87.796	
5	64.2, F	0.342	87.838	
5	287.5, F	0.737	87.879	
5	54.4, F	0.36	87.921	
5	62.0, F	0.314	87.963	
5	61.3, F	0.308	88.005	
5	225.7, F	1.05	88.046	
5	42.4, F	0.34	88.088	
5	40.7, F	0.318	88.130	
5	36.1, F	0.309	88.171	
5	228.1, F	1.071	88.213	
5	33.6, F	0.253	88.255	
5	23.8, F	0.302	88.297	
5	20.5, F	0.295	88.338	
5	175.2, F	0.731	88.380	
5	2.3, F	0.269	88.422	
5	358.2, F	0.227	88.463	
5	343.9, F	0.198	88.505	
5	186.8, F	0.806	88.547	
5	335.3, F	0.194	88.588	
5	345.4, F	0.229	88.630	
5	F	0.222	88.672	
5	352.1, F	0.261	88.714	
5	182.4, F	0.721	88.755	
5	350.4, F	0.305	88.797	
5	351.5, F	0.29	88.839	
5	187.1, F	0.691	88.880	
5	336.8, F	0.33	88.922	
5	70.8, F	0.887	88.964	
5	326.8, F	0.28	89.006	
5	190.0, F	0.82	89.047	
5	322.1, F	0.228	89.089	
5	308.1, F	0.224	89.131	
5	305.8, F	0.213	89.172	
5	82.5, F	0.771	89.214	
5	287.5, F	0.273	89.256	
5	283.2, F	0.319	89.298	
5	200.3, F	0.956	89.339	
5	101.1, F	0.476	89.381	
5	260.3, F	0.523	89.423	
5	26.6, F	0.987	89.464	
5	251.4, F	0.605	89.506	
5	121.9, F	0.432	89.548	
5	241.3, F	0.742	89.590	
5	137.9, F	0.468	89.631	
5	29.6, F	0.579	89.673	
5	169.8, F	0.672	89.715	
5	287.8, F	0.911	89.756	
5	15.5, F	0.168	89.798	
5	180.3, F	0.894	89.840	
5	None	0	89.881	0.04200000000000159
5	214.4, F	0.119	89.923	
5	349.6, F	0.803	89.965	
5	212.6, F	0.312	90.007	
5	107.4, F	0.887	90.048	
5	207.3, F	0.46	90.090	
5	332.0, F	0.495	90.132	
5	198.8, F	0.737	90.173	
5	295.3, F	0.248	90.215	
5	86.5, F	0.764	90.257	
5	281.7, F	0.241	90.299	
5	257.9, F	0.242	90.340	
5	231.4, F	0.265	90.382	
5	109.4, F	0.763	90.424	
5	215.1, F	0.414	90.465	
5	340.2, F	0.619	90.507	
5	198.5, F	0.495	90.549	
5	201.7, F	0.403	90.590	
5	53.2, F	1.036	90.632	
5	202.3, F	0.396	90.674	
5	350.5, F	0.369	90.716	
5	181.3, F	0.608	90.757	
5	357.6, F	0.361	90.799	
5	181.4, F	0.632	90.841	
5	351.3, F	0.289	90.882	
5	339.9, F	0.262	90.924	
5	340.3, F	0.261	90.966	
5	187.5, F	0.748	91.008	
5	318.7, F	0.21	91.049	
5	78.9, F	0.794	91.091	
5	298.1, F	0.306	91.133	
5	283.6, F	0.28	91.174	
5	197.3, F	0.868	91.216	
5	80.4, F	0.764	91.258	
5	298.2, F	0.256	91.300	
5	307.0, F	0.239	91.341	
5	311.4, F	0.203	91.383	
5	326.6, F	0.191	91.425	
5	334.7, F	0.14	91.466	
5	84.6, F	0.936	91.508	
5	176.0, F	0.923	91.550	
5	101.8, F	0.137	91.591	
5	264.2, F	0.789	91.633	
5	102.7, F	0.336	91.675	
5	29.0, F	1.008	91.717	
5	259.6, F	0.409	91.758	
5	97.7, F	0.57	91.800	
5	269.2, F	0.352	91.842	
5	91.4, F	0.714	91.883	
5	266.3, F	0.267	91.925	
5	269.1, F	0.198	91.967	
5	268.8, F	0.197	92.009	
5	86.2, F	0.806	92.050	
5	308.4, F	0.246	92.092	
5	293.9, F	0.2	92.134	
5	294.4, F	0.177	92.175	
5	191.4, F	0.83	92.217	
5	318.4, F	0.237	92.259	
5	71.5, F	0.847	92.301	
5	326.0, F	0.357	92.342	
5	341.7, F	0.399	92.384	
5	192.4, F	0.475	92.426	
5	353.0, F	0.482	92.467	
5	189.2, F	0.377	92.509	
5	355.1, F	0.79	92.551	
5	196.8, F	0.19	92.593	
5	None	0	92.634	
5	None	0	92.676	0.08400000000000318
5	88.4, F	0.975	92.718	
5	10.8, F	0.096	92.759	
5	26.3, F	0.097	92.801	
5	272.4, F	0.901	92.843	
5	120.2, F	0.185	92.884	
5	97.5, F	0.169	92.926	
5	93.3, F	0.241	92.968	
5	83.1, F	0.273	93.010	
5	81.0, F	0.417	93.051	
5	283.9, F	0.508	93.093	
5	66.1, F	0.508	93.135	
5	295.0, F	0.555	93.176	
5	152.3, F	0.671	93.218	
5	300.7, F	0.764	93.260	
5	152.6, F	0.717	93.302	
5	41.2, F	0.471	93.343	
5	317.3, F	1.01	93.385	
5	127.4, F	0.384	93.427	
5	115.0, F	0.364	93.468	
5	267.1, F	0.643	93.510	
5	79.4, F	0.524	93.552	
5	78.1, F	0.542	93.593	
5	303.3, F	0.397	93.635	
5	319.9, F	0.299	93.677	
5	63.0, F	1.092	93.719	
5	177.8, F	0.372	93.760	
5	7.6, F	0.743	93.802	
5	253.5, F	0.893	93.844	
5	101.7, F	0.29	93.885	
5	83.4, F	0.366	93.927	
5	76.4, F	0.52	93.969	
5	310.9, F	0.431	94.011	
5	343.2, F	0.46	94.052	
5	108.3, F	1.029	94.094	
5	5.5, F	0.837	94.136	
5	105.6, F	0.201	94.177	
5	272.0, F	0.399	94.219	
5	82.0, F	0.793	94.261	
5	356.4, F	0.256	94.303	
5	20.3, F	0.389	94.344	
5	130.6, F	0.65	94.386	
5	333.5, F	0.629	94.428	
5	116.0, F	0.951	94.469	
5	169.7, F	0.391	94.511	
5	32.5, F	0.918	94.553	
5	225.6, F	0.333	94.594	
5	188.8, F	0.209	94.636	
5	130.1, F	0.165	94.678	
5	31.4, F	1.08	94.720	
5	95.7, F	0.688	94.761	
5	277.0, F	0.181	94.803	
5	205.5, F	0.098	94.845	
5	111.4, F	0.277	94.886	
5	106.4, F	0.414	94.928	
5	114.1, F	0.616	94.970	
5	224.8, F	0.402	95.012	
5	349.4, F	0.575	95.053	
5	118.0, F	1.188	95.095	
5	290.9, F	0.873	95.137	
5	160.6, F	0.7	95.178	
5	80.1, F	0.488	95.220	
5	93.1, F	0.558	95.262	
5	256.2, F	0.292	95.304	
5	280.8, F	0.17	95.345	
5	213.6, F	0.215	95.387	
5	109.1, F	0.917	95.429	
5	None	0	95.470	0.04200000000000159
5	287.5, F	0.12	95.512	
5	231.0, F	0.189	95.554	
5	254.3, F	0.195	95.596	
5	346.8, F	0.975	95.637	
5	262.6, F	0.285	95.679	
5	56.9, F	0.487	95.721	
5	233.2, F	1.022	95.762	
5	0.9, F	0.313	95.804	
5	332.3, F	0.361	95.846	
5	233.6, F	0.816	95.887	
5	15.4, F	0.562	95.929	
5	191.5, F	0.302	95.971	
5	342.9, F	0.738	96.013	
5	255.9, F	0.672	96.054	
5	108.3, F	0.223	96.096	
5	102.5, F	0.101	96.138	
5	271.5, F	1.001	96.179	
5	287.1, F	0.268	96.221	
5	81.4, F	0.649	96.263	
5	290.1, F	0.524	96.305	
5	58.5, F	0.385	96.346	
5	280.9, F	0.872	96.388	
5	174.3, F	0.768	96.430	
5	353.8, F	0.27	96.471	
5	342.9, F	0.368	96.513	
5	214.5, F	0.556	96.555	
5	325.9, F	0.747	96.596	
5	127.7, F	0.521	96.638	
5	319.5, F	0.862	96.680	
5	114.7, F	0.359	96.722	
