3	134.6, F	0.99	0.042	
3	90.5, F	0.893	0.083	
3	131.2, F	0.453	0.125	
3	201.9, F	0.791	0.167	
3	99.1, F	0.926	0.209	
3	159.7, F	0.529	0.250	
3	95.0, F	0.324	0.292	
3	227.5, F	0.465	0.334	
3	132.3, F	1.851	0.375	
3	236.0, F	0.308	0.417	
3	183.6, F	0.491	0.459	
3	99.4, F	0.764	0.500	
3	182.0, F	0.997	0.542	
3	155.9, F	0.532	0.584	
3	182.9, F	1.007	0.626	
3	247.4, F	0.975	0.667	
3	74.1, F	0.475	0.709	
3	92.4, F	1.045	0.751	
3	144.4, F	0.482	0.792	
3	175.8, F	1.222	0.834	
3	211.2, F	1.562	0.876	
3	85.6, F	0.991	0.918	
3	41.6, F	0.894	0.959	
3	179.3, F	1.214	1.001	
3	157.8, F	1.278	1.043	
3	118.6, F	0.684	1.084	
3	32.4, F	1.054	1.126	
3	208.9, F	0.303	1.168	
3	185.2, F	1.16	1.210	
3	185.9, F	0.8	1.251	
3	133.6, F	0.203	1.293	
3	93.3, F	0.701	1.335	
3	189.4, F	0.635	1.376	
3	74.0, F	1.237	1.418	
3	112.4, F	0.901	1.460	
3	9.7, F	0.637	1.502	
3	103.8, F	0.957	1.543	
3	181.0, F	0.441	1.585	
3	8.8, F	0.623	1.627	
3	81.1, F	0.9	1.668	
3	65.5, F	0.77	1.710	
3	None	0	1.752	0.040999999999999925
3	97.7, F	0.627	1.793	
3	172.3, F	0.097	1.835	
3	63.3, F	1.127	1.877	
3	30.3, F	0.674	1.919	
3	98.1, F	0.728	1.960	
3	None	0	2.002	0.04200000000000026
3	34.0, F	1.283	2.044	
3	133.3, F	1.348	2.085	
3	81.4, F	0.207	2.127	
3	286.0, F	0.403	2.169	
3	87.3, F	1.047	2.211	
3	92.8, F	0.308	2.252	
3	105.1, F	0.501	2.294	
3	220.6, F	0.258	2.336	
3	23.1, F	0.548	2.377	
3	162.5, F	0.806	2.419	
3	84.5, F	0.438	2.461	
3	278.3, F	0.306	2.502	
3	128.4, F	0.885	2.544	
3	181.9, F	0.826	2.586	
3	130.4, F	0.14	2.628	
3	135.4, F	0.443	2.669	
3	148.8, F	1.049	2.711	
3	209.8, F	0.254	2.753	
3	340.1, F	0.23	2.794	
3	165.8, F	1.055	2.836	
3	117.4, F	0.831	2.878	
3	350.6, F	0.27	2.920	
3	98.6, F	0.234	2.961	
3	104.7, F	0.561	3.003	
3	187.7, F	0.754	3.045	
3	130.0, F	1.577	3.086	
3	265.9, F	0.365	3.128	
3	97.0, F	1.088	3.170	
3	48.4, F	1.148	3.212	
3	115.5, F	0.717	3.253	
3	176.1, F	0.327	3.295	
3	115.8, F	0.634	3.337	
3	63.0, F	1.334	3.378	
3	247.7, F	0.488	3.420	
3	113.4, F	0.562	3.462	
3	346.7, F	0.666	3.503	
3	144.6, F	0.389	3.545	
3	145.8, F	0.375	3.587	
3	24.3, F	0.67	3.629	
3	135.3, F	0.441	3.670	
3	249.4, F	0.653	3.712	
3	122.6, F	0.416	3.754	
3	27.7, F	0.89	3.795	
3	249.9, F	0.554	3.837	
3	96.3, F	0.576	3.879	
3	264.3, F	0.385	3.921	
3	101.7, F	0.497	3.962	
3	258.6, F	0.384	4.004	
3	252.8, F	0.412	4.046	
3	37.6, F	0.968	4.087	
3	235.4, F	0.395	4.129	
3	109.7, F	0.802	4.171	
3	229.5, F	0.337	4.213	
3	216.0, F	0.313	4.254	
3	349.0, F	0.693	4.296	
3	194.2, F	0.421	4.338	
3	118.1, F	0.928	4.379	
3	329.2, F	0.575	4.421	
3	197.2, F	0.606	4.463	
3	335.5, F	0.403	4.505	
3	325.7, F	0.225	4.546	
3	187.7, F	0.877	4.588	
3	90.6, F	0.917	4.630	
3	None	0	4.671	0.041999999999999815
3	161.0, F	0.282	4.713	
3	14.7, F	0.626	4.755	
3	235.7, F	0.807	4.796	
3	151.8, F	0.648	4.838	
3	63.6, F	0.344	4.880	
3	67.3, F	0.335	4.922	
3	263.0, F	0.611	4.963	
3	117.8, F	0.399	5.005	
3	231.7, F	1.013	5.047	
3	64.0, F	0.185	5.088	
3	168.1, F	0.194	5.130	
3	179.4, F	0.459	5.172	
3	199.5, F	0.998	5.214	
3	243.7, F	0.531	5.255	
3	170.6, F	0.92	5.297	
3	183.8, F	0.181	5.339	
3	203.6, F	1.164	5.380	
3	242.5, F	0.738	5.422	
3	11.7, F	0.157	5.464	
3	213.2, F	0.29	5.505	
3	213.5, F	1.258	5.547	
3	184.5, F	0.305	5.589	
3	193.1, F	0.85	5.631	
3	233.5, F	0.438	5.672	
3	214.9, F	0.897	5.714	
3	111.8, F	0.266	5.756	
3	244.7, F	0.829	5.797	
3	46.4, F	0.21	5.839	
3	173.5, F	1.591	5.881	
3	75.3, F	0.336	5.923	
3	105.9, F	0.47	5.964	
3	225.4, F	0.575	6.006	
3	142.6, F	1.627	6.048	
3	34.3, F	0.367	6.089	
3	206.2, F	1.099	6.131	
3	110.4, F	0.746	6.173	
3	181.3, F	0.313	6.215	
3	169.8, F	0.71	6.256	
3	83.5, F	0.342	6.298	
3	103.6, F	0.603	6.340	
3	182.9, F	0.694	6.381	
3	171.3, F	1.147	6.423	
3	22.6, F	0.463	6.465	
3	158.4, F	0.873	6.506	
3	246.4, F	0.377	6.548	
3	118.7, F	0.705	6.590	
3	208.8, F	0.758	6.632	
3	103.6, F	0.663	6.673	
3	203.9, F	0.966	6.715	
3	244.5, F	0.383	6.757	
3	140.7, F	0.836	6.798	
3	256.2, F	0.386	6.840	
3	200.3, F	0.86	6.882	
3	102.9, F	0.719	6.924	
3	204.9, F	0.83	6.965	
3	221.3, F	0.406	7.007	
3	147.3, F	1.324	7.049	
3	198.9, F	0.866	7.090	
3	205.6, F	0.622	7.132	
3	91.0, F	0.796	7.174	
3	190.3, F	1.077	7.216	
3	191.5, F	0.71	7.257	
3	188.6, F	0.981	7.299	
3	187.0, F	0.511	7.341	
3	186.7, F	0.629	7.382	
3	175.3, F	0.974	7.424	
3	166.5, F	0.51	7.466	
3	44.1, F	0.19	7.507	
3	157.5, F	1.07	7.549	
3	138.0, F	0.707	7.591	
3	197.5, F	0.995	7.633	
3	189.4, F	0.683	7.674	
3	122.0, F	1.42	7.716	
3	233.6, F	0.493	7.758	
3	134.7, F	1.155	7.799	
3	183.0, F	0.338	7.841	
3	171.0, F	1.317	7.883	
3	149.1, F	0.655	7.925	
3	285.1, F	0.44	7.966	
3	110.1, F	0.807	8.008	
3	203.2, F	0.996	8.050	
3	244.5, F	0.367	8.091	
3	141.1, F	0.695	8.133	
3	314.6, F	0.482	8.175	
3	155.6, F	0.97	8.217	
3	254.2, F	0.718	8.258	
3	17.1, F	0.566	8.300	
3	171.4, F	0.598	8.342	
3	None	0	8.383	0.04200000000000159
3	205.2, F	0.329	8.425	
3	213.3, F	0.525	8.467	
3	209.6, F	0.799	8.508	
3	117.7, F	0.47	8.550	
3	231.5, F	0.991	8.592	
3	68.6, F	0.104	8.634	
3	None	0	8.675	0.041999999999999815
3	193.4, F	0.76	8.717	
3	206.8, F	0.217	8.759	
3	204.7, F	0.611	8.800	
3	191.9, F	0.988	8.842	
3	133.8, F	1.044	8.884	
3	254.5, F	0.154	8.926	
3	211.1, F	0.628	8.967	
3	269.1, F	0.436	9.009	
3	162.0, F	0.867	9.051	
3	220.4, F	1.251	9.092	
3	159.5, F	0.351	9.134	
3	345.4, F	0.226	9.176	
3	194.7, F	1.593	9.218	
3	72.9, F	0.498	9.259	
3	271.4, F	0.489	9.301	
3	119.5, F	0.512	9.343	
3	222.5, F	1.114	9.384	
3	124.3, F	0.339	9.426	
3	167.7, F	0.541	9.468	
3	49.9, F	0.247	9.509	
3	235.7, F	0.97	9.551	
3	165.9, F	0.836	9.593	
3	134.1, F	0.549	9.635	
3	154.5, F	0.893	9.676	
3	201.0, F	0.978	9.718	
3	116.3, F	0.791	9.760	
3	199.9, F	0.756	9.801	
3	278.6, F	0.148	9.843	
3	179.6, F	1.024	9.885	
3	156.4, F	0.427	9.927	
3	157.7, F	0.744	9.968	
3	80.5, F	0.386	10.010	
3	223.9, F	4.343	10.052	
3	162.5, F	0.429	10.093	
3	30.0, F	0.326	10.135	
3	162.9, F	0.691	10.177	
3	109.9, F	0.376	10.219	
3	100.5, F	0.418	10.260	
3	258.2, F	0.58	10.302	
3	83.9, F	0.544	10.344	
3	288.7, F	0.233	10.385	
3	267.2, F	0.102	10.427	
3	26.1, F	0.511	10.469	
3	169.6, F	0.879	10.511	
3	25.9, F	0.899	10.552	
3	152.8, F	0.418	10.594	
3	232.1, F	1.17	10.636	
3	61.7, F	0.377	10.677	
3	98.9, F	0.869	10.719	
3	236.6, F	0.514	10.761	
3	67.0, F	0.528	10.802	
3	284.8, F	0.771	10.844	
3	101.4, F	0.304	10.886	
3	150.1, F	0.303	10.928	
3	249.2, F	0.968	10.969	
3	157.1, F	0.318	11.011	
3	58.2, F	0.248	11.053	
3	43.9, F	0.383	11.094	
3	189.1, F	2.09	11.136	
3	20.8, F	0.409	11.178	
3	72.3, F	0.185	11.220	
3	91.2, F	0.093	11.261	
3	171.4, F	0.343	11.303	
3	161.3, F	0.681	11.345	
3	231.0, F	0.994	11.386	
3	165.6, F	0.824	11.428	
3	69.9, F	0.16	11.470	
3	179.2, F	0.152	11.511	
3	169.9, F	0.652	11.553	
3	None	0	11.595	0.041999999999999815
3	200.0, F	0.179	11.637	
3	188.9, F	0.303	11.678	
3	185.1, F	0.816	11.720	
3	None	0	11.762	0.04100000000000037
3	206.0, F	0.336	11.803	
3	357.9, F	0.246	11.845	
3	181.3, F	1.307	11.887	
3	68.9, F	0.164	11.929	
3	160.3, F	0.321	11.970	
3	159.4, F	0.617	12.012	
3	143.1, F	0.3	12.054	
3	160.9, F	0.744	12.095	
3	217.8, F	1.201	12.137	
3	144.0, F	0.345	12.179	
3	95.8, F	0.296	12.221	
3	148.6, F	0.642	12.262	
3	213.9, F	1.112	12.304	
3	113.1, F	0.389	12.346	
3	205.9, F	1.023	12.387	
3	143.6, F	0.722	12.429	
3	294.1, F	0.329	12.471	
3	92.6, F	0.613	12.512	
3	208.5, F	0.417	12.554	
3	181.9, F	0.486	12.596	
3	18.8, F	0.329	12.638	
3	170.9, F	0.764	12.679	
3	105.9, F	0.298	12.721	
3	108.4, F	0.311	12.763	
3	129.7, F	0.335	12.804	
3	239.9, F	0.721	12.846	
3	67.1, F	0.466	12.888	
3	261.1, F	0.471	12.930	
3	82.9, F	0.486	12.971	
3	231.2, F	0.413	13.013	
3	111.2, F	0.661	13.055	
3	232.8, F	0.225	13.096	
3	None	0	13.138	0.041999999999999815
3	121.2, F	0.1	13.180	
3	93.5, F	0.197	13.222	
3	95.6, F	0.173	13.263	
3	None	0	13.305	0.041999999999999815
3	223.1, F	0.104	13.347	
3	332.0, F	0.341	13.388	
3	333.2, F	0.363	13.430	
3	324.0, F	0.308	13.472	
3	72.1, F	0.815	13.513	
3	213.2, F	0.711	13.555	
3	316.2, F	0.509	13.597	
3	312.8, F	0.495	13.639	
3	141.4, F	0.867	13.680	
3	317.2, F	0.727	13.722	
3	122.1, F	0.423	13.764	
3	312.8, F	0.931	13.805	
3	149.6, F	0.354	13.847	
3	178.4, F	0.14	13.889	
3	224.0, F	0.12	13.931	
3	237.9, F	0.107	13.972	
3	343.5, F	0.833	14.014	
3	249.9, F	0.511	14.056	
3	90.3, F	0.339	14.097	
3	270.9, F	0.738	14.139	
3	86.5, F	0.232	14.181	
3	170.7, F	0.154	14.223	
3	None	0	14.264	
3	None	0	14.306	0.0840000000000014
3	209.0, F	0.105	14.348	
3	213.7, F	0.148	14.389	
3	119.0, F	37.823	14.431	
3	61.2, F	1.513	14.473	
3	119.2, F	1.182	14.514	
3	121.2, F	1.999	14.556	
3	120.2, F	0.598	14.598	
3	25.7, F	0.323	14.640	
3	83.6, F	0.769	14.681	
3	148.1, F	1.538	14.723	
3	44.4, F	1.991	14.765	
3	177.0, F	1.496	14.806	
3	69.4, F	1.255	14.848	
3	136.4, F	1.361	14.890	
3	130.8, F	0.585	14.932	
3	105.6, F	0.429	14.973	
3	99.5, F	1.064	15.015	
3	62.0, F	1.933	15.057	
3	65.4, F	0.397	15.098	
3	126.1, F	1.259	15.140	
3	70.4, F	0.727	15.182	
3	178.9, F	3.14	15.224	
3	67.4, F	1.337	15.265	
3	195.9, F	1.104	15.307	
3	75.6, F	1.112	15.349	
3	65.8, F	1.157	15.390	
3	62.6, F	1.179	15.432	
3	80.4, F	1.015	15.474	
3	77.0, F	0.822	15.515	
3	75.5, F	1.341	15.557	
3	165.2, F	0.604	15.599	
3	334.1, F	3.669	15.641	
3	78.2, F	1.174	15.682	
3	1.6, F	0.397	15.724	
3	60.8, F	1.104	15.766	
3	126.0, F	0.472	15.807	
3	47.1, F	1.102	15.849	
3	107.4, F	0.234	15.891	
3	65.5, F	0.796	15.933	
3	25.9, F	0.165	15.974	
3	172.7, F	0.835	16.016	
3	103.3, F	0.399	16.058	
3	84.6, F	0.83	16.099	
3	126.9, F	0.236	16.141	
3	144.4, F	0.445	16.183	
3	355.8, F	0.366	16.225	
3	117.2, F	0.765	16.266	
3	118.5, F	0.134	16.308	
3	123.9, F	0.465	16.350	
3	138.2, F	0.826	16.391	
3	258.2, F	0.683	16.433	
3	167.5, F	0.832	16.475	
3	316.8, F	0.555	16.517	
3	145.6, F	1.53	16.558	
3	94.3, F	0.57	16.600	
3	218.6, F	0.534	16.642	
3	76.3, F	0.631	16.683	
3	137.6, F	0.387	16.725	
3	145.4, F	0.809	16.767	
3	235.2, F	0.621	16.808	
3	107.0, F	0.832	16.850	
3	187.9, F	0.782	16.892	
3	136.4, F	0.296	16.934	
3	126.6, F	0.463	16.975	
3	339.0, F	0.861	17.017	
3	112.4, F	1.182	17.059	
3	149.2, F	0.6	17.100	
3	316.8, F	0.734	17.142	
3	117.5, F	1.048	17.184	
3	49.9, F	0.492	17.226	
3	115.0, F	0.866	17.267	
3	346.3, F	0.532	17.309	
3	142.4, F	0.478	17.351	
3	50.2, F	1.029	17.392	
3	177.7, F	0.427	17.434	
3	155.1, F	0.478	17.476	
3	36.7, F	0.415	17.517	
3	194.2, F	0.488	17.559	
3	346.0, F	0.466	17.601	
3	120.7, F	1.211	17.643	
3	44.1, F	0.262	17.684	
3	311.3, F	0.619	17.726	
3	127.4, F	0.902	17.768	
3	320.0, F	0.375	17.809	
3	334.4, F	0.322	17.851	
3	125.5, F	1.246	17.893	
3	285.8, F	0.962	17.935	
3	33.4, F	0.211	17.976	
3	49.8, F	0.253	18.018	
3	61.6, F	0.235	18.060	
3	162.2, F	0.949	18.101	
3	69.5, F	0.459	18.143	
3	294.4, F	0.493	18.185	
3	80.4, F	0.428	18.227	
3	292.8, F	0.512	18.268	
3	74.9, F	0.434	18.310	
3	286.3, F	0.521	18.352	
3	154.7, F	0.943	18.393	
3	293.2, F	0.479	18.435	
3	75.5, F	0.569	18.477	
3	306.1, F	0.387	18.518	
3	67.6, F	0.781	18.560	
3	200.9, F	0.693	18.602	
3	331.4, F	0.447	18.644	
3	342.4, F	0.557	18.685	
3	194.4, F	0.294	18.727	
3	107.1, F	1.001	18.769	
3	357.6, F	0.643	18.810	
3	178.2, F	0.291	18.852	
3	145.3, F	0.221	18.894	
3	318.7, F	1.152	18.936	
3	117.1, F	0.263	18.977	
3	112.1, F	0.316	19.019	
3	102.0, F	0.448	19.061	
3	263.9, F	0.454	19.102	
3	98.4, F	0.569	19.144	
3	272.7, F	0.322	19.186	
3	288.2, F	0.096	19.228	
3	89.4, F	0.872	19.269	
3	None	0	19.311	0.04200000000000159
3	259.3, F	0.092	19.353	
3	345.8, F	0.146	19.394	
3	332.0, F	0.138	19.436	
3	338.8, F	0.182	19.478	
3	329.6, F	0.257	19.520	
3	192.1, F	0.619	19.561	
3	335.0, F	0.472	19.603	
3	57.9, F	0.895	19.645	
3	202.9, F	0.519	19.686	
3	303.9, F	0.615	19.728	
3	229.0, F	0.427	19.770	
3	38.5, F	0.293	19.811	
3	173.8, F	0.589	19.853	
3	22.0, F	0.853	19.895	
3	251.4, F	0.804	19.937	
3	139.0, F	0.121	19.978	
3	35.1, F	0.762	20.020	
3	331.7, F	0.135	20.062	
3	78.9, F	0.754	20.103	
3	299.9, F	0.448	20.145	
3	215.9, F	0.904	20.187	
3	17.1, F	0.484	20.229	
3	348.0, F	0.509	20.270	
3	200.6, F	0.549	20.312	
3	334.8, F	0.531	20.354	
3	223.3, F	0.545	20.395	
3	337.4, F	0.967	20.437	
3	75.1, F	0.59	20.479	
3	272.3, F	0.585	20.520	
3	46.6, F	0.467	20.562	
3	178.9, F	1.031	20.604	
3	276.3, F	1.017	20.646	
3	347.5, F	0.189	20.687	
3	77.0, F	0.808	20.729	
3	315.8, F	0.303	20.771	
3	314.0, F	0.377	20.812	
3	204.2, F	0.739	20.854	
3	58.2, F	0.717	20.896	
3	317.2, F	0.471	20.938	
3	206.3, F	0.695	20.979	
3	60.6, F	0.664	21.021	
3	301.1, F	0.67	21.063	
3	149.6, F	0.672	21.104	
3	306.9, F	0.683	21.146	
3	136.5, F	0.641	21.188	
3	329.6, F	0.675	21.230	
3	114.6, F	0.714	21.271	
3	342.4, F	0.739	21.313	
3	198.2, F	0.307	21.355	
3	177.7, F	0.248	21.396	
3	160.7, F	0.272	21.438	
3	15.5, F	0.735	21.480	
3	136.1, F	0.378	21.521	
3	120.9, F	0.54	21.563	
3	68.6, F	1.512	21.605	
3	77.7, F	0.202	21.647	
3	130.0, F	0.17	21.688	
3	21.1, F	0.732	21.730	
3	96.0, F	0.653	21.772	
3	171.3, F	0.896	21.813	
3	70.5, F	0.39	21.855	
3	313.4, F	0.465	21.897	
3	326.6, F	0.18	21.939	
3	67.4, F	0.925	21.980	
3	171.2, F	0.578	22.022	
3	25.1, F	0.318	22.064	
3	295.8, F	0.131	22.105	
3	48.4, F	0.132	22.147	
3	66.6, F	0.461	22.189	
3	61.6, F	0.892	22.231	
3	37.6, F	1.13	22.272	
3	224.6, F	1.001	22.314	
3	114.0, F	1.119	22.356	
3	162.5, F	0.658	22.397	
3	10.0, F	1.012	22.439	
3	130.7, F	0.357	22.481	
3	166.3, F	0.661	22.523	
3	81.6, F	0.63	22.564	
3	103.3, F	0.68	22.606	
3	123.4, F	0.211	22.648	
3	95.0, F	0.705	22.689	
3	77.0, F	0.898	22.731	
3	195.0, F	0.387	22.773	
3	104.0, F	0.493	22.814	
3	260.5, F	0.128	22.856	
3	104.1, F	0.428	22.898	
3	89.1, F	0.697	22.940	
3	None	0	22.981	0.04199999999999804
3	64.4, F	0.462	23.023	
3	140.7, F	0.572	23.065	
3	90.1, F	0.908	23.106	
3	72.5, F	0.187	23.148	
3	274.4, F	0.606	23.190	
3	57.5, F	1.325	23.232	
3	359.9, F	0.47	23.273	
3	147.4, F	0.627	23.315	
3	35.8, F	0.567	23.357	
3	228.1, F	0.159	23.398	
3	50.6, F	1.38	23.440	
3	123.0, F	0.204	23.482	
3	245.6, F	0.919	23.523	
3	82.8, F	0.852	23.565	
3	326.8, F	0.108	23.607	
3	46.3, F	0.122	23.649	
3	56.4, F	0.244	23.690	
3	64.4, F	0.707	23.732	
3	194.1, F	0.382	23.774	
3	75.1, F	0.796	23.815	
3	319.6, F	0.167	23.857	
3	None	0	23.899	0.04199999999999804
3	185.3, F	1.281	23.941	
3	16.1, F	0.954	23.982	
3	109.3, F	0.257	24.024	
3	244.2, F	0.81	24.066	
3	140.1, F	0.383	24.107	
3	139.4, F	0.386	24.149	
3	18.2, F	0.543	24.191	
3	236.8, F	0.981	24.233	
3	15.9, F	0.423	24.274	
3	168.7, F	0.62	24.316	
3	26.6, F	0.342	24.358	
3	49.3, F	0.225	24.399	
3	171.0, F	0.992	24.441	
3	269.5, F	0.81	24.483	
3	78.3, F	0.207	24.524	
3	108.9, F	0.173	24.566	
3	133.8, F	0.197	24.608	
3	8.2, F	0.893	24.650	
3	162.8, F	0.241	24.691	
3	180.5, F	0.444	24.733	
3	183.2, F	0.45	24.775	
3	338.4, F	0.426	24.816	
3	185.5, F	0.512	24.858	
3	325.3, F	0.397	24.900	
3	312.2, F	0.429	24.942	
3	210.2, F	0.724	24.983	
3	70.1, F	0.486	25.025	
3	290.9, F	0.647	25.067	
3	53.1, F	0.366	25.108	
3	163.4, F	0.796	25.150	
3	285.6, F	0.791	25.192	
3	30.8, F	0.219	25.234	
3	21.6, F	0.209	25.275	
3	176.6, F	0.799	25.317	
3	10.7, F	0.178	25.359	
3	348.1, F	0.126	25.400	
3	329.0, F	0.173	25.442	
3	308.5, F	0.132	25.484	
3	306.7, F	0.122	25.525	
3	303.6, F	0.132	25.567	
3	297.3, F	0.172	25.609	
3	299.8, F	0.143	25.651	
3	137.4, F	1.263	25.692	
3	300.3, F	0.224	25.734	
3	290.0, F	0.236	25.776	
3	286.3, F	0.217	25.817	
3	285.5, F	0.217	25.859	
3	87.2, F	0.786	25.901	
3	273.0, F	0.213	25.943	
3	271.5, F	0.223	25.984	
3	269.5, F	0.235	26.026	
3	264.7, F	0.271	26.068	
3	93.8, F	0.669	26.109	
3	261.3, F	0.31	26.151	
3	257.6, F	0.313	26.193	
3	103.9, F	0.631	26.235	
3	251.8, F	0.391	26.276	
3	257.0, F	0.404	26.318	
3	33.4, F	1.118	26.360	
3	255.0, F	0.42	26.401	
3	116.3, F	0.58	26.443	
3	248.1, F	0.481	26.485	
3	252.1, F	0.5	26.526	
3	127.9, F	0.541	26.568	
3	32.8, F	0.753	26.610	
3	247.9, F	0.638	26.652	
3	138.5, F	0.563	26.693	
3	297.3, F	0.799	26.735	
3	142.1, F	0.653	26.777	
3	20.9, F	0.521	26.818	
3	249.3, F	0.597	26.860	
3	16.2, F	0.481	26.902	
3	139.2, F	0.624	26.944	
3	333.2, F	0.945	26.985	
3	120.0, F	0.574	27.027	
3	283.6, F	0.316	27.069	
3	73.0, F	0.705	27.110	
3	326.4, F	0.316	27.152	
3	167.8, F	0.6	27.194	
3	12.2, F	0.41	27.236	
3	31.4, F	0.438	27.277	
3	104.1, F	0.719	27.319	
3	239.0, F	0.146	27.361	
3	9.4, F	1.143	27.402	
3	163.4, F	0.806	27.444	
3	50.6, F	0.482	27.486	
3	322.6, F	0.712	27.527	
3	97.1, F	0.909	27.569	
3	None	0	27.611	
3	None	0	27.653	0.08299999999999841
3	35.2, F	0.146	27.694	
3	40.7, F	0.233	27.736	
3	42.2, F	0.25	27.778	
3	44.5, F	0.247	27.819	
3	283.5, F	0.866	27.861	
3	55.5, F	0.116	27.903	
3	178.5, F	0.97	27.945	
3	None	0	27.986	
3	None	0	28.028	0.08399999999999963
3	213.8, F	1.205	28.070	
3	125.4, F	0.174	28.111	
3	None	0	28.153	0.04200000000000159
3	235.2, F	0.264	28.195	
3	233.9, F	0.957	28.237	
3	271.1, F	0.72	28.278	
3	269.0, F	0.854	28.320	
3	266.4, F	0.095	28.362	
3	280.9, F	0.491	28.403	
3	131.2, F	0.29	28.445	
3	121.0, F	0.293	28.487	
3	275.2, F	0.389	28.528	
3	91.0, F	0.801	28.570	
3	203.4, F	0.154	28.612	
3	166.4, F	0.166	28.654	
3	138.3, F	0.206	28.695	
3	99.8, F	0.581	28.737	
3	264.6, F	0.225	28.779	
3	None	0	28.820	0.04199999999999804
3	88.1, F	1.13	28.862	
3	322.3, F	0.2	28.904	
3	79.2, F	0.835	28.946	
3	78.7, F	0.43	28.987	
3	287.1, F	0.18	29.029	
3	80.8, F	0.749	29.071	
3	305.7, F	1.244	29.112	
3	89.5, F	0.565	29.154	
3	70.1, F	0.191	29.196	
3	81.7, F	1.529	29.238	
3	43.4, F	0.198	29.279	
3	9.9, F	0.636	29.321	
3	109.8, F	0.825	29.363	
3	78.7, F	1.437	29.404	
3	71.9, F	1.137	29.446	
3	26.6, F	0.826	29.488	
3	93.0, F	1.183	29.529	
3	76.8, F	0.713	29.571	
3	62.4, F	1.299	29.613	
3	100.1, F	0.925	29.655	
3	81.1, F	0.844	29.696	
3	59.8, F	1.523	29.738	
3	47.9, F	1.548	29.780	
3	184.7, F	0.878	29.821	
3	73.0, F	0.697	29.863	
3	74.5, F	2.1	29.905	
3	47.0, F	1.056	29.947	
3	67.8, F	0.296	29.988	
3	86.1, F	0.946	30.030	
3	71.4, F	1.515	30.072	
3	128.4, F	0.253	30.113	
3	79.4, F	1.122	30.155	
3	70.9, F	0.975	30.197	
3	71.5, F	1.775	30.239	
3	110.0, F	0.532	30.280	
3	90.9, F	1.331	30.322	
3	93.7, F	1.221	30.364	
3	50.0, F	1.417	30.405	
3	87.2, F	1.08	30.447	
3	97.2, F	0.819	30.489	
3	99.1, F	0.678	30.530	
3	90.5, F	2.182	30.572	
3	86.1, F	0.935	30.614	
3	67.6, F	0.624	30.656	
3	63.2, F	0.476	30.697	
3	96.0, F	2.189	30.739	
3	7.5, F	1.043	30.781	
3	75.3, F	0.946	30.822	
3	112.4, F	0.982	30.864	
3	55.1, F	2.006	30.906	
3	77.6, F	1.527	30.948	
3	126.6, F	0.49	30.989	
3	93.7, F	1.331	31.031	
3	61.7, F	2.35	31.073	
3	135.4, F	1.048	31.114	
3	72.1, F	4.163	31.156	
3	115.4, F	0.694	31.198	
3	54.4, F	2.867	31.240	
3	78.0, F	0.827	31.281	
3	145.1, F	0.659	31.323	
3	64.9, F	1.279	31.365	
3	73.5, F	1.337	31.406	
3	52.7, F	1.718	31.448	
3	73.8, F	1.208	31.490	
3	56.6, F	0.73	31.531	
3	93.3, F	1.527	31.573	
3	58.2, F	0.718	31.615	
3	63.0, F	1.577	31.657	
3	60.8, F	0.309	31.698	
3	76.8, F	1.483	31.740	
3	57.6, F	1.742	31.782	
3	72.2, F	0.982	31.823	
3	64.2, F	0.361	31.865	
3	80.7, F	1.003	31.907	
3	56.6, F	1.043	31.949	
3	36.3, F	1.135	31.990	
3	74.0, F	0.387	32.032	
3	62.2, F	2.052	32.074	
3	89.3, F	1.164	32.115	
3	33.3, F	1.34	32.157	
3	54.4, F	0.643	32.199	
3	84.9, F	2.0	32.241	
3	66.5, F	0.869	32.282	
3	24.2, F	0.953	32.324	
3	81.8, F	1.127	32.366	
3	55.6, F	1.969	32.407	
3	152.0, F	0.47	32.449	
3	63.3, F	1.601	32.491	
3	50.7, F	2.828	32.532	
3	75.6, F	2.115	32.574	
3	299.9, F	0.872	32.616	
3	152.6, F	0.714	32.658	
3	52.7, F	1.83	32.699	
3	65.3, F	1.883	32.741	
3	28.8, F	0.926	32.783	
3	146.4, F	0.351	32.824	
3	45.9, F	1.832	32.866	
3	109.5, F	0.39	32.908	
3	73.9, F	2.059	32.950	
3	15.2, F	0.944	32.991	
3	133.2, F	0.792	33.033	
3	62.9, F	2.761	33.075	
3	352.3, F	1.086	33.116	
3	72.3, F	0.993	33.158	
3	358.2, F	0.694	33.200	
3	40.2, F	1.634	33.242	
3	63.3, F	2.182	33.283	
3	351.9, F	1.069	33.325	
3	34.7, F	0.328	33.367	
3	58.3, F	2.345	33.408	
3	33.8, F	0.363	33.450	
3	25.7, F	1.051	33.492	
3	353.5, F	0.908	33.533	
3	42.7, F	0.939	33.575	
3	34.1, F	2.03	33.617	
3	120.3, F	0.883	33.659	
3	8.8, F	0.521	33.700	
3	42.9, F	2.38	33.742	
3	43.4, F	0.365	33.784	
3	64.3, F	1.187	33.825	
3	52.2, F	2.029	33.867	
3	20.9, F	1.155	33.909	
3	68.8, F	1.646	33.951	
3	43.2, F	0.731	33.992	
3	69.8, F	1.138	34.034	
3	61.1, F	1.176	34.076	
3	15.7, F	1.612	34.117	
3	244.0, F	0.542	34.159	
3	59.0, F	1.097	34.201	
3	51.7, F	1.91	34.243	
3	41.1, F	0.362	34.284	
3	68.6, F	1.339	34.326	
3	24.7, F	1.301	34.368	
3	45.7, F	1.235	34.409	
3	49.9, F	1.275	34.451	
3	None	0	34.493	0.041999999999994486
3	47.8, F	1.155	34.535	
3	46.9, F	2.057	34.576	
3	32.3, F	0.832	34.618	
3	82.2, F	1.019	34.660	
3	358.7, F	1.519	34.701	
3	65.8, F	2.326	34.743	
3	324.4, F	0.952	34.785	
3	96.7, F	1.429	34.826	
3	71.2, F	0.65	34.868	
3	42.7, F	1.987	34.910	
3	127.9, F	0.363	34.952	
3	16.7, F	1.911	34.993	
3	80.6, F	1.548	35.035	
3	48.8, F	1.526	35.077	
3	77.4, F	0.266	35.118	
3	84.5, F	1.197	35.160	
3	68.2, F	1.474	35.202	
3	20.2, F	1.412	35.244	
3	135.1, F	1.188	35.285	
3	40.2, F	0.44	35.327	
3	36.1, F	1.451	35.369	
3	68.7, F	2.229	35.410	
3	106.0, F	0.232	35.452	
3	89.1, F	1.207	35.494	
3	355.9, F	0.825	35.535	
3	37.5, F	1.836	35.577	
3	37.4, F	0.439	35.619	
3	72.3, F	1.338	35.661	
3	52.1, F	1.908	35.702	
3	34.9, F	1.108	35.744	
3	63.1, F	1.741	35.786	
3	None	0	35.827	0.04200000000000159
3	55.0, F	0.674	35.869	
3	9.5, F	1.423	35.911	
3	88.5, F	1.009	35.953	
3	70.3, F	1.178	35.994	
3	1.3, F	1.002	36.036	
3	48.6, F	2.049	36.078	
3	78.0, F	1.883	36.119	
3	68.1, F	0.18	36.161	
3	21.9, F	0.823	36.203	
3	89.4, F	1.701	36.245	
3	76.0, F	2.015	36.286	
3	30.1, F	1.048	36.328	
3	3.4, F	0.682	36.370	
3	87.9, F	1.657	36.411	
3	36.2, F	0.195	36.453	
3	74.3, F	1.189	36.495	
3	70.0, F	1.378	36.536	
3	59.3, F	1.483	36.578	
3	109.1, F	0.784	36.620	
3	356.2, F	1.568	36.662	
3	77.5, F	0.589	36.703	
3	67.1, F	1.696	36.745	
3	130.7, F	0.583	36.787	
3	28.3, F	1.543	36.828	
3	99.7, F	1.607	36.870	
3	61.7, F	1.427	36.912	
3	20.9, F	0.819	36.954	
3	123.8, F	0.368	36.995	
3	82.2, F	1.398	37.037	
3	56.9, F	1.649	37.079	
3	347.8, F	0.604	37.120	
3	54.5, F	2.218	37.162	
3	144.7, F	0.707	37.204	
3	13.2, F	0.646	37.246	
3	54.2, F	1.039	37.287	
3	47.3, F	1.288	37.329	
3	211.1, F	0.511	37.371	
3	89.9, F	2.649	37.412	
3	5.5, F	0.5	37.454	
3	39.3, F	1.204	37.496	
3	63.5, F	1.367	37.538	
3	106.9, F	1.13	37.579	
3	47.3, F	2.032	37.621	
3	193.3, F	0.414	37.663	
3	83.2, F	0.544	37.704	
3	72.5, F	2.099	37.746	
3	69.5, F	0.746	37.788	
3	356.6, F	0.561	37.829	
3	164.8, F	0.626	37.871	
3	43.5, F	2.248	37.913	
3	91.8, F	1.709	37.955	
3	30.2, F	0.346	37.996	
3	57.6, F	1.021	38.038	
3	90.1, F	0.51	38.080	
3	67.5, F	0.818	38.121	
3	68.0, F	1.883	38.163	
3	26.8, F	0.689	38.205	
3	5.1, F	1.736	38.247	
3	90.9, F	1.055	38.288	
3	77.7, F	1.201	38.330	
3	10.4, F	0.475	38.372	
3	92.1, F	1.491	38.413	
3	81.3, F	1.64	38.455	
3	20.6, F	0.529	38.497	
3	26.9, F	1.215	38.538	
3	41.1, F	1.055	38.580	
3	124.8, F	0.631	38.622	
3	94.6, F	1.531	38.664	
3	54.0, F	0.298	38.705	
3	64.1, F	2.128	38.747	
3	51.8, F	0.709	38.789	
3	64.7, F	1.823	38.830	
3	132.3, F	0.318	38.872	
3	79.5, F	2.027	38.914	
3	37.2, F	0.993	38.956	
3	347.8, F	0.392	38.997	
3	47.7, F	0.985	39.039	
3	94.0, F	1.891	39.081	
3	83.4, F	0.678	39.122	
3	61.4, F	0.929	39.164	
3	313.8, F	0.28	39.206	
3	66.5, F	1.481	39.248	
3	40.4, F	1.801	39.289	
3	131.0, F	0.151	39.331	
3	74.1, F	0.748	39.373	
3	69.3, F	1.91	39.414	
3	8.5, F	1.439	39.456	
3	103.2, F	0.729	39.498	
3	None	0	39.539	0.04200000000000159
3	62.2, F	2.04	39.581	
3	94.5, F	1.67	39.623	
3	324.9, F	1.949	39.665	
3	50.6, F	2.418	39.706	
3	172.0, F	0.684	39.748	
3	49.3, F	1.132	39.790	
3	217.4, F	0.591	39.831	
3	254.5, F	0.224	39.873	
3	77.0, F	2.153	39.915	
3	352.9, F	0.988	39.957	
3	140.4, F	0.86	39.998	
3	89.7, F	0.891	40.040	
3	57.3, F	2.259	40.082	
3	33.2, F	1.153	40.123	
3	59.4, F	2.506	40.165	
3	187.6, F	0.348	40.207	
3	50.7, F	1.964	40.249	
3	128.8, F	0.735	40.290	
3	93.6, F	1.06	40.332	
3	99.5, F	0.685	40.374	
3	60.0, F	2.265	40.415	
3	194.0, F	0.177	40.457	
3	167.3, F	0.324	40.499	
3	43.8, F	1.683	40.541	
3	48.0, F	0.899	40.582	
3	89.0, F	0.713	40.624	
3	30.3, F	0.558	40.666	
3	103.2, F	0.877	40.707	
3	82.7, F	1.159	40.749	
3	51.7, F	1.345	40.791	
3	38.8, F	1.201	40.832	
3	92.1, F	0.81	40.874	
3	59.9, F	1.972	40.916	
3	257.8, F	0.401	40.958	
3	351.1, F	0.487	40.999	
3	57.7, F	0.889	41.041	
3	340.0, F	0.721	41.083	
3	199.0, F	0.681	41.124	
3	306.4, F	0.17	41.166	
3	332.8, F	0.243	41.208	
3	294.1, F	0.133	41.250	
3	52.0, F	3.124	41.291	
3	None	0	41.333	
3	None	0	41.375	
3	None	0	41.416	
3	None	0	41.458	0.1670000000000016
3	52.9, F	0.113	41.500	
3	None	0	41.541	0.04200000000000159
3	51.1, F	0.119	41.583	
3	269.1, F	0.737	41.625	
3	None	0	41.667	0.04099999999999682
3	172.0, F	0.237	41.708	
3	14.1, F	0.532	41.750	
3	144.8, F	0.507	41.792	
3	131.0, F	0.523	41.833	
3	270.5, F	0.887	41.875	
3	353.3, F	0.267	41.917	
3	338.4, F	0.166	41.959	
3	187.3, F	0.794	42.000	
3	308.1, F	0.206	42.042	
3	None	0	42.084	0.04099999999999682
3	95.2, F	21.558	42.125	
3	89.0, F	1.044	42.167	
3	76.5, F	0.864	42.209	
3	81.5, F	1.02	42.251	
3	64.1, F	0.925	42.292	
3	165.1, F	0.767	42.334	
3	68.8, F	1.1	42.376	
3	59.2, F	1.139	42.417	
3	170.7, F	0.514	42.459	
3	112.8, F	0.897	42.501	
3	27.0, F	0.591	42.542	
3	106.0, F	0.912	42.584	
3	16.3, F	0.552	42.626	
3	118.0, F	0.622	42.668	
3	178.0, F	0.116	42.709	
3	154.9, F	0.676	42.751	
3	57.6, F	1.013	42.793	
3	183.2, F	0.658	42.834	
3	45.0, F	0.192	42.876	
3	94.5, F	1.102	42.918	
3	96.1, F	0.692	42.960	
3	195.1, F	0.231	43.001	
3	172.0, F	0.582	43.043	
3	91.2, F	1.147	43.085	
3	102.0, F	0.716	43.126	
3	180.5, F	0.59	43.168	
3	69.6, F	0.575	43.210	
3	117.5, F	2.041	43.252	
3	145.7, F	0.247	43.293	
3	38.6, F	1.033	43.335	
3	180.5, F	0.544	43.377	
3	130.5, F	1.174	43.418	
3	126.6, F	0.285	43.460	
3	99.1, F	0.74	43.502	
3	132.5, F	0.423	43.544	
3	74.4, F	0.975	43.585	
3	157.3, F	1.095	43.627	
3	84.5, F	0.964	43.669	
3	109.4, F	0.492	43.710	
3	35.0, F	0.703	43.752	
3	108.5, F	1.179	43.794	
3	113.2, F	0.941	43.835	
3	52.5, F	0.179	43.877	
3	101.3, F	1.368	43.919	
3	188.6, F	0.392	43.961	
3	118.5, F	1.541	44.002	
3	None	0	44.044	0.04200000000000159
3	119.3, F	1.226	44.086	
3	87.2, F	0.466	44.127	
3	98.6, F	1.181	44.169	
3	213.8, F	0.36	44.211	
3	133.1, F	1.9	44.253	
3	211.3, F	0.442	44.294	
3	10.0, F	0.207	44.336	
3	116.5, F	0.458	44.378	
3	139.9, F	1.169	44.419	
3	162.4, F	0.42	44.461	
3	169.9, F	0.938	44.503	
3	98.8, F	0.572	44.544	
3	191.4, F	1.198	44.586	
3	138.1, F	1.116	44.628	
3	200.4, F	0.583	44.670	
3	101.7, F	0.198	44.711	
3	150.0, F	1.481	44.753	
3	195.6, F	0.902	44.795	
3	180.5, F	0.37	44.836	
3	175.8, F	0.947	44.878	
3	159.0, F	1.001	44.920	
3	89.2, F	0.736	44.962	
3	199.9, F	0.591	45.003	
3	105.3, F	0.11	45.045	
3	155.0, F	0.922	45.087	
3	139.1, F	1.224	45.128	
3	153.2, F	0.389	45.170	
3	49.0, F	0.286	45.212	
3	99.5, F	1.143	45.254	
3	172.2, F	0.692	45.295	
3	153.0, F	1.004	45.337	
3	None	0	45.379	0.04100000000000392
3	164.8, F	0.749	45.420	
3	78.0, F	0.754	45.462	
3	168.9, F	0.141	45.504	
3	172.1, F	0.748	45.545	
3	104.0, F	0.966	45.587	
3	206.9, F	0.602	45.629	
3	341.1, F	0.124	45.671	
3	178.1, F	1.532	45.712	
3	116.0, F	0.456	45.754	
3	129.2, F	0.604	45.796	
3	321.7, F	0.637	45.837	
3	142.7, F	0.935	45.879	
3	203.4, F	0.658	45.921	
3	140.5, F	1.09	45.963	
3	259.9, F	0.314	46.004	
3	218.0, F	0.484	46.046	
3	252.9, F	0.501	46.088	
3	164.3, F	0.891	46.129	
3	126.4, F	0.278	46.171	
3	240.1, F	1.105	46.213	
3	181.0, F	1.462	46.255	
3	304.1, F	0.41	46.296	
3	100.5, F	0.606	46.338	
3	225.5, F	0.862	46.380	
3	177.1, F	0.941	46.421	
3	173.3, F	0.333	46.463	
3	326.4, F	0.351	46.505	
3	195.9, F	0.917	46.547	
3	225.2, F	0.479	46.588	
3	24.0, F	0.473	46.630	
3	230.1, F	1.084	46.672	
3	107.8, F	0.17	46.713	
3	182.8, F	0.799	46.755	
3	333.4, F	0.159	46.797	
3	251.3, F	0.137	46.838	
3	206.0, F	0.334	46.880	
3	228.7, F	0.966	46.922	
3	88.4, F	0.18	46.964	
3	161.8, F	0.321	47.005	
3	176.2, F	0.728	47.047	
3	170.9, F	0.29	47.089	
3	208.9, F	0.583	47.130	
3	214.3, F	1.011	47.172	
3	84.2, F	0.218	47.214	
3	230.3, F	1.327	47.256	
3	214.2, F	0.333	47.297	
3	155.0, F	0.773	47.339	
3	276.3, F	0.86	47.381	
3	199.8, F	0.676	47.422	
3	256.1, F	0.52	47.464	
3	144.0, F	0.482	47.506	
3	190.0, F	0.635	47.547	
3	245.3, F	0.564	47.589	
3	226.6, F	1.132	47.631	
3	333.4, F	0.172	47.673	
3	260.7, F	0.406	47.714	
3	242.0, F	1.151	47.756	
3	143.8, F	1.02	47.798	
3	253.0, F	0.85	47.839	
3	202.2, F	0.475	47.881	
3	270.5, F	1.255	47.923	
3	249.3, F	0.807	47.965	
3	204.2, F	0.744	48.006	
3	271.9, F	0.856	48.048	
3	244.8, F	1.505	48.090	
3	218.2, F	1.04	48.131	
3	181.7, F	0.102	48.173	
3	228.3, F	0.352	48.215	
3	237.3, F	1.367	48.257	
3	291.2, F	0.458	48.298	
3	102.6, F	0.281	48.340	
3	None	0	48.382	0.04100000000000392
3	278.1, F	0.409	48.423	
3	263.5, F	0.702	48.465	
3	204.7, F	0.098	48.507	
3	284.1, F	0.312	48.548	
3	272.3, F	0.721	48.590	
3	None	0	48.632	0.04200000000000159
3	321.4, F	0.298	48.674	
3	315.6, F	0.526	48.715	
3	238.8, F	1.126	48.757	
3	341.7, F	0.405	48.799	
3	322.9, F	0.499	48.840	
3	113.9, F	0.795	48.882	
3	254.2, F	0.42	48.924	
3	316.7, F	0.801	48.966	
3	155.4, F	0.365	49.007	
3	175.9, F	0.255	49.049	
3	336.7, F	0.565	49.091	
3	210.9, F	1.007	49.132	
3	73.4, F	0.34	49.174	
3	269.9, F	0.77	49.216	
3	197.6, F	0.192	49.258	
3	217.7, F	0.239	49.299	
3	205.8, F	0.363	49.341	
3	316.2, F	0.667	49.383	
3	152.5, F	1.171	49.424	
3	240.7, F	0.485	49.466	
3	164.9, F	0.712	49.508	
3	63.2, F	0.222	49.550	
3	254.6, F	0.748	49.591	
3	139.0, F	0.464	49.633	
3	148.0, F	0.502	49.675	
3	291.4, F	0.939	49.716	
3	46.3, F	0.221	49.758	
3	168.7, F	1.02	49.800	
3	109.7, F	0.181	49.841	
3	144.1, F	0.407	49.883	
3	15.1, F	0.319	49.925	
3	22.4, F	0.199	49.967	
3	223.5, F	1.297	50.008	
3	138.5, F	0.163	50.050	
3	145.2, F	0.352	50.092	
3	17.3, F	0.639	50.133	
3	174.6, F	0.633	50.175	
3	15.9, F	0.337	50.217	
3	165.0, F	1.124	50.259	
3	251.3, F	0.656	50.300	
3	34.1, F	0.742	50.342	
3	136.5, F	0.671	50.384	
3	293.3, F	0.714	50.425	
3	156.9, F	0.974	50.467	
3	304.5, F	0.596	50.509	
3	74.4, F	0.577	50.550	
3	282.5, F	0.374	50.592	
3	85.3, F	0.594	50.634	
3	254.6, F	0.355	50.676	
3	227.6, F	0.265	50.717	
3	107.4, F	0.828	50.759	
3	217.3, F	0.248	50.801	
3	210.2, F	0.274	50.842	
3	206.4, F	0.239	50.884	
3	353.0, F	0.751	50.926	
3	191.6, F	0.243	50.968	
3	179.8, F	0.259	51.009	
3	174.8, F	0.233	51.051	
3	357.4, F	0.855	51.093	
3	183.3, F	0.193	51.134	
3	191.2, F	0.128	51.176	
3	187.4, F	0.116	51.218	
3	166.8, F	0.14	51.260	
3	None	0	51.301	
3	None	0	51.343	0.08399999999999608
3	1.5, F	0.928	51.385	
3	None	0	51.426	
3	None	0	51.468	0.08399999999999608
3	179.6, F	0.926	51.510	
3	348.4, F	0.13	51.551	
3	338.3, F	0.154	51.593	
3	345.9, F	0.189	51.635	
3	335.5, F	0.222	51.677	
3	80.4, F	0.899	51.718	
3	319.4, F	0.175	51.760	
3	191.6, F	0.732	51.802	
3	336.3, F	0.424	51.843	
3	338.3, F	0.535	51.885	
3	192.3, F	0.452	51.927	
3	332.6, F	0.539	51.969	
3	124.6, F	0.901	52.010	
3	334.2, F	0.541	52.052	
3	202.3, F	0.622	52.094	
3	330.4, F	0.462	52.135	
3	126.2, F	0.969	52.177	
3	337.8, F	0.42	52.219	
3	343.5, F	0.447	52.261	
3	192.2, F	0.421	52.302	
3	344.9, F	0.415	52.344	
3	190.1, F	0.559	52.386	
3	340.2, F	0.413	52.427	
3	124.5, F	1.016	52.469	
3	339.2, F	0.534	52.511	
3	199.6, F	0.656	52.552	
3	311.3, F	0.327	52.594	
3	310.5, F	0.294	52.636	
3	75.7, F	0.776	52.678	
3	196.3, F	0.807	52.719	
3	320.3, F	0.288	52.761	
3	316.9, F	0.234	52.803	
3	314.5, F	0.221	52.844	
3	81.2, F	0.828	52.886	
3	309.8, F	0.133	52.928	
3	None	0	52.970	0.04100000000000392
3	183.9, F	0.868	53.011	
3	None	0	53.053	
3	None	0	53.095	
3	None	0	53.136	0.125
3	185.0, F	0.092	53.178	
3	188.4, F	0.13	53.220	
3	0.5, F	0.629	53.262	
3	180.1, F	0.423	53.303	
3	181.4, F	0.466	53.345	
3	355.6, F	0.451	53.387	
3	176.9, F	0.678	53.428	
3	30.5, F	0.138	53.470	
3	47.9, F	0.139	53.512	
3	80.2, F	0.183	53.553	
3	90.9, F	0.251	53.595	
3	94.0, F	0.299	53.637	
3	266.9, F	0.625	53.679	
3	109.5, F	0.38	53.720	
3	108.4, F	0.367	53.762	
3	252.3, F	0.69	53.804	
3	116.6, F	0.32	53.845	
3	19.9, F	0.831	53.887	
3	253.0, F	0.736	53.929	
3	128.0, F	0.344	53.971	
3	128.3, F	0.326	54.012	
3	254.1, F	0.791	54.054	
3	13.0, F	0.589	54.096	
3	168.7, F	0.336	54.137	
3	168.3, F	0.345	54.179	
3	2.9, F	0.673	54.221	
3	182.4, F	0.331	54.263	
3	184.3, F	0.33	54.304	
3	354.7, F	0.627	54.346	
3	191.0, F	0.351	54.388	
3	196.7, F	0.443	54.429	
3	329.6, F	0.485	54.471	
3	203.1, F	0.607	54.513	
3	57.3, F	0.799	54.554	
3	299.3, F	0.322	54.596	
3	196.7, F	0.904	54.638	
3	88.5, F	0.709	54.680	
3	277.5, F	0.283	54.721	
3	296.5, F	0.278	54.763	
3	299.9, F	0.212	54.805	
3	83.6, F	0.827	54.846	
3	326.6, F	0.214	54.888	
3	349.5, F	0.373	54.930	
3	181.2, F	0.565	54.972	
3	5.3, F	0.426	55.013	
3	137.4, F	0.532	55.055	
3	24.0, F	0.897	55.097	
3	251.8, F	0.546	55.138	
3	112.6, F	0.438	55.180	
3	254.1, F	0.592	55.222	
3	30.1, F	1.82	55.264	
3	191.6, F	0.337	55.305	
3	201.8, F	0.228	55.347	
3	184.3, F	0.215	55.389	
3	358.5, F	0.847	55.430	
3	217.0, F	0.126	55.472	
3	198.0, F	0.136	55.514	
3	185.1, F	0.191	55.555	
3	172.7, F	0.329	55.597	
3	0.9, F	0.609	55.639	
3	177.9, F	0.455	55.681	
3	196.6, F	0.578	55.722	
3	328.3, F	0.316	55.764	
3	82.3, F	0.813	55.806	
3	308.5, F	0.18	55.847	
3	279.2, F	0.094	55.889	
3	183.0, F	0.93	55.931	
3	None	0	55.973	
3	None	0	56.014	
3	None	0	56.056	0.125
3	143.0, F	0.126	56.098	
3	6.8, F	0.864	56.139	
3	134.4, F	0.2	56.181	
3	130.1, F	0.2	56.223	
3	130.4, F	0.257	56.265	
3	253.8, F	0.748	56.306	
3	131.2, F	0.367	56.348	
3	21.6, F	0.75	56.390	
3	133.0, F	0.387	56.431	
3	248.8, F	0.741	56.473	
3	136.3, F	0.538	56.515	
3	33.5, F	0.676	56.556	
3	235.3, F	0.742	56.598	
3	21.0, F	0.452	56.640	
3	145.8, F	0.554	56.682	
3	298.8, F	0.903	56.723	
3	155.0, F	0.651	56.765	
3	36.5, F	0.448	56.807	
3	158.7, F	0.728	56.848	
3	293.9, F	0.754	56.890	
3	53.8, F	0.356	56.932	
3	70.3, F	0.377	56.974	
3	212.1, F	1.097	57.015	
3	96.1, F	0.413	57.057	
3	123.1, F	0.401	57.099	
3	332.3, F	1.023	57.140	
3	98.6, F	0.668	57.182	
3	233.8, F	0.2	57.224	
3	181.5, F	0.232	57.266	
3	172.3, F	0.284	57.307	
3	14.0, F	0.616	57.349	
3	153.8, F	0.391	57.391	
3	109.3, F	0.194	57.432	
3	71.5, F	0.22	57.474	
3	334.5, F	0.692	57.516	
3	41.8, F	1.2	57.557	
3	2.1, F	0.332	57.599	
3	132.1, F	0.522	57.641	
3	29.5, F	1.171	57.683	
3	323.1, F	0.181	57.724	
3	18.3, F	0.392	57.766	
3	129.4, F	0.484	57.808	
3	31.5, F	1.027	57.849	
3	259.3, F	0.215	57.891	
3	34.9, F	0.182	57.933	
3	61.3, F	0.348	57.975	
3	150.7, F	0.974	58.016	
3	313.3, F	0.356	58.058	
3	86.1, F	0.993	58.100	
3	85.5, F	0.167	58.141	
3	94.6, F	0.2	58.183	
3	263.4, F	0.551	58.225	
3	107.4, F	0.744	58.267	
3	199.2, F	0.395	58.308	
3	1.2, F	0.496	58.350	
3	163.4, F	0.495	58.392	
3	57.3, F	0.429	58.433	
3	149.8, F	1.066	58.475	
3	263.4, F	0.166	58.517	
3	192.8, F	0.217	58.558	
3	160.1, F	0.282	58.600	
3	14.1, F	0.723	58.642	
3	122.2, F	0.298	58.684	
3	F	0.3	58.725	
3	141.8, F	0.475	58.767	
3	310.3, F	0.851	58.809	
3	142.2, F	0.634	58.850	
3	41.5, F	0.526	58.892	
3	221.1, F	0.971	58.934	
3	66.1, F	0.338	58.976	
3	75.4, F	0.267	59.017	
3	272.0, F	0.734	59.059	
3	96.2, F	0.222	59.101	
3	89.0, F	0.176	59.142	
3	77.5, F	0.176	59.184	
3	75.6, F	0.209	59.226	
3	274.1, F	0.831	59.268	
3	39.3, F	0.15	59.309	
3	12.9, F	0.179	59.351	
3	179.9, F	0.739	59.393	
3	343.1, F	0.327	59.434	
3	343.2, F	0.349	59.476	
3	191.0, F	0.447	59.518	
3	345.4, F	0.625	59.559	
3	324.8, F	0.266	59.601	
3	66.0, F	0.735	59.643	
3	311.8, F	0.437	59.685	
3	212.0, F	0.623	59.726	
3	37.8, F	0.741	59.768	
3	247.5, F	0.575	59.810	
3	19.5, F	0.846	59.851	
3	254.7, F	0.767	59.893	
3	178.6, F	0.284	59.935	
3	197.8, F	0.314	59.977	
3	343.5, F	0.541	60.018	
3	211.7, F	0.647	60.060	
3	90.6, F	0.444	60.102	
3	249.4, F	0.562	60.143	
3	136.9, F	0.589	60.185	
3	229.7, F	0.973	60.227	
3	114.4, F	0.361	60.269	
3	142.3, F	0.56	60.310	
3	272.6, F	0.784	60.352	
3	168.0, F	1.243	60.394	
3	100.7, F	0.14	60.435	
3	170.3, F	0.578	60.477	
3	161.3, F	0.841	60.519	
3	301.9, F	0.501	60.560	
3	109.0, F	1.045	60.602	
3	197.2, F	0.601	60.644	
3	24.1, F	0.115	60.686	
3	151.7, F	0.306	60.727	
3	168.9, F	0.755	60.769	
3	105.4, F	0.32	60.811	
3	271.0, F	0.408	60.852	
3	112.9, F	0.985	60.894	
3	180.4, F	0.968	60.936	
3	147.2, F	0.426	60.978	
3	148.7, F	0.466	61.019	
3	286.8, F	0.71	61.061	
3	108.5, F	0.905	61.103	
3	190.1, F	0.662	61.144	
3	None	0	61.186	0.04200000000000159
3	138.6, F	0.558	61.228	
3	145.6, F	1.338	61.270	
3	195.7, F	0.659	61.311	
3	None	0	61.353	0.04200000000000159
3	146.6, F	0.391	61.395	
3	151.6, F	1.014	61.436	
3	102.2, F	0.715	61.478	
3	194.2, F	0.502	61.520	
3	342.8, F	0.237	61.561	
3	172.5, F	1.248	61.603	
3	24.3, F	0.455	61.645	
3	164.4, F	0.772	61.687	
3	88.4, F	0.211	61.728	
3	231.9, F	0.883	61.770	
3	58.2, F	0.275	61.812	
3	167.8, F	1.019	61.853	
3	151.7, F	0.408	61.895	
3	263.1, F	0.986	61.937	
3	193.2, F	0.46	61.979	
3	141.5, F	0.969	62.020	
3	261.0, F	0.415	62.062	
3	226.1, F	1.379	62.104	
3	201.5, F	0.273	62.145	
3	213.5, F	0.941	62.187	
3	114.3, F	0.352	62.229	
3	189.2, F	0.917	62.271	
3	201.0, F	0.316	62.312	
3	211.6, F	0.713	62.354	
3	281.5, F	0.33	62.396	
3	157.7, F	1.059	62.437	
3	255.4, F	0.487	62.479	
3	154.8, F	0.922	62.521	
3	272.5, F	0.44	62.562	
3	141.3, F	1.035	62.604	
3	153.5, F	0.546	62.646	
3	187.9, F	0.676	62.688	
3	109.9, F	0.153	62.729	
3	167.7, F	1.068	62.771	
3	186.6, F	0.586	62.813	
3	90.0, F	0.258	62.854	
3	203.8, F	0.139	62.896	
3	171.9, F	1.497	62.938	
3	172.6, F	0.962	62.980	
3	172.4, F	0.676	63.021	
3	139.3, F	0.554	63.063	
3	142.4, F	1.15	63.105	
3	224.7, F	2.564	63.146	
3	133.8, F	0.471	63.188	
3	216.3, F	1.094	63.230	
3	166.2, F	0.973	63.272	
3	167.0, F	0.52	63.313	
3	105.1, F	0.241	63.355	
3	231.2, F	0.732	63.397	
3	168.4, F	1.67	63.438	
3	94.1, F	0.558	63.480	
3	211.2, F	0.547	63.522	
3	182.2, F	1.15	63.563	
3	158.7, F	1.159	63.605	
3	58.8, F	0.676	63.647	
3	185.2, F	1.225	63.689	
3	132.2, F	1.184	63.730	
3	162.3, F	1.123	63.772	
3	207.7, F	0.752	63.814	
3	102.2, F	0.896	63.855	
3	177.9, F	0.823	63.897	
3	155.6, F	1.101	63.939	
3	179.2, F	0.45	63.981	
3	175.2, F	0.815	64.022	
3	111.0, F	0.672	64.064	
3	132.5, F	1.809	64.106	
3	350.5, F	0.556	64.147	
3	172.4, F	0.827	64.189	
3	83.0, F	0.656	64.231	
3	119.6, F	1.358	64.273	
3	327.4, F	0.254	64.314	
3	129.4, F	1.735	64.356	
3	177.2, F	0.141	64.398	
3	60.2, F	1.208	64.439	
3	159.5, F	0.955	64.481	
3	82.3, F	0.819	64.523	
3	110.5, F	0.174	64.564	
3	111.4, F	1.331	64.606	
3	F	0.965	64.648	
3	16.4, F	0.283	64.690	
3	156.4, F	1.077	64.731	
3	154.0, F	0.676	64.773	
3	63.4, F	1.131	64.815	
3	163.6, F	0.931	64.856	
3	82.3, F	0.756	64.898	
3	130.0, F	1.082	64.940	
3	75.8, F	0.232	64.982	
3	103.6, F	0.742	65.023	
3	137.5, F	0.551	65.065	
3	129.1, F	1.553	65.107	
3	298.3, F	2.645	65.148	
3	109.1, F	1.26	65.190	
3	39.8, F	0.797	65.232	
3	82.4, F	0.922	65.274	
3	163.6, F	1.057	65.315	
3	205.6, F	0.304	65.357	
3	148.1, F	0.269	65.399	
3	135.4, F	2.657	65.440	
3	None	0	65.482	0.04200000000000159
3	226.4, F	0.18	65.524	
3	2.1, F	1.26	65.566	
3	94.5, F	0.717	65.607	
3	212.9, F	0.53	65.649	
3	92.5, F	0.752	65.691	
3	200.4, F	0.459	65.732	
3	215.1, F	1.016	65.774	
3	82.3, F	1.549	65.816	
3	305.0, F	0.426	65.857	
3	217.6, F	0.928	65.899	
3	357.0, F	0.583	65.941	
3	8.4, F	0.342	65.983	
3	205.5, F	0.884	66.024	
3	80.8, F	1.764	66.066	
3	291.6, F	0.399	66.108	
3	273.5, F	0.312	66.149	
3	51.6, F	0.275	66.191	
3	175.0, F	1.073	66.233	
3	301.5, F	0.574	66.275	
3	18.7, F	0.306	66.316	
3	345.2, F	0.262	66.358	
3	27.9, F	0.169	66.400	
3	311.1, F	0.395	66.441	
3	200.0, F	1.84	66.483	
3	12.6, F	1.584	66.525	
3	120.6, F	0.486	66.566	
3	239.6, F	0.303	66.608	
3	221.8, F	0.365	66.650	
3	222.3, F	0.419	66.692	
3	111.0, F	1.391	66.733	
3	214.2, F	0.331	66.775	
3	208.6, F	0.321	66.817	
3	112.5, F	0.369	66.858	
3	20.1, F	1.304	66.900	
3	171.9, F	0.719	66.942	
3	162.2, F	0.771	66.984	
3	64.4, F	0.442	67.025	
3	320.2, F	0.422	67.067	
3	182.9, F	1.406	67.109	
3	11.8, F	0.392	67.150	
3	60.0, F	0.354	67.192	
3	78.7, F	0.484	67.234	
3	102.5, F	0.775	67.276	
3	103.9, F	0.563	67.317	
3	225.7, F	0.653	67.359	
3	97.8, F	1.115	67.401	
3	154.2, F	0.228	67.442	
3	231.1, F	0.494	67.484	
3	13.7, F	0.792	67.526	
3	169.6, F	0.861	67.567	
3	33.6, F	0.542	67.609	
3	185.4, F	1.07	67.651	
3	356.5, F	0.362	67.693	
3	13.7, F	0.165	67.734	
3	None	0	67.776	0.04200000000000159
3	231.2, F	0.297	67.818	
3	163.6, F	0.348	67.859	
3	214.4, F	0.766	67.901	
3	203.3, F	0.761	67.943	
3	320.0, F	0.664	67.985	
3	147.1, F	1.145	68.026	
3	291.2, F	0.867	68.068	
3	93.3, F	0.382	68.110	
3	264.6, F	1.274	68.151	
3	113.2, F	0.699	68.193	
3	172.0, F	0.496	68.235	
3	201.9, F	0.207	68.277	
3	197.4, F	0.535	68.318	
3	194.8, F	0.59	68.360	
3	351.5, F	0.475	68.402	
3	182.0, F	1.209	68.443	
3	43.8, F	0.536	68.485	
3	241.6, F	0.156	68.527	
3	204.3, F	0.212	68.569	
3	117.2, F	0.197	68.610	
3	143.2, F	0.336	68.652	
3	130.1, F	0.334	68.694	
3	132.2, F	0.53	68.735	
3	226.2, F	0.982	68.777	
3	60.6, F	0.848	68.819	
3	299.8, F	0.6	68.860	
3	138.5, F	1.179	68.902	
3	297.5, F	0.375	68.944	
3	296.0, F	0.235	68.986	
3	87.6, F	1.123	69.027	
3	266.8, F	0.8	69.069	
3	202.5, F	0.144	69.111	
3	178.1, F	0.123	69.152	
3	176.1, F	0.145	69.194	
3	153.8, F	0.131	69.236	
3	354.4, F	0.163	69.278	
3	189.8, F	0.234	69.319	
3	None	0	69.361	
3	None	0	69.403	
3	None	0	69.444	
3	None	0	69.486	
3	None	0	69.528	0.2079999999999984
3	217.6, F	0.225	69.569	
3	219.3, F	0.256	69.611	
3	88.1, F	0.95	69.653	
3	242.1, F	0.334	69.695	
3	227.0, F	0.384	69.736	
3	233.4, F	0.33	69.778	
3	56.0, F	1.039	69.820	
3	211.8, F	0.754	69.861	
3	319.8, F	0.91	69.903	
3	136.3, F	0.84	69.945	
3	309.9, F	0.701	69.987	
3	146.7, F	0.988	70.028	
3	305.5, F	0.731	70.070	
3	61.3, F	0.619	70.112	
3	213.3, F	1.256	70.153	
3	61.3, F	0.613	70.195	
3	286.8, F	0.791	70.237	
3	70.5, F	0.564	70.279	
3	65.7, F	0.457	70.320	
3	215.4, F	1.602	70.362	
3	34.6, F	0.729	70.404	
3	67.1, F	0.54	70.445	
3	278.2, F	0.847	70.487	
3	75.9, F	0.443	70.529	
3	69.2, F	0.51	70.570	
3	216.9, F	1.866	70.612	
3	27.0, F	0.587	70.654	
3	62.5, F	0.343	70.696	
3	70.4, F	0.277	70.737	
3	275.1, F	1.261	70.779	
3	77.5, F	0.794	70.821	
3	69.1, F	0.249	70.862	
3	66.2, F	0.266	70.904	
3	276.8, F	1.19	70.946	
3	81.3, F	0.848	70.988	
3	171.3, F	1.435	71.029	
3	291.3, F	1.315	71.071	
3	77.3, F	0.876	71.113	
3	69.3, F	0.235	71.154	
3	84.2, F	0.219	71.196	
3	275.7, F	1.197	71.238	
3	75.2, F	0.764	71.280	
3	52.0, F	0.323	71.321	
3	69.0, F	0.17	71.363	
3	280.3, F	1.252	71.405	
3	154.9, F	1.443	71.446	
3	2.4, F	0.747	71.488	
3	42.3, F	0.122	71.530	
3	28.7, F	0.181	71.572	
3	42.5, F	0.148	71.613	
3	178.9, F	1.352	71.655	
3	1.4, F	0.551	71.697	
3	None	0	71.738	0.04200000000000159
3	183.9, F	0.162	71.780	
3	189.2, F	0.187	71.822	
3	350.0, F	0.253	71.863	
3	192.3, F	0.259	71.905	
3	325.5, F	0.171	71.947	
3	318.5, F	0.198	71.989	
3	204.7, F	0.336	72.030	
3	338.5, F	0.286	72.072	
3	205.4, F	0.531	72.114	
3	101.8, F	0.221	72.155	
3	258.0, F	0.279	72.197	
3	127.8, F	0.237	72.239	
3	239.9, F	0.209	72.281	
3	118.4, F	0.28	72.322	
3	223.5, F	0.219	72.364	
3	350.0, F	1.273	72.406	
3	162.0, F	0.583	72.447	
3	111.8, F	0.337	72.489	
3	227.0, F	0.221	72.531	
3	207.1, F	0.34	72.572	
3	96.7, F	0.187	72.614	
3	295.9, F	0.332	72.656	
3	101.1, F	0.114	72.698	
3	127.0, F	0.096	72.739	
3	304.0, F	0.443	72.781	
3	4.0, F	0.376	72.823	
3	358.9, F	0.412	72.864	
3	None	0	72.906	
3	None	0	72.948	
3	None	0	72.990	0.125
3	356.1, F	0.104	73.031	
3	347.4, F	0.096	73.073	
3	None	0	73.115	0.04100000000001103
3	275.5, F	0.116	73.156	
3	None	0	73.198	
3	None	0	73.240	
3	None	0	73.282	
3	None	0	73.323	
3	None	0	73.365	0.20900000000000318
3	20.8, F	0.166	73.407	
3	None	0	73.448	0.04200000000000159
3	46.6, F	0.226	73.490	
3	44.2, F	0.244	73.532	
3	177.6, F	1.322	73.573	
3	359.5, F	0.683	73.615	
3	35.7, F	0.206	73.657	
3	31.7, F	0.2	73.699	
3	283.7, F	0.338	73.740	
3	46.7, F	0.168	73.782	
3	15.7, F	0.222	73.824	
3	181.8, F	1.223	73.865	
3	2.6, F	0.629	73.907	
3	30.7, F	0.215	73.949	
3	329.3, F	0.28	73.991	
3	172.6, F	1.058	74.032	
3	351.2, F	0.886	74.074	
3	39.6, F	0.477	74.116	
3	185.2, F	0.962	74.157	
3	351.0, F	0.478	74.199	
3	352.5, F	0.472	74.241	
3	162.8, F	0.809	74.283	
3	343.3, F	0.585	74.324	
3	342.9, F	0.566	74.366	
3	156.7, F	0.691	74.408	
3	350.1, F	0.604	74.449	
3	192.8, F	0.729	74.491	
3	17.9, F	0.661	74.533	
3	194.1, F	0.704	74.575	
3	17.0, F	0.67	74.616	
3	192.1, F	0.776	74.658	
3	14.0, F	0.669	74.700	
3	196.4, F	0.678	74.741	
3	21.6, F	0.716	74.783	
3	191.4, F	0.618	74.825	
3	353.3, F	0.766	74.866	
3	140.2, F	0.475	74.908	
3	181.8, F	0.386	74.950	
3	354.8, F	1.016	74.992	
3	187.0, F	0.277	75.033	
3	177.1, F	0.237	75.075	
3	201.4, F	0.326	75.117	
3	353.2, F	1.024	75.158	
3	111.0, F	0.344	75.200	
3	199.3, F	0.254	75.242	
3	218.5, F	0.239	75.284	
3	91.6, F	0.348	75.325	
3	221.2, F	0.194	75.367	
3	221.8, F	0.177	75.409	
3	244.3, F	0.154	75.450	
3	7.2, F	1.436	75.492	
3	206.7, F	0.686	75.534	
3	102.8, F	0.199	75.575	
3	256.5, F	0.308	75.617	
3	66.7, F	0.142	75.659	
3	None	0	75.701	
3	None	0	75.742	0.08300000000001262
3	195.3, F	0.11	75.784	
3	None	0	75.826	
3	None	0	75.867	
3	None	0	75.909	
3	None	0	75.951	
3	None	0	75.993	0.20800000000001262
3	210.0, F	0.126	76.034	
3	212.1, F	0.13	76.076	
3	217.7, F	0.139	76.118	
3	227.2, F	0.187	76.159	
3	226.1, F	0.283	76.201	
3	238.7, F	0.275	76.243	
3	344.8, F	1.088	76.285	
3	106.4, F	1.001	76.326	
3	211.4, F	0.513	76.368	
3	207.3, F	0.539	76.410	
3	348.7, F	0.737	76.451	
3	191.7, F	0.551	76.493	
3	351.0, F	0.682	76.535	
3	121.6, F	1.378	76.576	
3	299.2, F	0.924	76.618	
3	185.4, F	0.815	76.660	
3	346.4, F	0.471	76.702	
3	189.4, F	0.948	76.743	
3	77.4, F	1.251	76.785	
3	287.0, F	0.734	76.827	
3	329.4, F	0.244	76.868	
3	332.4, F	0.182	76.910	
3	320.0, F	0.193	76.952	
3	188.0, F	1.46	76.994	
3	72.7, F	1.059	77.035	
3	324.7, F	0.451	77.077	
3	226.4, F	0.472	77.119	
3	296.0, F	0.381	77.160	
3	116.8, F	0.817	77.202	
3	271.0, F	0.41	77.244	
3	248.7, F	0.57	77.286	
3	101.4, F	0.631	77.327	
3	247.8, F	0.662	77.369	
3	114.6, F	0.452	77.411	
3	242.3, F	0.914	77.452	
3	25.9, F	0.822	77.494	
3	152.4, F	0.607	77.536	
3	301.6, F	1.218	77.578	
3	135.4, F	1.153	77.619	
3	22.9, F	0.416	77.661	
3	39.4, F	0.29	77.703	
3	226.6, F	1.665	77.744	
3	76.8, F	0.613	77.786	
3	77.1, F	0.193	77.828	
3	124.8, F	0.163	77.869	
3	145.5, F	0.221	77.911	
3	38.1, F	0.182	77.953	
3	252.7, F	1.379	77.995	
3	80.0, F	0.606	78.036	
3	62.9, F	0.18	78.078	
3	68.6, F	0.168	78.120	
3	88.6, F	0.119	78.161	
3	43.1, F	0.127	78.203	
3	187.8, F	0.52	78.245	
3	232.5, F	0.108	78.287	
3	222.8, F	0.316	78.328	
3	225.7, F	0.216	78.370	
3	230.0, F	0.229	78.412	
3	343.9, F	1.226	78.453	
3	173.1, F	0.735	78.495	
3	None	0	78.537	
3	None	0	78.578	0.08299999999999841
3	261.3, F	0.815	78.620	
3	223.8, F	0.277	78.662	
3	344.6, F	1.117	78.704	
3	132.9, F	1.018	78.745	
3	249.9, F	0.52	78.787	
3	119.4, F	0.375	78.829	
3	324.9, F	1.278	78.870	
3	167.4, F	0.898	78.912	
3	114.8, F	0.243	78.954	
3	131.5, F	0.196	78.996	
3	310.6, F	1.833	79.037	
3	147.4, F	0.926	79.079	
3	220.5, F	0.1	79.121	
3	248.9, F	0.236	79.162	
3	113.5, F	0.203	79.204	
3	257.0, F	0.271	79.246	
3	145.0, F	0.176	79.288	
3	1.4, F	1.281	79.329	
3	210.6, F	0.685	79.371	
3	45.7, F	0.117	79.413	
3	5.7, F	0.21	79.454	
3	346.7, F	0.27	79.496	
3	202.2, F	0.291	79.538	
3	346.0, F	0.373	79.579	
3	273.4, F	0.239	79.621	
3	301.7, F	0.368	79.663	
3	72.4, F	0.606	79.705	
3	309.3, F	0.597	79.746	
3	308.1, F	0.736	79.788	
3	156.0, F	0.741	79.830	
3	39.2, F	0.697	79.871	
3	237.3, F	1.028	79.913	
3	23.8, F	0.744	79.955	
3	147.1, F	0.311	79.997	
3	132.2, F	0.261	80.038	
3	319.6, F	1.615	80.080	
3	123.4, F	0.985	80.122	
3	42.8, F	0.217	80.163	
3	41.0, F	0.245	80.205	
3	254.8, F	1.156	80.247	
3	21.6, F	0.448	80.289	
3	137.7, F	0.165	80.330	
3	91.5, F	0.148	80.372	
3	69.7, F	0.181	80.414	
3	56.7, F	0.306	80.455	
3	62.1, F	0.329	80.497	
3	283.9, F	0.784	80.539	
3	64.3, F	0.374	80.581	
3	63.7, F	0.463	80.622	
3	301.4, F	0.659	80.664	
3	147.7, F	0.764	80.706	
3	42.0, F	0.529	80.747	
3	216.4, F	0.91	80.789	
3	45.7, F	0.583	80.831	
3	310.6, F	0.668	80.872	
3	141.8, F	0.706	80.914	
3	316.0, F	0.78	80.956	
3	131.8, F	0.626	80.998	
3	320.3, F	0.798	81.039	
3	135.5, F	0.653	81.081	
3	319.6, F	0.694	81.123	
3	139.7, F	0.679	81.164	
3	317.3, F	0.677	81.206	
3	147.1, F	0.772	81.248	
3	43.8, F	0.588	81.290	
3	222.9, F	0.876	81.331	
3	40.8, F	0.552	81.373	
3	301.2, F	0.948	81.415	
3	160.9, F	0.614	81.456	
3	29.2, F	0.5	81.498	
3	169.8, F	0.6	81.540	
3	14.9, F	0.521	81.581	
3	253.2, F	1.465	81.623	
3	43.6, F	0.779	81.665	
3	186.1, F	0.505	81.707	
3	0.6, F	0.492	81.748	
3	184.8, F	0.518	81.790	
3	9.8, F	0.501	81.832	
3	178.5, F	0.546	81.873	
3	15.6, F	0.502	81.915	
3	169.1, F	0.592	81.957	
3	29.0, F	0.483	81.999	
3	162.2, F	0.592	82.040	
3	34.8, F	0.509	82.082	
3	298.6, F	0.913	82.124	
3	156.1, F	0.727	82.165	
3	40.4, F	0.614	82.207	
3	157.2, F	0.857	82.249	
3	300.1, F	0.848	82.291	
3	42.0, F	0.68	82.332	
3	226.6, F	1.081	82.374	
3	40.0, F	0.701	82.416	
3	130.5, F	0.538	82.457	
3	306.3, F	0.959	82.499	
3	134.8, F	0.488	82.541	
3	123.7, F	0.431	82.582	
3	315.9, F	1.187	82.624	
3	106.7, F	0.394	82.666	
3	92.3, F	0.369	82.708	
3	87.5, F	0.301	82.749	
3	277.5, F	1.174	82.791	
3	67.3, F	0.316	82.833	
3	68.4, F	0.25	82.874	
3	62.2, F	0.287	82.916	
3	133.2, F	0.288	82.958	
3	295.3, F	1.286	83.000	
3	99.4, F	0.951	83.041	
3	112.0, F	0.393	83.083	
3	261.4, F	0.508	83.125	
3	41.3, F	0.808	83.166	
3	255.8, F	0.497	83.208	
3	98.1, F	0.491	83.250	
3	237.3, F	0.37	83.292	
3	95.9, F	0.779	83.333	
3	254.6, F	0.106	83.375	
3	None	0	83.417	
3	None	0	83.458	
3	None	0	83.500	0.125
3	23.2, F	0.107	83.542	
3	14.7, F	0.193	83.584	
3	None	0	83.625	
3	None	0	83.667	0.08400000000000318
3	26.6, F	0.096	83.709	
3	None	0	83.750	0.04200000000000159
3	145.2, F	0.096	83.792	
3	None	0	83.834	
3	None	0	83.875	0.08299999999999841
3	329.6, F	0.166	83.917	
3	333.4, F	0.364	83.959	
3	201.1, F	0.815	84.001	
3	324.0, F	0.377	84.042	
3	311.3, F	0.395	84.084	
3	155.4, F	0.976	84.126	
3	297.8, F	0.764	84.167	
3	37.9, F	0.484	84.209	
3	56.0, F	0.351	84.251	
3	224.8, F	1.327	84.293	
3	41.5, F	0.403	84.334	
3	46.1, F	0.407	84.376	
3	51.3, F	0.369	84.418	
3	287.3, F	1.075	84.459	
3	172.5, F	0.855	84.501	
3	17.4, F	0.321	84.543	
3	3.7, F	0.283	84.584	
3	348.7, F	0.3	84.626	
3	196.7, F	0.682	84.668	
3	340.9, F	0.409	84.710	
3	161.6, F	0.636	84.751	
3	327.5, F	0.556	84.793	
3	20.5, F	0.501	84.835	
3	177.3, F	0.493	84.876	
3	356.0, F	0.444	84.918	
3	199.4, F	0.419	84.960	
3	343.8, F	0.501	85.002	
3	197.5, F	0.587	85.043	
3	344.7, F	0.405	85.085	
3	188.1, F	0.492	85.127	
3	1.9, F	0.382	85.168	
3	179.3, F	0.788	85.210	
3	10.4, F	0.326	85.252	
3	22.7, F	0.21	85.294	
3	49.6, F	0.167	85.335	
3	57.3, F	0.15	85.377	
3	172.9, F	1.412	85.419	
3	22.4, F	0.495	85.460	
3	221.0, F	0.367	85.502	
3	34.5, F	0.475	85.544	
3	203.4, F	0.313	85.585	
3	334.4, F	0.16	85.627	
3	135.5, F	0.6	85.669	
3	349.5, F	0.159	85.711	
3	324.8, F	0.104	85.752	
3	322.9, F	0.118	85.794	
3	None	0	85.836	0.04099999999999682
3	187.1, F	0.725	85.877	
3	None	0	85.919	
3	None	0	85.961	0.08400000000000318
3	67.5, F	0.094	86.003	
3	None	0	86.044	
3	None	0	86.086	0.08400000000000318
3	295.4, F	0.158	86.128	
3	273.6, F	0.348	86.169	
3	38.4, F	0.179	86.211	
3	3.7, F	0.249	86.253	
3	209.1, F	0.358	86.295	
3	341.6, F	0.333	86.336	
3	221.8, F	0.302	86.378	
3	323.7, F	0.441	86.420	
3	238.0, F	0.442	86.461	
3	70.7, F	0.755	86.503	
3	227.3, F	0.449	86.545	
3	315.2, F	0.416	86.587	
3	111.6, F	0.771	86.628	
3	307.6, F	0.408	86.670	
3	230.4, F	0.565	86.712	
3	73.0, F	0.647	86.753	
3	276.9, F	0.495	86.795	
3	221.6, F	0.802	86.837	
3	96.8, F	0.629	86.878	
3	266.5, F	0.453	86.920	
3	95.6, F	0.623	86.962	
3	260.3, F	0.42	87.004	
3	96.7, F	0.661	87.045	
3	266.2, F	0.389	87.087	
3	263.9, F	0.311	87.129	
3	87.9, F	0.811	87.170	
3	298.4, F	0.367	87.212	
3	308.6, F	0.411	87.254	
3	315.3, F	0.402	87.296	
3	80.5, F	0.906	87.337	
3	313.1, F	0.345	87.379	
3	227.5, F	0.434	87.421	
3	353.9, F	0.215	87.462	
3	148.6, F	0.117	87.504	
3	107.7, F	0.151	87.546	
3	20.3, F	0.691	87.587	
3	63.4, F	0.646	87.629	
3	25.5, F	0.256	87.671	
3	170.6, F	0.672	87.713	
3	30.2, F	0.603	87.754	
3	30.1, F	1.307	87.796	
3	196.2, F	0.892	87.838	
3	94.7, F	1.151	87.879	
3	272.5, F	0.523	87.921	
3	44.7, F	0.431	87.963	
3	57.3, F	0.536	88.005	
3	348.9, F	0.426	88.046	
3	None	0	88.088	0.04200000000000159
3	35.7, F	0.206	88.130	
3	41.4, F	0.222	88.171	
3	29.1, F	0.292	88.213	
3	31.4, F	0.268	88.255	
3	28.7, F	0.435	88.297	
3	236.3, F	1.338	88.338	
3	63.6, F	0.888	88.380	
3	24.0, F	0.376	88.422	
3	146.8, F	0.433	88.463	
3	304.9, F	1.123	88.505	
3	129.4, F	0.377	88.547	
3	111.4, F	0.337	88.588	
3	131.1, F	0.345	88.630	
3	252.3, F	0.838	88.672	
3	31.7, F	0.962	88.714	
3	96.2, F	0.543	88.755	
3	275.0, F	0.346	88.797	
3	86.8, F	0.704	88.839	
3	273.9, F	0.249	88.880	
3	278.7, F	0.323	88.922	
3	308.3, F	0.496	88.964	
3	62.8, F	0.644	89.006	
3	248.6, F	0.499	89.047	
3	109.7, F	0.565	89.089	
3	291.2, F	0.702	89.131	
3	125.0, F	0.717	89.172	
3	300.2, F	0.39	89.214	
3	77.6, F	0.831	89.256	
3	191.7, F	0.625	89.298	
3	290.2, F	0.113	89.339	
3	348.1, F	0.102	89.381	
3	102.7, F	0.159	89.423	
3	103.3, F	0.336	89.464	
3	100.6, F	0.543	89.506	
3	None	0	89.548	0.04200000000000159
3	97.6, F	0.204	89.590	
3	94.7, F	0.363	89.631	
3	272.5, F	0.723	89.673	
3	102.5, F	0.336	89.715	
3	83.2, F	0.312	89.756	
3	287.9, F	0.409	89.798	
3	86.5, F	0.803	89.840	
3	300.3, F	0.145	89.881	
3	302.9, F	0.101	89.923	
3	None	0	89.965	
3	None	0	90.007	
3	None	0	90.048	0.125
3	66.7, F	0.172	90.090	
3	80.7, F	0.291	90.132	
3	88.5, F	0.271	90.173	
3	273.5, F	0.178	90.215	
3	78.2, F	0.498	90.257	
3	190.0, F	0.573	90.299	
3	302.2, F	0.099	90.340	
3	None	0	90.382	
3	None	0	90.424	
3	None	0	90.465	
3	None	0	90.507	0.1670000000000016
3	73.5, F	0.13	90.549	
3	78.7, F	0.102	90.590	
3	88.5, F	0.156	90.632	
3	50.4, F	0.143	90.674	
3	46.5, F	0.139	90.716	
3	62.5, F	0.162	90.757	
3	278.0, F	1.129	90.799	
3	71.4, F	0.728	90.841	
3	170.0, F	0.334	90.882	
3	23.1, F	0.239	90.924	
3	174.2, F	0.217	90.966	
3	19.1, F	0.369	91.008	
3	158.9, F	0.244	91.049	
3	168.2, F	0.23	91.091	
3	293.6, F	1.294	91.133	
3	84.5, F	0.702	91.174	
3	None	0	91.216	0.04200000000000159
3	8.2, F	0.133	91.258	
3	339.2, F	0.169	91.300	
3	353.1, F	0.332	91.341	
3	192.6, F	0.69	91.383	
3	357.2, F	0.672	91.425	
3	217.5, F	0.384	91.466	
3	339.8, F	0.918	91.508	
3	115.2, F	0.27	91.550	
3	251.5, F	0.344	91.591	
3	18.7, F	0.243	91.633	
3	343.2, F	0.197	91.675	
3	337.9, F	0.481	91.717	
3	227.3, F	0.348	91.758	
3	334.7, F	0.858	91.800	
3	68.5, F	0.763	91.842	
3	217.8, F	1.069	91.883	
3	60.0, F	0.553	91.925	
3	300.3, F	0.856	91.967	
3	28.1, F	0.565	92.009	
3	153.0, F	0.383	92.050	
3	243.8, F	1.089	92.092	
3	1.5, F	0.75	92.134	
3	192.4, F	0.331	92.175	
3	356.2, F	0.764	92.217	
3	190.5, F	0.335	92.259	
3	205.2, F	0.328	92.301	
3	119.5, F	0.406	92.342	
3	340.6, F	1.029	92.384	
3	138.1, F	0.196	92.426	
3	248.5, F	0.55	92.467	
3	222.3, F	0.21	92.509	
3	235.6, F	0.191	92.551	
3	240.6, F	0.334	92.593	
3	92.9, F	0.603	92.634	
3	256.3, F	0.611	92.676	
3	20.8, F	1.007	92.718	
3	254.3, F	0.719	92.759	
3	161.6, F	0.228	92.801	
3	192.2, F	0.199	92.843	
3	202.6, F	0.359	92.884	
3	347.0, F	0.765	92.926	
3	230.9, F	0.577	92.968	
3	163.2, F	0.395	93.010	
3	14.7, F	0.566	93.051	
3	229.9, F	0.803	93.093	
3	348.5, F	0.462	93.135	
3	191.6, F	0.71	93.176	
3	337.7, F	0.264	93.218	
3	338.7, F	0.253	93.260	
3	197.7, F	0.973	93.302	
3	75.2, F	0.932	93.343	
3	293.3, F	0.304	93.385	
3	283.8, F	0.315	93.427	
3	263.8, F	0.437	93.468	
3	87.7, F	0.576	93.510	
3	261.8, F	0.635	93.552	
3	100.4, F	0.34	93.593	
3	100.0, F	0.265	93.635	
3	258.5, F	0.952	93.677	
3	141.0, F	0.235	93.719	
3	183.0, F	0.308	93.760	
3	328.9, F	0.174	93.802	
3	340.1, F	0.194	93.844	
3	201.3, F	0.455	93.885	
3	286.4, F	0.22	93.927	
3	66.5, F	0.183	93.969	
3	265.1, F	0.443	94.011	
3	62.1, F	0.098	94.052	
3	None	0	94.094	0.04200000000000159
3	161.6, F	0.152	94.136	
3	174.0, F	0.181	94.177	
3	201.4, F	0.219	94.219	
3	206.2, F	0.301	94.261	
3	217.6, F	0.382	94.303	
3	345.6, F	0.994	94.344	
3	223.7, F	0.41	94.386	
3	111.9, F	0.765	94.428	
3	241.7, F	0.664	94.469	
3	16.4, F	0.921	94.511	
3	258.0, F	1.07	94.553	
3	172.3, F	0.203	94.594	
3	218.5, F	0.276	94.636	
3	124.6, F	0.183	94.678	
3	339.9, F	1.38	94.720	
3	191.1, F	0.499	94.761	
3	266.8, F	0.616	94.803	
3	6.9, F	1.413	94.845	
3	214.6, F	1.817	94.886	
3	359.0, F	0.556	94.928	
3	288.1, F	0.283	94.970	
3	38.4, F	0.227	95.012	
3	4.8, F	0.261	95.053	
3	345.3, F	0.377	95.095	
3	197.1, F	0.777	95.137	
3	344.9, F	0.366	95.178	
3	340.7, F	0.3	95.220	
3	346.6, F	0.263	95.262	
3	184.7, F	1.07	95.304	
3	2.5, F	0.16	95.345	
3	349.3, F	0.146	95.387	
3	350.8, F	0.187	95.429	
3	340.7, F	0.151	95.470	
3	348.9, F	0.136	95.512	
3	4.2, F	0.177	95.554	
3	188.8, F	0.946	95.596	
3	346.5, F	0.111	95.637	
3	344.5, F	0.135	95.679	
3	341.7, F	0.137	95.721	
3	85.5, F	1.211	95.762	
3	280.1, F	0.605	95.804	
3	None	0	95.846	0.04099999999999682
3	59.9, F	0.124	95.887	
3	67.3, F	0.212	95.929	
3	69.5, F	0.28	95.971	
3	284.7, F	0.269	96.013	
3	160.5, F	1.046	96.054	
3	325.0, F	0.138	96.096	
3	11.6, F	0.114	96.138	
3	25.0, F	0.199	96.179	
3	29.2, F	0.207	96.221	
3	41.8, F	0.282	96.263	
3	55.0, F	0.394	96.305	
3	168.5, F	0.994	96.346	
3	277.6, F	0.887	96.388	
3	57.8, F	0.349	96.430	
3	71.1, F	0.384	96.471	
3	78.3, F	0.41	96.513	
3	264.3, F	0.654	96.555	
3	90.1, F	0.528	96.596	
3	258.5, F	0.405	96.638	
3	84.2, F	0.623	96.680	
3	265.8, F	0.298	96.722	
3	264.2, F	0.298	96.763	
3	97.5, F	0.824	96.805	
3	249.6, F	0.255	96.847	
3	249.2, F	0.222	96.888	
3	242.5, F	0.158	96.930	
3	228.9, F	0.23	96.972	
3	82.4, F	1.206	97.014	
3	256.7, F	0.918	97.055	
3	336.6, F	0.33	97.097	
3	210.8, F	0.187	97.139	
3	104.4, F	1.122	97.180	
3	288.3, F	0.814	97.222	
3	220.8, F	0.243	97.264	
3	349.2, F	0.251	97.306	
3	187.9, F	0.176	97.347	
3	355.4, F	0.321	97.389	
3	180.6, F	0.182	97.431	
3	192.8, F	0.203	97.472	
3	80.9, F	1.315	97.514	
3	250.7, F	0.803	97.556	
3	0.9, F	0.373	97.597	
3	239.7, F	0.194	97.639	
3	244.8, F	0.148	97.681	
3	239.4, F	0.236	97.723	
3	339.7, F	0.429	97.764	
3	91.7, F	0.768	97.806	
3	247.9, F	0.292	97.848	
3	240.2, F	0.296	97.889	
3	247.5, F	0.251	97.931	
3	57.8, F	1.106	97.973	
3	254.6, F	0.589	98.015	
3	259.6, F	0.483	98.056	
3	101.4, F	0.45	98.098	
3	238.5, F	0.644	98.140	
3	51.5, F	0.723	98.181	
3	253.5, F	0.55	98.223	
3	105.2, F	0.545	98.265	
3	256.1, F	0.404	98.307	
3	77.7, F	1.06	98.348	
3	237.7, F	0.232	98.390	
3	234.0, F	0.167	98.432	
3	8.3, F	0.318	98.473	
3	141.5, F	0.162	98.515	
3	126.8, F	0.159	98.557	
3	131.5, F	0.172	98.599	
3	10.9, F	0.538	98.640	
3	255.9, F	0.783	98.682	
3	None	0	98.724	0.04099999999999682
3	252.5, F	0.139	98.765	
3	268.3, F	0.306	98.807	
3	88.2, F	0.702	98.849	
3	270.3, F	0.367	98.890	
3	265.5, F	0.418	98.932	
3	88.5, F	0.558	98.974	
3	267.0, F	0.503	99.016	
3	82.8, F	0.405	99.057	
3	267.9, F	0.603	99.099	
3	101.7, F	0.458	99.141	
3	100.3, F	0.463	99.182	
3	238.3, F	0.597	99.224	
3	61.8, F	0.641	99.266	
3	287.3, F	0.443	99.308	
3	220.0, F	0.63	99.349	
3	73.9, F	0.702	99.391	
3	283.9, F	0.378	99.433	
3	82.8, F	0.693	99.474	
3	212.0, F	0.711	99.516	
3	287.2, F	0.339	99.558	
3	80.9, F	0.804	99.599	
3	245.7, F	0.192	99.641	
3	241.2, F	0.158	99.683	
3	None	0	99.725	
3	None	0	99.766	0.08300000000001262
3	103.1, F	0.137	99.808	
3	103.6, F	0.263	99.850	
3	100.4, F	0.371	99.891	
3	243.2, F	0.319	99.933	
3	90.9, F	0.59	99.975	
3	243.8, F	0.138	100.017	
3	230.9, F	0.097	100.058	
3	249.0, F	0.115	100.100	
3	354.4, F	0.664	100.142	
3	225.0, F	0.28	100.183	
3	112.3, F	0.519	100.225	
3	221.2, F	0.34	100.267	
3	194.4, F	0.362	100.309	
3	1.1, F	0.477	100.350	
3	170.8, F	0.37	100.392	
3	10.9, F	0.353	100.434	
3	171.3, F	0.529	100.475	
3	10.3, F	0.382	100.517	
3	14.0, F	0.31	100.559	
3	166.4, F	0.711	100.600	
3	40.9, F	0.347	100.642	
3	55.5, F	0.355	100.684	
3	206.0, F	1.209	100.726	
3	19.1, F	1.256	100.767	
3	145.3, F	0.895	100.809	
3	303.8, F	0.419	100.851	
3	317.2, F	0.282	100.892	
3	80.8, F	1.177	100.934	
3	197.5, F	1.156	100.976	
3	16.8, F	0.868	101.018	
3	268.6, F	0.405	101.059	
3	89.7, F	0.387	101.101	
3	85.1, F	0.496	101.143	
3	286.1, F	0.133	101.184	
3	None	0	101.226	
3	None	0	101.268	0.08400000000000318
3	106.4, F	0.106	101.310	
3	101.4, F	0.147	101.351	
3	122.3, F	0.236	101.393	
3	111.0, F	0.265	101.435	
3	247.6, F	0.662	101.476	
3	110.6, F	0.525	101.518	
3	107.3, F	0.539	101.560	
3	242.5, F	0.483	101.602	
3	70.9, F	0.863	101.643	
3	224.2, F	0.392	101.685	
3	310.4, F	0.364	101.727	
3	219.2, F	0.392	101.768	
3	71.8, F	0.902	101.810	
3	220.0, F	0.363	101.852	
3	328.5, F	0.372	101.893	
3	246.6, F	0.227	101.935	
3	335.4, F	0.48	101.977	
3	247.3, F	0.283	102.019	
3	90.2, F	0.807	102.060	
3	261.8, F	0.253	102.102	
3	258.2, F	0.253	102.144	
3	277.3, F	0.197	102.185	
3	86.9, F	0.835	102.227	
3	260.1, F	0.309	102.269	
3	259.3, F	0.436	102.311	
3	94.5, F	0.458	102.352	
3	251.5, F	0.657	102.394	
3	38.8, F	0.501	102.436	
3	264.6, F	0.984	102.477	
3	None	0	102.519	
3	None	0	102.561	
3	None	0	102.602	
3	None	0	102.644	
3	None	0	102.686	
3	None	0	102.728	
3	None	0	102.769	
3	None	0	102.811	
3	None	0	102.853	
3	None	0	102.894	
3	None	0	102.936	0.458999999999989
3	21.9, F	0.11	102.978	
3	7.5, F	0.16	103.020	
3	349.8, F	0.152	103.061	
3	337.8, F	0.159	103.103	
3	334.0, F	0.174	103.145	
3	337.5, F	0.162	103.186	
3	187.6, F	0.943	103.228	
3	310.2, F	0.262	103.270	
3	311.1, F	0.289	103.312	
3	67.4, F	0.418	103.353	
3	295.0, F	0.364	103.395	
3	57.4, F	0.286	103.437	
3	195.6, F	1.17	103.478	
3	12.4, F	0.955	103.520	
3	272.4, F	0.495	103.562	
3	51.4, F	0.165	103.603	
3	69.5, F	0.148	103.645	
3	40.1, F	0.157	103.687	
3	172.7, F	1.068	103.729	
3	273.4, F	0.517	103.770	
3	61.0, F	0.192	103.812	
3	43.4, F	0.156	103.854	
3	35.0, F	0.11	103.895	
3	None	0	103.937	
3	None	0	103.979	
3	None	0	104.021	0.125
3	295.9, F	0.11	104.062	
3	283.0, F	0.195	104.104	
3	248.1, F	0.274	104.146	
3	250.0, F	0.289	104.187	
3	97.5, F	0.695	104.229	
3	255.4, F	0.297	104.271	
3	240.8, F	0.289	104.313	
3	236.8, F	0.269	104.354	
3	65.5, F	0.906	104.396	
3	238.2, F	0.353	104.438	
3	254.2, F	0.298	104.479	
3	241.2, F	0.33	104.521	
3	61.8, F	1.025	104.563	
3	244.4, F	0.308	104.605	
3	261.5, F	0.264	104.646	
3	267.3, F	0.25	104.688	
3	87.9, F	0.776	104.730	
3	270.4, F	0.306	104.771	
3	266.8, F	0.251	104.813	
3	275.9, F	0.312	104.855	
3	80.6, F	0.635	104.896	
3	280.4, F	0.382	104.938	
3	274.0, F	0.375	104.980	
3	80.7, F	0.569	105.022	
3	288.3, F	0.385	105.063	
3	70.0, F	0.526	105.105	
3	279.1, F	0.526	105.147	
3	76.7, F	0.505	105.188	
3	204.1, F	1.117	105.230	
3	69.1, F	0.493	105.272	
3	296.9, F	0.609	105.314	
3	67.0, F	0.552	105.355	
3	294.5, F	0.623	105.397	
3	60.9, F	0.514	105.439	
3	223.2, F	0.785	105.480	
3	45.0, F	0.566	105.522	
3	232.2, F	0.797	105.564	
3	35.5, F	0.652	105.605	
3	141.8, F	0.536	105.647	
3	314.5, F	0.854	105.689	
3	145.8, F	0.549	105.731	
3	34.9, F	0.677	105.772	
3	234.0, F	0.771	105.814	
3	39.7, F	0.647	105.856	
3	227.1, F	0.781	105.897	
3	40.1, F	0.663	105.939	
3	148.2, F	0.587	105.981	
3	308.8, F	0.787	106.023	
3	143.6, F	0.541	106.064	
3	41.1, F	0.686	106.106	
3	228.7, F	0.777	106.148	
3	41.5, F	0.713	106.189	
3	229.9, F	0.733	106.231	
3	136.8, F	0.576	106.273	
3	320.8, F	0.909	106.315	
3	135.1, F	0.605	106.356	
3	35.8, F	0.749	106.398	
3	232.1, F	0.672	106.440	
3	135.9, F	0.601	106.481	
3	323.7, F	0.962	106.523	
3	127.3, F	0.564	106.565	
3	229.4, F	0.623	106.606	
3	29.7, F	0.946	106.648	
3	235.2, F	0.641	106.690	
3	126.1, F	0.632	106.732	
3	329.3, F	0.886	106.773	
3	128.1, F	0.573	106.815	
3	234.2, F	0.586	106.857	
3	34.5, F	1.038	106.898	
3	235.0, F	0.558	106.940	
3	115.1, F	0.537	106.982	
3	239.2, F	0.5	107.024	
3	28.9, F	1.013	107.065	
3	244.4, F	0.611	107.107	
3	126.6, F	0.487	107.149	
3	244.9, F	0.687	107.190	
3	27.9, F	0.903	107.232	
3	245.7, F	0.809	107.274	
3	136.3, F	0.44	107.316	
3	134.9, F	0.411	107.357	
3	16.3, F	0.889	107.399	
3	251.7, F	1.005	107.441	
3	171.6, F	0.383	107.482	
3	359.8, F	0.686	107.524	
3	188.0, F	0.258	107.566	
3	182.4, F	0.291	107.608	
3	186.0, F	0.344	107.649	
3	0.4, F	0.764	107.691	
3	183.2, F	0.305	107.733	
3	174.1, F	0.214	107.774	
3	1.9, F	0.767	107.816	
3	164.4, F	0.201	107.858	
3	163.5, F	0.243	107.899	
3	150.6, F	0.232	107.941	
3	130.5, F	0.18	107.983	
3	14.6, F	1.033	108.025	
3	112.1, F	0.258	108.066	
3	261.9, F	0.806	108.108	
3	123.8, F	0.255	108.150	
3	112.5, F	0.287	108.191	
3	118.3, F	0.234	108.233	
3	121.7, F	0.236	108.275	
3	264.9, F	1.043	108.317	
3	130.7, F	0.19	108.358	
3	133.5, F	0.212	108.400	
3	5.1, F	1.059	108.442	
3	129.7, F	0.175	108.483	
3	129.5, F	0.206	108.525	
3	116.7, F	0.25	108.567	
3	268.1, F	0.766	108.608	
3	90.4, F	0.3	108.650	
3	77.6, F	0.327	108.692	
3	76.3, F	0.291	108.734	
3	275.4, F	0.708	108.775	
3	87.6, F	0.338	108.817	
3	99.5, F	0.393	108.859	
3	252.0, F	0.6	108.900	
3	112.5, F	0.485	108.942	
3	252.7, F	0.528	108.984	
3	108.3, F	0.669	109.026	
3	244.5, F	0.513	109.067	
3	39.4, F	1.089	109.109	
3	229.1, F	0.692	109.151	
3	142.9, F	0.63	109.192	
3	311.1, F	0.652	109.234	
3	146.7, F	0.716	109.276	
3	298.6, F	0.664	109.318	
3	55.7, F	0.489	109.359	
3	154.0, F	0.849	109.401	
3	280.3, F	0.74	109.443	
3	81.6, F	0.337	109.484	
3	99.5, F	0.237	109.526	
3	263.7, F	0.703	109.568	
3	95.7, F	0.281	109.609	
3	106.6, F	0.409	109.651	
3	248.1, F	0.709	109.693	
3	40.1, F	0.632	109.735	
3	127.4, F	0.389	109.776	
3	241.7, F	0.73	109.818	
3	62.5, F	0.397	109.860	
3	145.5, F	0.609	109.901	
3	280.9, F	0.609	109.943	
3	90.3, F	0.42	109.985	
3	265.5, F	0.563	110.027	
3	99.8, F	0.486	110.068	
3	263.3, F	0.49	110.110	
3	113.4, F	0.52	110.152	
3	246.9, F	0.562	110.193	
3	115.1, F	0.597	110.235	
3	325.0, F	0.904	110.277	
3	129.3, F	0.682	110.319	
3	227.8, F	0.61	110.360	
3	44.6, F	0.862	110.402	
3	219.0, F	0.692	110.444	
3	58.0, F	0.716	110.485	
3	210.5, F	0.743	110.527	
3	67.1, F	0.73	110.569	
3	310.0, F	0.507	110.611	
3	197.3, F	0.79	110.652	
3	319.7, F	0.407	110.694	
3	68.6, F	1.108	110.736	
3	184.2, F	0.724	110.777	
3	6.2, F	0.167	110.819	
3	47.6, F	0.185	110.861	
3	38.6, F	0.252	110.902	
3	291.4, F	0.491	110.944	
3	162.2, F	0.862	110.986	
3	52.8, F	0.326	111.028	
3	313.6, F	0.355	111.069	
3	64.4, F	0.527	111.111	
3	16.0, F	0.304	111.153	
3	171.4, F	0.647	111.194	
3	1.5, F	0.453	111.236	
3	174.9, F	0.54	111.278	
3	348.5, F	0.497	111.320	
3	341.4, F	0.591	111.361	
3	201.7, F	0.398	111.403	
3	198.5, F	0.331	111.445	
3	352.5, F	0.818	111.486	
3	117.4, F	0.768	111.528	
3	183.7, F	0.373	111.570	
3	359.1, F	0.627	111.611	
3	167.3, F	0.413	111.653	
3	160.1, F	0.373	111.695	
3	16.1, F	0.618	111.737	
3	147.5, F	0.508	111.778	
3	307.1, F	0.74	111.820	
3	148.5, F	0.656	111.862	
3	310.5, F	0.647	111.903	
3	140.9, F	0.686	111.945	
3	56.8, F	0.619	111.987	
3	211.9, F	0.683	112.029	
3	318.1, F	0.563	112.070	
3	68.7, F	0.688	112.112	
3	205.1, F	0.611	112.154	
3	316.7, F	0.5	112.195	
3	70.3, F	0.74	112.237	
3	200.1, F	0.574	112.279	
3	336.8, F	0.704	112.321	
3	117.9, F	1.027	112.362	
3	340.4, F	0.64	112.404	
3	193.0, F	0.418	112.446	
3	178.6, F	0.287	112.487	
3	1.0, F	0.901	112.529	
3	148.3, F	0.347	112.571	
3	141.4, F	0.255	112.612	
3	131.3, F	0.229	112.654	
3	252.1, F	0.299	112.696	
3	12.9, F	1.219	112.738	
3	194.1, F	0.892	112.779	
3	115.7, F	0.318	112.821	
3	273.0, F	0.32	112.863	
3	143.9, F	0.314	112.904	
3	332.2, F	0.953	112.946	
3	114.1, F	0.287	112.988	
3	119.7, F	0.309	113.030	
3	256.4, F	0.344	113.071	
3	101.0, F	0.304	113.113	
3	264.4, F	0.225	113.155	
3	91.2, F	0.521	113.196	
3	231.2, F	0.124	113.238	
3	230.2, F	0.109	113.280	
3	224.0, F	0.117	113.322	
3	203.0, F	0.197	113.363	
3	350.6, F	0.75	113.405	
3	110.7, F	0.639	113.447	
3	191.3, F	0.241	113.488	
3	184.4, F	0.194	113.530	
3	358.5, F	0.977	113.572	
3	180.6, F	0.178	113.614	
3	176.3, F	0.248	113.655	
3	181.6, F	0.252	113.697	
3	187.8, F	0.258	113.739	
3	355.8, F	0.787	113.780	
3	188.8, F	0.308	113.822	
3	187.6, F	0.311	113.864	
3	189.7, F	0.278	113.905	
3	356.4, F	0.709	113.947	
3	199.9, F	0.333	113.989	
3	191.4, F	0.319	114.031	
3	44.0, F	0.959	114.072	
3	202.8, F	0.448	114.114	
3	199.8, F	0.378	114.156	
3	346.0, F	0.65	114.197	
3	196.7, F	0.449	114.239	
3	199.5, F	0.442	114.281	
3	31.1, F	0.779	114.323	
3	223.1, F	0.524	114.364	
3	7.4, F	0.738	114.406	
3	234.4, F	0.661	114.448	
3	197.7, F	0.345	114.489	
3	341.3, F	0.874	114.531	
3	234.6, F	0.53	114.573	
3	114.0, F	0.728	114.614	
3	246.7, F	0.797	114.656	
3	31.3, F	0.862	114.698	
3	248.6, F	0.837	114.740	
3	150.6, F	0.504	114.781	
3	21.8, F	0.852	114.823	
3	174.8, F	0.65	114.865	
3	177.6, F	0.633	114.906	
3	357.2, F	0.367	114.948	
3	None	0	114.990	0.04200000000000159
3	226.1, F	0.214	115.032	
3	209.3, F	0.396	115.073	
3	185.0, F	0.617	115.115	
3	195.2, F	0.409	115.157	
3	178.2, F	0.63	115.198	
3	22.1, F	0.191	115.240	
3	None	0	115.282	0.04200000000000159
3	125.5, F	0.511	115.324	
3	184.6, F	1.383	115.365	
3	165.4, F	0.389	115.407	
3	14.5, F	0.548	115.449	
3	222.0, F	1.51	115.490	
3	87.1, F	0.1	115.532	
3	136.7, F	0.143	115.574	
3	183.1, F	0.347	115.615	
3	248.8, F	0.119	115.657	
3	243.5, F	0.276	115.699	
3	123.4, F	0.344	115.741	
3	219.8, F	0.535	115.782	
3	22.2, F	0.315	115.824	
3	190.8, F	0.867	115.866	
3	314.5, F	0.25	115.907	
3	274.6, F	0.373	115.949	
3	266.7, F	0.584	115.991	
3	100.8, F	0.325	116.033	
3	165.0, F	0.154	116.074	
3	267.8, F	1.185	116.116	
3	97.7, F	0.478	116.158	
3	None	0	116.199	0.04200000000000159
3	248.5, F	0.096	116.241	
3	234.8, F	0.203	116.283	
3	135.4, F	0.444	116.325	
3	298.4, F	0.284	116.366	
3	292.0, F	0.318	116.408	
3	94.1, F	0.445	116.450	
3	195.9, F	0.444	116.491	
3	182.9, F	0.592	116.533	
3	28.1, F	0.342	116.575	
3	157.5, F	1.272	116.617	
3	94.2, F	0.546	116.658	
3	232.4, F	0.595	116.700	
3	76.2, F	0.837	116.742	
3	289.6, F	0.188	116.783	
3	193.3, F	0.256	116.825	
3	182.9, F	0.337	116.867	
3	186.0, F	0.404	116.908	
3	10.4, F	0.466	116.950	
3	206.7, F	0.629	116.992	
3	3.1, F	0.423	117.034	
3	197.2, F	0.714	117.075	
3	76.4, F	1.342	117.117	
3	282.2, F	0.822	117.159	
3	200.4, F	0.816	117.200	
3	285.8, F	0.36	117.242	
3	82.0, F	0.711	117.284	
3	281.3, F	0.409	117.326	
3	292.8, F	0.48	117.367	
3	73.6, F	0.609	117.409	
3	305.2, F	0.46	117.451	
3	150.9, F	0.846	117.492	
3	303.7, F	0.513	117.534	
3	69.1, F	0.671	117.576	
3	286.9, F	0.462	117.617	
3	201.7, F	1.027	117.659	
3	79.5, F	0.99	117.701	
3	287.0, F	0.178	117.743	
3	279.5, F	0.229	117.784	
3	266.9, F	0.222	117.826	
3	86.1, F	1.117	117.868	
3	274.9, F	0.803	117.909	
3	279.8, F	0.211	117.951	
3	280.0, F	0.168	117.993	
3	84.6, F	1.276	118.035	
3	279.8, F	0.631	118.076	
3	306.2, F	0.157	118.118	
3	None	0	118.160	0.04099999999999682
3	354.4, F	0.184	118.201	
3	180.2, F	0.908	118.243	
3	354.1, F	0.214	118.285	
3	348.9, F	0.244	118.327	
3	343.5, F	0.331	118.368	
3	186.8, F	0.588	118.410	
3	342.9, F	0.375	118.452	
3	1.5, F	0.448	118.493	
3	172.6, F	0.44	118.535	
3	0.3, F	0.493	118.577	
3	175.4, F	0.384	118.618	
3	357.0, F	0.733	118.660	
3	186.6, F	0.271	118.702	
3	175.2, F	0.229	118.744	
3	182.3, F	0.276	118.785	
3	4.7, F	0.941	118.827	
3	173.4, F	0.183	118.869	
3	169.7, F	0.162	118.910	
3	164.4, F	0.167	118.952	
3	168.2, F	0.239	118.994	
3	153.2, F	0.292	119.036	
3	16.7, F	0.871	119.077	
3	129.2, F	0.337	119.119	
3	122.7, F	0.333	119.161	
3	256.4, F	0.153	119.202	
3	258.4, F	0.209	119.244	
3	95.3, F	0.273	119.286	
3	299.1, F	0.412	119.328	
3	54.2, F	0.155	119.369	
3	66.4, F	0.128	119.411	
3	297.6, F	0.457	119.453	
3	15.1, F	0.496	119.494	
3	121.6, F	0.18	119.536	
3	117.7, F	0.178	119.578	
3	288.1, F	0.406	119.620	
3	47.1, F	0.332	119.661	
3	20.5, F	0.414	119.703	
3	321.3, F	0.68	119.745	
3	154.6, F	0.426	119.786	
3	19.4, F	0.929	119.828	
3	238.0, F	0.179	119.870	
3	113.8, F	0.325	119.911	
3	267.9, F	0.193	119.953	
3	316.3, F	0.311	119.995	
3	52.5, F	0.459	120.037	
3	189.2, F	0.243	120.078	
3	6.4, F	0.539	120.120	
3	102.2, F	0.308	120.162	
3	90.2, F	0.548	120.203	
3	296.0, F	0.326	120.245	
3	75.3, F	1.21	120.287	
3	63.1, F	0.359	120.329	
3	352.6, F	0.445	120.370	
3	160.7, F	0.545	120.412	
3	56.2, F	0.615	120.454	
3	111.6, F	1.451	120.495	
3	330.2, F	0.686	120.537	
3	148.6, F	0.812	120.579	
3	43.4, F	0.523	120.621	
3	73.3, F	1.423	120.662	
3	211.4, F	0.694	120.704	
3	67.0, F	0.868	120.746	
3	164.6, F	0.529	120.787	
3	70.7, F	1.3	120.829	
3	5.6, F	0.381	120.871	
3	158.4, F	0.63	120.912	
3	351.5, F	0.57	120.954	
3	130.0, F	0.998	120.996	
3	57.9, F	1.388	121.038	
3	194.3, F	0.553	121.079	
3	8.7, F	1.072	121.121	
3	186.6, F	0.315	121.163	
3	128.7, F	0.764	121.204	
3	124.4, F	0.549	121.246	
3	338.4, F	1.129	121.288	
3	85.4, F	1.204	121.330	
3	182.0, F	0.512	121.371	
3	16.8, F	1.15	121.413	
3	57.5, F	0.554	121.455	
3	103.7, F	1.224	121.496	
3	256.4, F	0.387	121.538	
3	5.8, F	0.697	121.580	
3	14.7, F	0.65	121.621	
3	100.1, F	1.046	121.663	
3	69.7, F	0.675	121.705	
3	334.3, F	0.826	121.747	
3	92.0, F	1.307	121.788	
3	70.8, F	0.323	121.830	
3	354.3, F	0.495	121.872	
3	43.9, F	0.424	121.913	
3	120.1, F	0.66	121.955	
3	355.5, F	1.176	121.997	
3	109.2, F	1.602	122.039	
3	303.8, F	0.221	122.080	
3	330.3, F	0.147	122.122	
3	88.7, F	0.49	122.164	
3	104.8, F	0.786	122.205	
3	196.7, F	0.094	122.247	
3	114.4, F	0.199	122.289	
3	104.6, F	0.782	122.331	
3	121.0, F	0.541	122.372	
3	44.7, F	1.158	122.414	
3	172.8, F	0.345	122.456	
3	118.8, F	1.164	122.497	
3	57.3, F	0.692	122.539	
3	188.2, F	0.465	122.581	
3	23.6, F	0.425	122.623	
3	123.4, F	1.403	122.664	
3	55.3, F	0.737	122.706	
3	358.7, F	0.27	122.748	
3	148.9, F	0.605	122.789	
3	68.4, F	1.429	122.831	
