6	217.9, F	0.409	0.042	
6	214.5, F	0.781	0.083	
6	117.5, F	0.23	0.125	
6	155.6, F	0.628	0.167	
6	276.9, F	1.571	0.209	
6	70.0, F	0.322	0.250	
6	199.5, F	1.211	0.292	
6	303.3, F	1.023	0.334	
6	54.6, F	0.47	0.375	
6	239.5, F	1.092	0.417	
6	243.7, F	1.261	0.459	
6	49.5, F	0.437	0.500	
6	294.5, F	0.645	0.542	
6	165.9, F	0.865	0.584	
6	278.5, F	0.539	0.626	
6	272.5, F	0.738	0.667	
6	263.7, F	0.209	0.709	
6	258.6, F	0.531	0.751	
6	263.5, F	0.712	0.792	
6	269.8, F	1.068	0.834	
6	273.2, F	0.59	0.876	
6	223.4, F	0.151	0.918	
6	278.9, F	0.836	0.959	
6	None	0	1.001	0.04200000000000004
6	301.6, F	0.275	1.043	
6	275.1, F	0.496	1.084	
6	79.8, F	0.146	1.126	
6	None	0	1.168	0.04200000000000004
6	259.5, F	0.275	1.210	
6	250.4, F	0.772	1.251	
6	206.1, F	0.665	1.293	
6	311.6, F	0.533	1.335	
6	299.1, F	0.602	1.376	
6	166.4, F	0.823	1.418	
6	228.3, F	0.257	1.460	
6	230.1, F	0.369	1.502	
6	226.8, F	1.079	1.543	
6	None	0	1.585	0.04200000000000004
6	236.6, F	1.145	1.627	
6	272.3, F	0.275	1.668	
6	239.7, F	0.723	1.710	
6	194.7, F	0.549	1.752	
6	277.2, F	1.015	1.793	
6	260.1, F	0.245	1.835	
6	263.3, F	0.622	1.877	
6	169.1, F	0.143	1.919	
6	229.3, F	0.42	1.960	
6	231.3, F	0.542	2.002	
6	257.7, F	0.744	2.044	
6	358.1, F	0.763	2.085	
6	285.4, F	0.403	2.127	
6	352.7, F	0.323	2.169	
6	212.6, F	0.334	2.211	
6	337.4, F	1.086	2.252	
6	306.0, F	1.186	2.294	
6	319.8, F	0.307	2.336	
6	333.0, F	0.689	2.377	
6	91.5, F	0.622	2.419	
6	314.5, F	1.136	2.461	
6	356.0, F	0.186	2.502	
6	327.7, F	0.454	2.544	
6	329.6, F	0.656	2.586	
6	275.6, F	0.868	2.628	
6	334.8, F	0.326	2.669	
6	321.1, F	0.654	2.711	
6	152.3, F	0.185	2.753	
6	288.5, F	0.662	2.794	
6	290.8, F	1.062	2.836	
6	310.9, F	0.44	2.878	
6	4.8, F	0.322	2.920	
6	234.9, F	1.091	2.961	
6	326.8, F	0.53	3.003	
6	233.0, F	1.027	3.045	
6	334.4, F	0.519	3.086	
6	296.0, F	1.279	3.128	
6	231.4, F	0.689	3.170	
6	188.6, F	0.273	3.212	
6	343.8, F	0.908	3.253	
6	279.3, F	0.869	3.295	
6	350.5, F	0.395	3.337	
6	249.0, F	0.195	3.378	
6	301.1, F	0.445	3.420	
6	305.2, F	0.949	3.462	
6	358.3, F	0.904	3.503	
6	323.5, F	0.36	3.545	
6	226.3, F	0.336	3.587	
6	10.7, F	1.374	3.629	
6	263.9, F	0.713	3.670	
6	6.0, F	0.459	3.712	
6	11.3, F	0.872	3.754	
6	5.4, F	1.024	3.795	
6	21.8, F	0.623	3.837	
6	4.0, F	1.134	3.879	
6	250.8, F	0.785	3.921	
6	9.4, F	1.692	3.962	
6	21.3, F	0.276	4.004	
6	20.1, F	0.767	4.046	
6	23.5, F	0.256	4.087	
6	325.8, F	1.373	4.129	
6	5.3, F	0.477	4.171	
6	128.9, F	0.126	4.213	
6	339.3, F	0.335	4.254	
6	345.6, F	1.076	4.296	
6	313.8, F	0.676	4.338	
6	103.4, F	0.534	4.379	
6	324.2, F	1.205	4.421	
6	349.0, F	1.105	4.463	
6	241.7, F	0.437	4.505	
6	11.0, F	0.997	4.546	
6	327.0, F	0.568	4.588	
6	316.2, F	0.856	4.630	
6	319.6, F	1.631	4.671	
6	86.4, F	0.738	4.713	
6	294.9, F	0.946	4.755	
6	356.4, F	1.873	4.796	
6	280.3, F	0.656	4.838	
6	318.6, F	1.055	4.880	
6	350.6, F	0.488	4.922	
6	351.9, F	1.646	4.963	
6	294.1, F	0.37	5.005	
6	44.5, F	1.049	5.047	
6	289.4, F	0.523	5.088	
6	30.6, F	0.871	5.130	
6	280.2, F	0.676	5.172	
6	31.7, F	1.017	5.214	
6	284.6, F	0.562	5.255	
6	26.3, F	1.455	5.297	
6	352.6, F	0.991	5.339	
6	27.0, F	0.613	5.380	
6	16.0, F	0.348	5.422	
6	23.9, F	1.847	5.464	
6	320.9, F	0.349	5.505	
6	4.5, F	1.01	5.547	
6	26.9, F	0.574	5.589	
6	33.2, F	1.062	5.631	
6	348.3, F	1.256	5.672	
6	95.7, F	0.882	5.714	
6	344.0, F	0.388	5.756	
6	355.5, F	1.442	5.797	
6	357.8, F	0.92	5.839	
6	337.9, F	0.354	5.881	
6	224.7, F	0.243	5.923	
6	352.3, F	1.797	5.964	
6	67.8, F	0.5	6.006	
6	317.1, F	0.997	6.048	
6	23.0, F	0.213	6.089	
6	341.4, F	1.29	6.131	
6	245.4, F	0.675	6.173	
6	1.8, F	1.173	6.215	
6	227.0, F	0.198	6.256	
6	335.9, F	2.284	6.298	
6	348.4, F	0.888	6.340	
6	293.4, F	0.72	6.381	
6	56.7, F	0.129	6.423	
6	341.7, F	1.483	6.465	
6	321.9, F	1.159	6.506	
6	17.0, F	0.578	6.548	
6	281.9, F	0.179	6.590	
6	327.7, F	1.171	6.632	
6	295.6, F	1.004	6.673	
6	354.6, F	2.15	6.715	
6	260.5, F	0.298	6.757	
6	328.2, F	1.234	6.798	
6	359.9, F	1.211	6.840	
6	338.4, F	0.755	6.882	
6	12.0, F	0.81	6.924	
6	332.0, F	0.497	6.965	
6	33.1, F	1.545	7.007	
6	194.0, F	0.219	7.049	
6	356.0, F	1.297	7.090	
6	6.7, F	0.755	7.132	
6	358.2, F	1.336	7.174	
6	183.5, F	0.131	7.216	
6	27.8, F	0.878	7.257	
6	339.6, F	1.5	7.299	
6	9.9, F	0.752	7.341	
6	355.2, F	0.912	7.382	
6	96.7, F	0.497	7.424	
6	9.0, F	1.874	7.466	
6	259.4, F	2.026	7.507	
6	37.3, F	0.764	7.549	
6	358.1, F	0.648	7.591	
6	348.5, F	1.163	7.633	
6	284.9, F	0.948	7.674	
6	None	0	7.716	0.041999999999999815
6	0.8, F	0.645	7.758	
6	336.2, F	1.944	7.799	
6	317.2, F	1.334	7.841	
6	None	0	7.883	0.041999999999999815
6	352.0, F	0.857	7.925	
6	304.1, F	1.424	7.966	
6	289.3, F	0.781	8.008	
6	326.0, F	1.193	8.050	
6	13.3, F	0.723	8.091	
6	343.3, F	1.212	8.133	
6	288.8, F	0.97	8.175	
6	7.5, F	0.933	8.217	
6	292.4, F	0.763	8.258	
6	307.6, F	1.219	8.300	
6	33.3, F	1.97	8.342	
6	4.2, F	0.203	8.383	
6	338.1, F	0.541	8.425	
6	344.3, F	0.953	8.467	
6	345.9, F	1.506	8.508	
6	299.8, F	0.579	8.550	
6	13.7, F	0.457	8.592	
6	34.2, F	0.742	8.634	
6	321.0, F	1.254	8.675	
6	348.1, F	0.441	8.717	
6	97.3, F	0.111	8.759	
6	353.8, F	1.134	8.800	
6	332.6, F	0.81	8.842	
6	74.5, F	0.239	8.884	
6	297.4, F	1.162	8.926	
6	334.8, F	1.522	8.967	
6	11.3, F	0.867	9.009	
6	300.6, F	0.407	9.051	
6	230.8, F	0.759	9.092	
6	342.1, F	1.371	9.134	
6	287.2, F	0.864	9.176	
6	171.9, F	0.141	9.218	
6	348.6, F	1.236	9.259	
6	264.0, F	0.842	9.301	
6	330.7, F	0.303	9.343	
6	345.2, F	0.75	9.384	
6	94.7, F	0.368	9.426	
6	310.7, F	1.14	9.468	
6	356.1, F	1.164	9.509	
6	326.9, F	0.666	9.551	
6	277.7, F	0.374	9.593	
6	18.4, F	0.867	9.635	
6	8.4, F	0.308	9.676	
6	359.9, F	0.999	9.718	
6	336.3, F	0.613	9.760	
6	346.0, F	0.729	9.801	
6	341.1, F	1.151	9.843	
6	221.9, F	1.106	9.885	
6	13.5, F	0.986	9.927	
6	11.7, F	0.836	9.968	
6	332.0, F	0.196	10.010	
6	355.0, F	0.602	10.052	
6	350.1, F	1.001	10.093	
6	338.5, F	0.711	10.135	
6	263.2, F	0.633	10.177	
6	24.9, F	0.455	10.219	
6	15.9, F	0.851	10.260	
6	303.0, F	1.276	10.302	
6	72.2, F	0.724	10.344	
6	327.6, F	0.681	10.385	
6	261.6, F	0.863	10.427	
6	343.8, F	1.423	10.469	
6	240.9, F	0.875	10.511	
6	355.5, F	0.944	10.552	
6	305.5, F	0.549	10.594	
6	295.5, F	0.378	10.636	
6	275.5, F	0.909	10.677	
6	345.5, F	0.585	10.719	
6	307.5, F	1.023	10.761	
6	291.1, F	0.947	10.802	
6	355.8, F	0.885	10.844	
6	300.6, F	0.46	10.886	
6	239.4, F	0.491	10.928	
6	353.4, F	1.039	10.969	
6	319.3, F	0.411	11.011	
6	207.8, F	0.39	11.053	
6	338.1, F	0.961	11.094	
6	91.6, F	0.144	11.136	
6	285.2, F	0.996	11.178	
6	343.7, F	0.575	11.220	
6	94.5, F	0.89	11.261	
6	317.4, F	0.477	11.303	
6	343.6, F	0.632	11.345	
6	278.1, F	0.207	11.386	
6	319.7, F	0.426	11.428	
6	48.0, F	1.355	11.470	
6	333.5, F	0.305	11.511	
6	341.3, F	0.561	11.553	
6	None	0	11.595	0.041999999999999815
6	11.8, F	0.633	11.637	
6	68.9, F	0.192	11.678	
6	30.1, F	0.394	11.720	
6	25.6, F	0.695	11.762	
6	297.9, F	0.783	11.803	
6	21.7, F	0.878	11.845	
6	51.4, F	0.252	11.887	
6	293.6, F	0.897	11.929	
6	15.7, F	1.055	11.970	
6	51.6, F	0.272	12.012	
6	16.4, F	0.365	12.054	
6	153.5, F	0.265	12.095	
6	None	0	12.137	0.041999999999999815
6	355.0, F	0.162	12.179	
6	345.2, F	0.2	12.221	
6	322.1, F	0.288	12.262	
6	303.7, F	0.566	12.304	
6	219.6, F	1.013	12.346	
6	37.4, F	0.385	12.387	
6	17.3, F	0.384	12.429	
6	354.1, F	0.359	12.471	
6	173.8, F	0.528	12.512	
6	354.0, F	0.486	12.554	
6	172.4, F	0.521	12.596	
6	294.7, F	1.188	12.638	
6	115.9, F	1.217	12.679	
6	291.2, F	1.001	12.721	
6	163.8, F	0.55	12.763	
6	10.9, F	0.371	12.804	
6	12.7, F	0.331	12.846	
6	173.5, F	0.646	12.888	
6	16.4, F	0.337	12.930	
6	6.4, F	0.313	12.971	
6	176.1, F	0.65	13.013	
6	6.1, F	0.328	13.055	
6	7.7, F	0.238	13.096	
6	178.9, F	0.715	13.138	
6	4.9, F	0.236	13.180	
6	353.5, F	0.203	13.222	
6	341.7, F	0.198	13.263	
6	188.0, F	0.746	13.305	
6	332.7, F	0.142	13.347	
6	326.8, F	0.152	13.388	
6	314.7, F	0.142	13.430	
6	297.1, F	0.097	13.472	
6	None	0	13.513	0.041999999999999815
6	336.8, F	0.129	13.555	
6	320.6, F	0.115	13.597	
6	330.0, F	0.188	13.639	
6	134.1, F	1.26	13.680	
6	309.1, F	0.213	13.722	
6	309.0, F	0.218	13.764	
6	290.7, F	0.313	13.805	
6	283.6, F	0.401	13.847	
6	86.4, F	0.558	13.889	
6	280.0, F	0.443	13.931	
6	82.9, F	0.422	13.972	
6	273.4, F	0.619	14.014	
6	79.1, F	0.338	14.056	
6	274.8, F	0.639	14.097	
6	163.7, F	0.989	14.139	
6	83.5, F	0.229	14.181	
6	74.0, F	0.196	14.223	
6	272.1, F	0.747	14.264	
6	71.3, F	0.196	14.306	
6	78.5, F	0.2	14.348	
6	58.0, F	0.185	14.389	
6	54.6, F	0.2	14.431	
6	275.2, F	0.878	14.473	
6	47.4, F	0.166	14.514	
6	49.3, F	0.178	14.556	
6	57.5, F	0.169	14.598	
6	58.3, F	0.154	14.640	
6	47.0, F	0.125	14.681	
6	176.0, F	0.904	14.723	
6	17.0, F	0.123	14.765	
6	None	0	14.806	
6	None	0	14.848	
6	None	0	14.890	0.12600000000000122
6	275.4, F	0.983	14.932	
6	359.4, F	0.1	14.973	
6	343.1, F	0.093	15.015	
6	None	0	15.057	0.04100000000000037
6	87.9, F	0.96	15.098	
6	None	0	15.140	
6	None	0	15.182	
6	None	0	15.224	
6	None	0	15.265	0.16699999999999982
6	186.8, F	1.052	15.307	
6	352.3, F	0.98	15.349	
6	234.5, F	0.15	15.390	
6	219.3, F	0.172	15.432	
6	218.8, F	0.177	15.474	
6	216.6, F	0.204	15.515	
6	101.3, F	0.913	15.557	
6	209.1, F	0.235	15.599	
6	199.0, F	0.24	15.641	
6	353.3, F	0.681	15.682	
6	194.3, F	0.292	15.724	
6	190.8, F	0.336	15.766	
6	346.6, F	0.709	15.807	
6	218.6, F	0.388	15.849	
6	232.5, F	0.461	15.891	
6	35.1, F	0.787	15.933	
6	251.8, F	0.985	15.974	
6	202.5, F	0.319	16.016	
6	232.2, F	0.398	16.058	
6	29.7, F	0.877	16.099	
6	288.9, F	1.196	16.141	
6	343.5, F	0.677	16.183	
6	71.9, F	0.557	16.225	
6	264.5, F	1.025	16.266	
6	7.2, F	0.889	16.308	
6	338.8, F	0.23	16.350	
6	358.4, F	0.864	16.391	
6	334.2, F	0.374	16.433	
6	351.2, F	1.292	16.475	
6	93.1, F	0.986	16.517	
6	350.3, F	0.449	16.558	
6	4.3, F	1.028	16.600	
6	4.6, F	1.511	16.642	
6	297.7, F	0.901	16.683	
6	18.7, F	1.229	16.725	
6	30.6, F	1.281	16.767	
6	348.3, F	1.366	16.808	
6	None	0	16.850	0.04199999999999804
6	328.4, F	0.454	16.892	
6	40.7, F	1.282	16.934	
6	341.1, F	0.864	16.975	
6	299.5, F	0.467	17.017	
6	52.3, F	0.551	17.059	
6	340.3, F	1.177	17.100	
6	17.7, F	1.16	17.142	
6	240.4, F	0.827	17.184	
6	5.2, F	1.149	17.226	
6	359.8, F	0.592	17.267	
6	337.7, F	0.785	17.309	
6	293.7, F	0.68	17.351	
6	10.6, F	0.929	17.392	
6	350.1, F	0.59	17.434	
6	344.2, F	2.061	17.476	
6	300.0, F	0.93	17.517	
6	355.0, F	0.252	17.559	
6	345.4, F	1.145	17.601	
6	327.5, F	1.423	17.643	
6	357.1, F	0.851	17.684	
6	323.3, F	0.602	17.726	
6	253.1, F	0.484	17.768	
6	22.7, F	0.814	17.809	
6	None	0	17.851	0.04200000000000159
6	335.9, F	0.587	17.893	
6	257.7, F	0.375	17.935	
6	321.2, F	1.029	17.976	
6	57.1, F	0.385	18.018	
6	23.2, F	0.685	18.060	
6	322.9, F	1.453	18.101	
6	28.4, F	0.136	18.143	
6	1.3, F	0.771	18.185	
6	339.4, F	0.449	18.227	
6	358.9, F	0.988	18.268	
6	344.7, F	1.092	18.310	
6	37.8, F	1.145	18.352	
6	309.9, F	0.368	18.393	
6	343.6, F	1.043	18.435	
6	345.4, F	1.674	18.477	
6	59.4, F	0.53	18.518	
6	325.8, F	1.192	18.560	
6	25.4, F	0.815	18.602	
6	4.3, F	0.945	18.644	
6	7.3, F	0.444	18.685	
6	1.4, F	0.984	18.727	
6	356.0, F	0.439	18.769	
6	348.0, F	0.545	18.810	
6	349.5, F	1.018	18.852	
6	342.0, F	0.469	18.894	
6	317.4, F	0.102	18.936	
6	353.6, F	1.239	18.977	
6	350.6, F	0.964	19.019	
6	333.1, F	0.502	19.061	
6	29.0, F	1.393	19.102	
6	336.3, F	1.617	19.144	
6	33.5, F	0.348	19.186	
6	315.1, F	1.471	19.228	
6	353.5, F	0.699	19.269	
6	21.0, F	1.25	19.311	
6	325.2, F	1.042	19.353	
6	46.1, F	0.523	19.394	
6	322.4, F	1.147	19.436	
6	10.8, F	0.991	19.478	
6	2.8, F	0.444	19.520	
6	152.2, F	0.105	19.561	
6	9.5, F	0.394	19.603	
6	8.2, F	1.335	19.645	
6	323.5, F	1.14	19.686	
6	42.7, F	0.587	19.728	
6	75.0, F	0.394	19.770	
6	343.9, F	1.289	19.811	
6	35.9, F	1.219	19.853	
6	348.9, F	0.773	19.895	
6	350.1, F	0.401	19.937	
6	5.5, F	1.875	19.978	
6	40.4, F	0.745	20.020	
6	48.6, F	0.975	20.062	
6	351.3, F	1.252	20.103	
6	351.7, F	1.65	20.145	
6	326.8, F	0.356	20.187	
6	354.4, F	0.914	20.229	
6	67.3, F	0.834	20.270	
6	354.3, F	0.584	20.312	
6	348.9, F	1.193	20.354	
6	339.3, F	0.748	20.395	
6	284.9, F	0.522	20.437	
6	9.6, F	0.962	20.479	
6	338.3, F	0.302	20.520	
6	335.6, F	0.571	20.562	
6	260.1, F	0.564	20.604	
6	351.5, F	0.143	20.646	
6	317.1, F	0.633	20.687	
6	314.1, F	0.9	20.729	
6	151.1, F	0.271	20.771	
6	283.6, F	0.587	20.812	
6	286.5, F	0.83	20.854	
6	45.4, F	1.367	20.896	
6	94.6, F	0.198	20.938	
6	16.2, F	0.705	20.979	
6	None	0	21.021	0.04199999999999804
6	313.6, F	0.18	21.063	
6	329.4, F	0.45	21.104	
6	327.9, F	1.055	21.146	
6	116.3, F	0.251	21.188	
6	271.7, F	0.862	21.230	
6	36.9, F	0.156	21.271	
6	346.0, F	0.243	21.313	
6	189.6, F	0.759	21.355	
6	322.1, F	0.356	21.396	
6	68.5, F	0.708	21.438	
6	296.2, F	0.503	21.480	
6	209.2, F	0.889	21.521	
6	74.8, F	0.468	21.563	
6	279.5, F	0.509	21.605	
6	99.1, F	0.409	21.647	
6	233.4, F	0.604	21.688	
6	136.7, F	0.674	21.730	
6	282.8, F	0.447	21.772	
6	132.2, F	0.82	21.813	
6	207.8, F	0.755	21.855	
6	81.4, F	0.59	21.897	
6	253.4, F	0.314	21.939	
6	195.7, F	0.844	21.980	
6	88.7, F	0.629	22.022	
6	238.6, F	0.367	22.064	
6	223.1, F	0.328	22.105	
6	195.3, F	0.824	22.147	
6	94.7, F	0.759	22.189	
6	236.4, F	0.204	22.231	
6	204.9, F	0.396	22.272	
6	357.4, F	0.326	22.314	
6	176.9, F	0.745	22.356	
6	341.4, F	0.11	22.397	
6	None	0	22.439	0.04200000000000159
6	150.5, F	0.164	22.481	
6	148.0, F	0.226	22.523	
6	142.1, F	0.217	22.564	
6	122.7, F	0.252	22.606	
6	17.8, F	0.91	22.648	
6	254.1, F	0.694	22.689	
6	112.7, F	0.399	22.731	
6	86.3, F	0.492	22.773	
6	319.3, F	0.281	22.814	
6	None	0	22.856	0.04199999999999804
6	11.2, F	0.426	22.898	
6	155.8, F	0.536	22.940	
6	50.4, F	1.036	22.981	
6	192.2, F	0.317	23.023	
6	158.8, F	0.268	23.065	
6	21.9, F	0.88	23.106	
6	86.8, F	0.707	23.148	
6	318.2, F	0.114	23.190	
6	80.6, F	0.209	23.232	
6	71.2, F	0.441	23.273	
6	137.6, F	1.354	23.315	
6	109.1, F	0.116	23.357	
6	109.8, F	0.369	23.398	
6	340.7, F	0.893	23.440	
6	100.4, F	1.441	23.482	
6	207.4, F	0.369	23.523	
6	165.4, F	0.388	23.565	
6	40.6, F	0.361	23.607	
6	144.1, F	1.383	23.649	
6	7.2, F	0.77	23.690	
6	145.3, F	0.505	23.732	
6	141.2, F	1.186	23.774	
6	166.2, F	0.693	23.815	
6	91.6, F	0.209	23.857	
6	142.2, F	0.476	23.899	
6	183.0, F	1.102	23.941	
6	128.8, F	1.738	23.982	
6	191.0, F	0.803	24.024	
6	155.3, F	0.239	24.066	
6	141.5, F	0.797	24.107	
6	123.3, F	1.413	24.149	
6	118.2, F	0.664	24.191	
6	195.1, F	0.549	24.233	
6	89.4, F	0.199	24.274	
6	134.1, F	1.098	24.316	
6	178.3, F	0.923	24.358	
6	None	0	24.399	0.04199999999999804
6	145.0, F	0.454	24.441	
6	100.2, F	0.753	24.483	
6	189.7, F	0.355	24.524	
6	165.6, F	0.723	24.566	
6	68.0, F	0.286	24.608	
6	116.6, F	0.998	24.650	
6	161.2, F	0.54	24.691	
6	88.5, F	0.637	24.733	
6	None	0	24.775	0.04100000000000037
6	137.4, F	0.591	24.816	
6	132.8, F	1.261	24.858	
6	74.9, F	0.417	24.900	
6	197.5, F	0.293	24.942	
6	125.1, F	1.081	24.983	
6	63.1, F	0.342	25.025	
6	90.2, F	1.01	25.067	
6	98.8, F	0.366	25.108	
6	114.9, F	1.719	25.150	
6	348.9, F	0.156	25.192	
6	152.3, F	1.057	25.234	
6	100.9, F	0.95	25.275	
6	144.2, F	0.946	25.317	
6	260.3, F	0.137	25.359	
6	140.0, F	0.308	25.400	
6	51.9, F	0.77	25.442	
6	128.0, F	1.541	25.484	
6	225.7, F	0.458	25.525	
6	126.0, F	1.039	25.567	
6	None	0	25.609	0.04199999999999804
6	136.4, F	1.075	25.651	
6	122.5, F	0.206	25.692	
6	115.7, F	0.617	25.734	
6	191.5, F	0.859	25.776	
6	117.5, F	1.455	25.817	
6	236.3, F	0.474	25.859	
6	129.9, F	1.178	25.901	
6	119.6, F	0.243	25.943	
6	136.3, F	1.342	25.984	
6	156.6, F	0.383	26.026	
6	210.9, F	0.968	26.068	
6	96.4, F	0.701	26.109	
6	154.8, F	0.73	26.151	
6	69.4, F	0.506	26.193	
6	191.2, F	1.303	26.235	
6	70.3, F	1.093	26.276	
6	149.3, F	1.15	26.318	
6	208.0, F	0.16	26.360	
6	8.3, F	0.796	26.401	
6	132.9, F	0.531	26.443	
6	119.4, F	1.089	26.485	
6	354.5, F	0.515	26.526	
6	145.4, F	0.605	26.568	
6	345.4, F	0.704	26.610	
6	102.7, F	1.352	26.652	
6	220.7, F	0.442	26.693	
6	58.2, F	1.024	26.735	
6	155.7, F	0.575	26.777	
6	313.9, F	0.511	26.818	
6	122.5, F	1.239	26.860	
6	24.2, F	0.368	26.902	
6	71.6, F	0.257	26.944	
6	211.1, F	1.208	26.985	
6	101.1, F	0.369	27.027	
6	35.2, F	0.926	27.069	
6	213.7, F	0.562	27.110	
6	194.0, F	1.04	27.152	
6	104.5, F	0.766	27.194	
6	216.7, F	0.469	27.236	
6	346.0, F	0.36	27.277	
6	191.3, F	0.869	27.319	
6	None	0	27.361	0.04100000000000037
6	104.6, F	0.908	27.402	
6	354.4, F	0.572	27.444	
6	174.8, F	0.596	27.486	
6	21.5, F	0.292	27.527	
6	175.7, F	0.548	27.569	
6	34.8, F	0.24	27.611	
6	279.8, F	0.877	27.653	
6	79.3, F	0.222	27.694	
6	90.3, F	0.184	27.736	
6	70.2, F	0.198	27.778	
6	167.9, F	0.894	27.819	
6	289.0, F	0.787	27.861	
6	44.9, F	0.299	27.903	
6	32.5, F	0.434	27.945	
6	60.2, F	0.254	27.986	
6	166.8, F	0.882	28.028	
6	286.5, F	0.813	28.070	
6	42.9, F	0.371	28.111	
6	40.0, F	0.347	28.153	
6	154.5, F	0.728	28.195	
6	295.8, F	0.753	28.237	
6	43.9, F	0.393	28.278	
6	52.3, F	0.401	28.320	
6	220.7, F	1.029	28.362	
6	54.9, F	0.381	28.403	
6	55.7, F	0.384	28.445	
6	287.9, F	0.719	28.487	
6	152.6, F	0.814	28.528	
6	64.2, F	0.359	28.570	
6	282.6, F	0.652	28.612	
6	46.1, F	0.434	28.654	
6	50.2, F	0.359	28.695	
6	158.3, F	0.851	28.737	
6	290.0, F	0.788	28.779	
6	49.8, F	0.432	28.820	
6	53.6, F	0.325	28.862	
6	221.7, F	1.137	28.904	
6	56.4, F	0.348	28.946	
6	45.7, F	0.388	28.987	
6	56.8, F	0.318	29.029	
6	281.2, F	0.86	29.071	
6	173.4, F	0.883	29.112	
6	21.2, F	0.352	29.154	
6	15.8, F	0.327	29.196	
6	12.3, F	0.403	29.238	
6	165.4, F	0.492	29.279	
6	3.5, F	0.517	29.321	
6	156.3, F	0.331	29.363	
6	248.0, F	0.904	29.404	
6	16.6, F	0.635	29.446	
6	157.1, F	0.365	29.488	
6	12.8, F	0.623	29.529	
6	162.0, F	0.352	29.571	
6	161.4, F	0.379	29.613	
6	7.2, F	0.596	29.655	
6	248.3, F	1.107	29.696	
6	106.8, F	1.061	29.738	
6	306.2, F	1.218	29.780	
6	155.2, F	0.162	29.821	
6	None	0	29.863	
6	None	0	29.905	
6	None	0	29.947	
6	None	0	29.988	
6	None	0	30.030	0.20899999999999963
6	88.0, F	0.927	30.072	
6	340.5, F	0.105	30.113	
6	296.8, F	0.122	30.155	
6	298.0, F	0.092	30.197	
6	266.0, F	0.13	30.239	
6	266.8, F	0.141	30.280	
6	273.9, F	0.189	30.322	
6	277.7, F	0.223	30.364	
6	266.4, F	0.241	30.405	
6	96.3, F	0.699	30.447	
6	260.2, F	0.478	30.489	
6	110.5, F	0.403	30.530	
6	266.2, F	0.478	30.572	
6	103.3, F	0.459	30.614	
6	266.4, F	0.52	30.656	
6	101.2, F	0.464	30.697	
6	331.4, F	1.053	30.739	
6	109.3, F	0.348	30.781	
6	265.0, F	0.661	30.822	
6	106.1, F	0.306	30.864	
6	108.7, F	0.249	30.906	
6	110.8, F	0.197	30.948	
6	261.0, F	0.93	30.989	
6	150.4, F	0.146	31.031	
6	155.9, F	0.159	31.073	
6	167.9, F	0.105	31.114	
6	355.9, F	0.877	31.156	
6	222.9, F	0.217	31.198	
6	231.9, F	0.264	31.240	
6	101.7, F	0.694	31.281	
6	254.6, F	0.452	31.323	
6	247.8, F	0.448	31.365	
6	114.2, F	0.424	31.406	
6	322.2, F	1.102	31.448	
6	122.7, F	0.255	31.490	
6	111.4, F	0.189	31.531	
6	85.6, F	0.116	31.573	
6	267.4, F	0.888	31.615	
6	101.7, F	0.108	31.657	
6	61.4, F	0.102	31.698	
6	19.7, F	0.142	31.740	
6	12.2, F	0.133	31.782	
6	21.1, F	0.228	31.823	
6	177.0, F	0.725	31.865	
6	3.5, F	0.248	31.907	
6	8.3, F	0.207	31.949	
6	11.4, F	0.192	31.990	
6	24.4, F	0.221	32.032	
6	172.8, F	0.763	32.074	
6	12.0, F	0.245	32.115	
6	14.9, F	0.229	32.157	
6	9.4, F	0.191	32.199	
6	175.9, F	0.777	32.241	
6	9.8, F	0.223	32.282	
6	284.5, F	1.024	32.324	
6	11.1, F	0.245	32.366	
6	175.1, F	0.759	32.407	
6	157.0, F	2.954	32.449	
6	None	0	32.491	
6	None	0	32.532	
6	None	0	32.574	
6	None	0	32.616	
6	None	0	32.658	0.2079999999999984
6	125.9, F	0.099	32.699	
6	125.7, F	0.096	32.741	
6	116.6, F	0.11	32.783	
6	117.7, F	0.093	32.824	
6	143.0, F	0.131	32.866	
6	6.3, F	0.863	32.908	
6	153.4, F	0.168	32.950	
6	129.7, F	0.283	32.991	
6	255.9, F	0.765	33.033	
6	131.6, F	0.356	33.075	
6	120.8, F	0.417	33.116	
6	35.6, F	0.857	33.158	
6	235.1, F	0.532	33.200	
6	120.2, F	0.607	33.242	
6	329.2, F	0.727	33.283	
6	184.6, F	0.411	33.325	
6	125.4, F	0.449	33.367	
6	346.9, F	0.23	33.408	
6	155.5, F	0.678	33.450	
6	36.3, F	0.841	33.492	
6	238.7, F	0.237	33.533	
6	23.6, F	0.442	33.575	
6	222.9, F	0.547	33.617	
6	111.1, F	0.752	33.659	
6	346.2, F	0.756	33.700	
6	221.9, F	0.331	33.742	
6	206.9, F	0.333	33.784	
6	52.0, F	0.9	33.825	
6	213.3, F	0.607	33.867	
6	210.2, F	0.764	33.909	
6	84.7, F	0.597	33.951	
6	239.4, F	0.573	33.992	
6	237.7, F	0.739	34.034	
6	41.5, F	0.442	34.076	
6	164.7, F	0.844	34.117	
6	93.2, F	0.145	34.159	
6	251.8, F	0.736	34.201	
6	136.1, F	0.444	34.243	
6	60.1, F	0.404	34.284	
6	275.8, F	0.59	34.326	
6	102.7, F	0.644	34.368	
6	223.6, F	0.327	34.409	
6	110.1, F	0.827	34.451	
6	183.6, F	0.269	34.493	
6	180.0, F	0.301	34.535	
6	6.1, F	0.653	34.576	
6	161.8, F	0.279	34.618	
6	156.8, F	0.183	34.660	
6	7.1, F	0.876	34.701	
6	137.9, F	0.167	34.743	
6	261.5, F	0.847	34.785	
6	87.3, F	0.146	34.826	
6	None	0	34.868	0.041999999999994486
6	10.5, F	0.324	34.910	
6	6.4, F	0.37	34.952	
6	169.4, F	0.543	34.993	
6	17.1, F	0.631	35.035	
6	159.8, F	0.385	35.077	
6	15.5, F	0.798	35.118	
6	257.6, F	0.717	35.160	
6	127.2, F	0.365	35.202	
6	123.3, F	0.368	35.244	
6	272.5, F	0.646	35.285	
6	83.1, F	0.432	35.327	
6	84.4, F	0.481	35.369	
6	292.9, F	0.398	35.410	
6	70.0, F	0.65	35.452	
6	322.3, F	0.2	35.494	
6	341.8, F	0.284	35.535	
6	190.0, F	0.626	35.577	
6	341.0, F	0.369	35.619	
6	349.0, F	0.399	35.661	
6	189.5, F	0.523	35.702	
6	62.3, F	0.959	35.744	
6	183.4, F	0.518	35.786	
6	8.3, F	0.4	35.827	
6	177.0, F	0.589	35.869	
6	14.4, F	0.342	35.911	
6	7.5, F	0.353	35.953	
6	235.5, F	1.138	35.994	
6	8.8, F	0.333	36.036	
6	7.3, F	0.314	36.078	
6	174.5, F	0.673	36.119	
6	7.0, F	0.32	36.161	
6	3.1, F	0.31	36.203	
6	175.3, F	0.648	36.245	
6	15.0, F	0.294	36.286	
6	9.3, F	0.234	36.328	
6	5.7, F	0.26	36.370	
6	179.0, F	0.759	36.411	
6	8.2, F	0.239	36.453	
6	19.5, F	0.233	36.495	
6	33.7, F	0.283	36.536	
6	165.0, F	0.737	36.578	
6	31.9, F	0.335	36.620	
6	288.9, F	0.829	36.662	
6	161.8, F	0.687	36.703	
6	29.1, F	0.393	36.745	
6	38.2, F	0.432	36.787	
6	225.3, F	0.849	36.828	
6	46.4, F	0.911	36.870	
6	206.4, F	0.459	36.912	
6	52.1, F	1.013	36.954	
6	209.4, F	0.342	36.995	
6	349.2, F	0.777	37.037	
6	211.6, F	0.269	37.079	
6	204.2, F	0.256	37.120	
6	193.6, F	0.209	37.162	
6	178.9, F	0.254	37.204	
6	0.7, F	0.697	37.246	
6	169.9, F	0.194	37.287	
6	151.5, F	0.162	37.329	
6	140.3, F	0.177	37.371	
6	101.5, F	0.195	37.412	
6	92.7, F	0.316	37.454	
6	22.8, F	1.096	37.496	
6	212.8, F	1.01	37.538	
6	69.8, F	0.451	37.579	
6	292.0, F	0.592	37.621	
6	58.5, F	0.517	37.663	
6	60.2, F	0.475	37.704	
6	224.4, F	0.928	37.746	
6	34.1, F	0.43	37.788	
6	300.4, F	0.957	37.829	
6	148.6, F	0.482	37.871	
6	25.9, F	0.661	37.913	
6	145.7, F	0.474	37.955	
6	124.8, F	0.431	37.996	
6	323.7, F	1.059	38.038	
6	108.9, F	0.373	38.080	
6	275.4, F	0.437	38.121	
6	70.3, F	0.516	38.163	
6	293.4, F	0.447	38.205	
6	67.3, F	0.484	38.247	
6	215.0, F	0.972	38.288	
6	32.4, F	0.54	38.330	
6	32.2, F	0.415	38.372	
6	237.2, F	1.019	38.413	
6	9.0, F	0.447	38.455	
6	7.5, F	0.638	38.497	
6	151.0, F	0.169	38.538	
6	105.8, F	0.232	38.580	
6	71.0, F	0.308	38.622	
6	76.2, F	0.528	38.664	
6	301.8, F	0.349	38.705	
6	331.8, F	0.4	38.747	
6	182.9, F	0.432	38.789	
6	65.0, F	1.207	38.830	
6	239.9, F	0.832	38.872	
6	34.1, F	0.775	38.914	
6	107.6, F	0.662	38.956	
6	202.4, F	0.223	38.997	
6	172.5, F	0.251	39.039	
6	15.7, F	0.717	39.081	
6	134.0, F	0.441	39.122	
6	109.3, F	0.771	39.164	
6	334.7, F	0.498	39.206	
6	187.9, F	0.611	39.248	
6	37.3, F	0.244	39.289	
6	82.8, F	0.527	39.331	
6	197.3, F	1.055	39.373	
6	99.1, F	0.778	39.414	
6	353.2, F	0.764	39.456	
6	168.9, F	0.393	39.498	
6	168.1, F	0.35	39.539	
6	11.2, F	0.472	39.581	
6	167.9, F	0.537	39.623	
6	40.9, F	0.476	39.665	
6	214.5, F	0.741	39.706	
6	60.3, F	0.737	39.748	
6	308.6, F	0.406	39.790	
6	140.8, F	1.071	39.831	
6	304.0, F	0.186	39.873	
6	303.6, F	0.186	39.915	
6	327.0, F	0.112	39.957	
6	None	0	39.998	
6	None	0	40.040	
6	None	0	40.082	0.125
6	129.9, F	0.12	40.123	
6	113.9, F	0.234	40.165	
6	112.7, F	0.212	40.207	
6	115.8, F	0.2	40.249	
6	126.9, F	0.155	40.290	
6	264.4, F	0.843	40.332	
6	128.7, F	0.109	40.374	
6	146.4, F	0.157	40.415	
6	145.0, F	0.146	40.457	
6	6.3, F	0.779	40.499	
6	159.3, F	0.232	40.541	
6	183.5, F	0.196	40.582	
6	188.0, F	0.365	40.624	
6	356.3, F	0.622	40.666	
6	191.2, F	0.429	40.707	
6	189.4, F	0.368	40.749	
6	343.2, F	0.394	40.791	
6	191.9, F	0.599	40.832	
6	343.1, F	0.413	40.874	
6	342.9, F	0.367	40.916	
6	125.4, F	1.024	40.958	
6	338.3, F	0.379	40.999	
6	191.3, F	0.483	41.041	
6	342.4, F	0.404	41.083	
6	195.5, F	0.546	41.124	
6	341.2, F	0.332	41.166	
6	337.5, F	0.355	41.208	
6	126.3, F	1.097	41.250	
6	350.9, F	0.39	41.291	
6	351.5, F	0.358	41.333	
6	188.2, F	0.633	41.375	
6	346.7, F	0.313	41.416	
6	341.1, F	0.213	41.458	
6	190.1, F	0.772	41.500	
6	315.4, F	0.202	41.541	
6	319.0, F	0.154	41.583	
6	None	0	41.625	
6	None	0	41.667	0.08299999999999841
6	132.4, F	0.125	41.708	
6	144.4, F	0.213	41.750	
6	152.3, F	0.333	41.792	
6	158.6, F	0.642	41.833	
6	23.3, F	0.361	41.875	
6	45.0, F	0.372	41.917	
6	217.1, F	1.109	41.959	
6	95.3, F	0.42	42.000	
6	141.3, F	0.465	42.042	
6	305.0, F	0.661	42.084	
6	146.3, F	0.777	42.125	
6	261.3, F	0.304	42.167	
6	92.7, F	0.445	42.209	
6	259.7, F	0.463	42.251	
6	105.7, F	0.317	42.292	
6	266.4, F	0.755	42.334	
6	143.0, F	0.148	42.376	
6	187.8, F	0.229	42.417	
6	349.1, F	0.63	42.459	
6	241.8, F	0.706	42.501	
6	191.6, F	0.229	42.542	
6	343.5, F	0.799	42.584	
6	243.8, F	0.475	42.626	
6	254.7, F	0.22	42.668	
6	277.7, F	0.498	42.709	
6	276.3, F	0.905	42.751	
6	292.1, F	0.22	42.793	
6	287.4, F	0.74	42.834	
6	352.4, F	0.189	42.876	
6	207.9, F	0.756	42.918	
6	295.7, F	0.976	42.960	
6	308.6, F	1.053	43.001	
6	152.7, F	0.1	43.043	
6	232.1, F	0.132	43.085	
6	289.8, F	0.499	43.126	
6	352.6, F	0.17	43.168	
6	332.5, F	0.509	43.210	
6	228.0, F	0.445	43.252	
6	333.8, F	0.714	43.293	
6	89.4, F	0.178	43.335	
6	287.2, F	0.854	43.377	
6	23.3, F	0.311	43.418	
6	353.6, F	0.448	43.460	
6	218.7, F	0.395	43.502	
6	309.5, F	0.447	43.544	
6	18.9, F	0.851	43.585	
6	269.5, F	0.534	43.627	
6	23.2, F	1.17	43.669	
6	31.6, F	0.523	43.710	
6	324.3, F	1.22	43.752	
6	15.9, F	0.545	43.794	
6	4.2, F	0.521	43.835	
6	0.2, F	0.683	43.877	
6	328.9, F	0.224	43.919	
6	345.4, F	0.662	43.961	
6	327.8, F	0.242	44.002	
6	349.9, F	0.574	44.044	
6	249.1, F	0.261	44.086	
6	32.7, F	1.166	44.127	
6	313.1, F	0.673	44.169	
6	246.7, F	0.686	44.211	
6	92.5, F	0.206	44.253	
6	11.5, F	0.277	44.294	
6	346.1, F	0.799	44.336	
6	260.2, F	0.39	44.378	
6	287.3, F	0.73	44.419	
6	2.9, F	0.561	44.461	
6	326.3, F	1.162	44.503	
6	349.4, F	0.358	44.544	
6	239.2, F	0.39	44.586	
6	313.5, F	1.255	44.628	
6	300.4, F	0.815	44.670	
6	205.7, F	0.372	44.711	
6	325.8, F	1.125	44.753	
6	292.7, F	0.926	44.795	
6	258.4, F	0.663	44.836	
6	316.9, F	0.174	44.878	
6	298.7, F	0.404	44.920	
6	303.8, F	0.833	44.962	
6	334.8, F	0.811	45.003	
6	269.9, F	0.619	45.045	
6	64.6, F	0.228	45.087	
6	13.1, F	0.207	45.128	
6	326.9, F	0.93	45.170	
6	277.6, F	0.754	45.212	
6	16.7, F	0.167	45.254	
6	347.1, F	0.446	45.295	
6	277.9, F	0.562	45.337	
6	37.7, F	0.263	45.379	
6	3.4, F	0.544	45.420	
6	201.3, F	0.264	45.462	
6	349.2, F	1.135	45.504	
6	198.9, F	0.768	45.545	
6	323.8, F	0.669	45.587	
6	329.3, F	0.984	45.629	
6	40.5, F	0.601	45.671	
6	130.9, F	0.235	45.712	
6	280.6, F	0.852	45.754	
6	1.4, F	0.743	45.796	
6	353.1, F	1.787	45.837	
6	295.3, F	0.351	45.879	
6	29.9, F	0.905	45.921	
6	296.3, F	0.675	45.963	
6	5.5, F	1.005	46.004	
6	344.1, F	0.23	46.046	
6	225.4, F	0.402	46.088	
6	332.1, F	0.924	46.129	
6	44.8, F	0.355	46.171	
6	306.8, F	1.024	46.213	
6	162.6, F	0.137	46.255	
6	None	0	46.296	0.04200000000000159
6	340.4, F	0.547	46.338	
6	341.9, F	0.886	46.380	
6	102.3, F	0.483	46.421	
6	273.5, F	0.809	46.463	
6	344.8, F	0.865	46.505	
6	288.1, F	0.435	46.547	
6	38.2, F	0.32	46.588	
6	296.2, F	1.123	46.630	
6	303.4, F	0.621	46.672	
6	16.6, F	0.83	46.713	
6	309.0, F	0.141	46.755	
6	302.6, F	0.618	46.797	
6	281.8, F	1.044	46.838	
6	349.0, F	0.618	46.880	
6	342.3, F	0.952	46.922	
6	76.8, F	0.276	46.964	
6	305.5, F	1.187	47.005	
6	273.1, F	0.204	47.047	
6	92.1, F	0.487	47.089	
6	273.3, F	0.548	47.130	
6	56.7, F	0.261	47.172	
6	278.7, F	0.732	47.214	
6	59.4, F	0.202	47.256	
6	21.4, F	0.205	47.297	
6	175.8, F	0.81	47.339	
6	7.0, F	0.189	47.381	
6	358.6, F	0.21	47.422	
6	0.4, F	0.132	47.464	
6	332.8, F	0.262	47.506	
6	189.6, F	0.699	47.547	
6	337.9, F	0.308	47.589	
6	350.4, F	0.324	47.631	
6	1.8, F	0.418	47.673	
6	151.1, F	0.571	47.714	
6	22.9, F	0.488	47.756	
6	127.4, F	0.566	47.798	
6	355.1, F	0.72	47.839	
6	148.2, F	0.275	47.881	
6	137.5, F	0.388	47.923	
6	119.1, F	0.51	47.965	
6	47.3, F	1.31	48.006	
6	136.6, F	0.285	48.048	
6	251.9, F	0.491	48.090	
6	103.7, F	0.919	48.131	
6	122.7, F	0.675	48.173	
6	357.7, F	0.645	48.215	
6	128.4, F	0.425	48.257	
6	114.4, F	0.663	48.298	
6	26.6, F	0.794	48.340	
6	125.0, F	0.691	48.382	
6	120.0, F	0.945	48.423	
6	27.4, F	0.533	48.465	
6	176.8, F	0.652	48.507	
6	31.4, F	0.328	48.548	
6	61.3, F	0.477	48.590	
6	140.1, F	0.937	48.632	
6	0.2, F	0.681	48.674	
6	132.9, F	0.272	48.715	
6	28.9, F	1.034	48.757	
6	100.3, F	0.637	48.799	
6	337.4, F	0.18	48.840	
6	359.0, F	0.408	48.882	
6	176.1, F	0.235	48.924	
6	114.4, F	0.211	48.966	
6	16.4, F	1.219	49.007	
6	238.8, F	0.861	49.049	
6	26.0, F	0.975	49.091	
6	86.4, F	0.479	49.132	
6	333.3, F	0.488	49.174	
6	105.7, F	0.767	49.216	
6	352.9, F	0.932	49.258	
6	20.2, F	0.292	49.299	
6	177.0, F	0.361	49.341	
6	6.9, F	0.821	49.383	
6	90.7, F	0.23	49.424	
6	280.0, F	0.6	49.466	
6	55.0, F	0.58	49.508	
6	38.5, F	0.932	49.550	
6	222.2, F	0.379	49.591	
6	223.9, F	0.258	49.633	
6	195.1, F	0.223	49.675	
6	358.6, F	0.758	49.716	
6	124.9, F	0.322	49.758	
6	118.9, F	0.378	49.800	
6	102.0, F	0.796	49.841	
6	185.9, F	0.353	49.883	
6	12.5, F	0.576	49.925	
6	141.4, F	0.651	49.967	
6	83.9, F	0.749	50.008	
6	None	0	50.050	0.04200000000000159
6	101.2, F	0.169	50.092	
6	123.3, F	0.434	50.133	
6	194.2, F	0.31	50.175	
6	146.9, F	0.542	50.217	
6	73.3, F	0.678	50.259	
6	178.9, F	0.967	50.300	
6	108.2, F	0.858	50.342	
6	61.2, F	1.197	50.384	
6	137.7, F	0.847	50.425	
6	316.0, F	0.199	50.467	
6	104.4, F	0.217	50.509	
6	114.2, F	0.515	50.550	
6	216.0, F	0.56	50.592	
6	125.4, F	1.094	50.634	
6	54.1, F	0.138	50.676	
6	76.6, F	0.268	50.717	
6	106.1, F	0.477	50.759	
6	248.6, F	0.422	50.801	
6	236.9, F	0.326	50.842	
6	111.6, F	0.842	50.884	
6	211.8, F	0.495	50.926	
6	338.7, F	0.383	50.968	
6	326.6, F	0.113	51.009	
6	183.2, F	0.878	51.051	
6	336.6, F	0.121	51.093	
6	92.2, F	0.956	51.134	
6	173.5, F	0.202	51.176	
6	177.5, F	0.228	51.218	
6	0.8, F	0.699	51.260	
6	172.3, F	0.344	51.301	
6	245.3, F	0.946	51.343	
6	10.7, F	0.519	51.385	
6	174.2, F	0.517	51.426	
6	9.1, F	0.349	51.468	
6	175.2, F	0.728	51.510	
6	27.3, F	0.212	51.551	
6	62.7, F	0.144	51.593	
6	40.7, F	0.103	51.635	
6	None	0	51.677	
6	None	0	51.718	
6	None	0	51.760	
6	None	0	51.802	0.16600000000000392
6	210.8, F	0.164	51.843	
6	237.2, F	0.137	51.885	
6	221.7, F	0.135	51.927	
6	227.3, F	0.177	51.969	
6	250.6, F	0.28	52.010	
6	237.2, F	0.354	52.052	
6	110.2, F	0.588	52.094	
6	312.7, F	0.788	52.135	
6	162.4, F	0.599	52.177	
6	15.0, F	0.393	52.219	
6	237.5, F	1.11	52.261	
6	13.5, F	0.376	52.302	
6	354.3, F	0.291	52.344	
6	188.0, F	0.638	52.386	
6	337.6, F	0.333	52.427	
6	66.5, F	0.834	52.469	
6	216.0, F	0.836	52.511	
6	287.3, F	0.598	52.552	
6	54.2, F	0.366	52.594	
6	25.8, F	0.283	52.636	
6	233.6, F	1.22	52.678	
6	353.1, F	0.216	52.719	
6	323.0, F	0.233	52.761	
6	75.3, F	0.786	52.803	
6	211.2, F	0.886	52.844	
6	284.4, F	0.55	52.886	
6	69.0, F	0.343	52.928	
6	61.1, F	0.303	52.970	
6	287.1, F	0.834	53.011	
6	17.5, F	0.242	53.053	
6	178.1, F	0.766	53.095	
6	350.0, F	0.208	53.136	
6	315.0, F	0.185	53.178	
6	330.1, F	0.247	53.220	
6	307.5, F	0.297	53.262	
6	196.0, F	0.828	53.303	
6	64.7, F	0.695	53.345	
6	313.9, F	0.578	53.387	
6	220.6, F	0.826	53.428	
6	39.3, F	0.515	53.470	
6	27.3, F	0.681	53.512	
6	253.2, F	0.818	53.553	
6	160.9, F	0.321	53.595	
6	0.6, F	0.864	53.637	
6	298.3, F	0.12	53.679	
6	295.5, F	0.176	53.720	
6	315.4, F	0.301	53.762	
6	127.5, F	0.83	53.804	
6	334.4, F	0.744	53.845	
6	248.3, F	0.43	53.887	
6	92.4, F	0.315	53.929	
6	286.9, F	0.693	53.971	
6	32.7, F	0.308	54.012	
6	22.7, F	0.565	54.054	
6	178.4, F	0.426	54.096	
6	355.4, F	0.6	54.137	
6	269.2, F	0.433	54.179	
6	260.3, F	0.459	54.221	
6	276.2, F	0.616	54.263	
6	47.4, F	0.408	54.304	
6	4.5, F	0.418	54.346	
6	346.5, F	0.356	54.388	
6	176.7, F	0.463	54.429	
6	353.4, F	0.609	54.471	
6	198.7, F	0.334	54.513	
6	192.1, F	0.143	54.554	
6	359.3, F	0.895	54.596	
6	None	0	54.638	0.04200000000000159
6	50.5, F	0.11	54.680	
6	59.0, F	0.175	54.721	
6	157.9, F	0.816	54.763	
6	306.0, F	0.45	54.805	
6	66.2, F	1.014	54.846	
6	29.0, F	0.623	54.888	
6	129.2, F	0.618	54.930	
6	227.2, F	0.477	54.972	
6	50.2, F	1.077	55.013	
6	187.2, F	0.351	55.055	
6	188.3, F	0.235	55.097	
6	14.3, F	0.714	55.138	
6	127.3, F	0.416	55.180	
6	249.2, F	0.736	55.222	
6	125.0, F	0.485	55.264	
6	26.5, F	0.869	55.305	
6	254.8, F	0.579	55.347	
6	119.0, F	0.349	55.389	
6	266.0, F	0.831	55.430	
6	110.8, F	0.214	55.472	
6	95.7, F	0.152	55.514	
6	None	0	55.555	
6	None	0	55.597	0.08400000000000318
6	275.2, F	0.098	55.639	
6	None	0	55.681	0.04100000000000392
6	284.6, F	0.131	55.722	
6	300.2, F	0.221	55.764	
6	299.7, F	0.234	55.806	
6	77.7, F	0.714	55.847	
6	310.7, F	0.227	55.889	
6	308.9, F	0.288	55.931	
6	297.2, F	0.391	55.973	
6	150.4, F	0.993	56.014	
6	290.4, F	0.613	56.056	
6	40.9, F	0.435	56.098	
6	287.6, F	0.7	56.139	
6	322.0, F	0.614	56.181	
6	136.1, F	0.541	56.223	
6	243.7, F	0.733	56.265	
6	15.5, F	0.876	56.306	
6	8.7, F	0.118	56.348	
6	355.2, F	0.169	56.390	
6	335.6, F	0.31	56.431	
6	208.2, F	0.518	56.473	
6	329.4, F	0.744	56.515	
6	248.1, F	0.377	56.556	
6	109.2, F	0.398	56.598	
6	267.9, F	0.49	56.640	
6	59.9, F	0.165	56.682	
6	63.4, F	0.127	56.723	
6	43.6, F	0.145	56.765	
6	275.8, F	0.915	56.807	
6	339.1, F	0.314	56.848	
6	344.9, F	0.495	56.890	
6	119.0, F	1.058	56.932	
6	5.2, F	0.417	56.974	
6	130.3, F	0.552	57.015	
6	319.3, F	0.802	57.057	
6	130.1, F	0.627	57.099	
6	327.3, F	0.703	57.140	
6	116.4, F	0.807	57.182	
6	211.3, F	0.339	57.224	
6	356.5, F	0.821	57.266	
6	164.4, F	0.23	57.307	
6	115.2, F	0.183	57.349	
6	109.2, F	0.249	57.391	
6	95.1, F	0.201	57.432	
6	267.7, F	0.737	57.474	
6	76.6, F	0.254	57.516	
6	76.4, F	0.221	57.557	
6	65.3, F	0.237	57.599	
6	67.0, F	0.192	57.641	
6	267.7, F	0.723	57.683	
6	64.4, F	0.317	57.724	
6	54.2, F	0.377	57.766	
6	288.4, F	0.667	57.808	
6	157.3, F	0.591	57.849	
6	29.1, F	0.325	57.891	
6	14.2, F	0.339	57.933	
6	178.3, F	0.647	57.975	
6	332.3, F	0.276	58.016	
6	331.9, F	0.405	58.058	
6	205.3, F	0.564	58.100	
6	318.4, F	0.475	58.141	
6	68.0, F	0.622	58.183	
6	219.9, F	0.606	58.225	
6	322.7, F	0.494	58.267	
6	131.3, F	0.88	58.308	
6	320.5, F	0.612	58.350	
6	321.9, F	0.559	58.392	
6	130.2, F	0.559	58.433	
6	229.4, F	0.817	58.475	
6	34.2, F	0.497	58.517	
6	19.6, F	0.56	58.558	
6	241.7, F	0.906	58.600	
6	164.9, F	0.407	58.642	
6	353.6, F	0.574	58.684	
6	217.8, F	0.315	58.725	
6	333.7, F	0.839	58.767	
6	122.4, F	0.543	58.809	
6	252.1, F	0.641	58.850	
6	121.4, F	0.405	58.892	
6	127.2, F	0.417	58.934	
6	320.5, F	1.017	58.976	
6	107.5, F	0.428	59.017	
6	238.5, F	0.333	59.059	
6	105.5, F	0.856	59.101	
6	196.1, F	0.274	59.142	
6	6.3, F	0.527	59.184	
6	177.4, F	0.508	59.226	
6	12.5, F	0.401	59.268	
6	169.6, F	0.842	59.309	
6	89.7, F	0.176	59.351	
6	261.4, F	0.704	59.393	
6	109.9, F	0.341	59.434	
6	109.2, F	0.578	59.476	
6	331.5, F	0.669	59.518	
6	116.2, F	0.65	59.559	
6	227.2, F	0.496	59.601	
6	329.4, F	0.687	59.643	
6	125.2, F	0.705	59.685	
6	223.8, F	0.588	59.726	
6	51.0, F	0.599	59.768	
6	205.6, F	0.553	59.810	
6	318.4, F	0.555	59.851	
6	59.8, F	0.545	59.893	
6	220.5, F	0.991	59.935	
6	30.6, F	0.312	59.977	
6	304.7, F	0.277	60.018	
6	304.1, F	0.387	60.060	
6	212.7, F	1.073	60.102	
6	32.5, F	0.173	60.143	
6	331.3, F	0.214	60.185	
6	302.0, F	0.204	60.227	
6	311.7, F	0.271	60.269	
6	294.6, F	0.207	60.310	
6	279.0, F	0.522	60.352	
6	97.8, F	0.469	60.394	
6	100.2, F	0.465	60.435	
6	264.6, F	0.553	60.477	
6	87.7, F	0.543	60.519	
6	262.9, F	0.429	60.560	
6	263.6, F	0.478	60.602	
6	104.7, F	0.515	60.644	
6	249.0, F	0.528	60.686	
6	122.2, F	0.484	60.727	
6	130.7, F	0.533	60.769	
6	300.5, F	0.88	60.811	
6	150.6, F	0.624	60.852	
6	44.0, F	0.567	60.894	
6	208.9, F	0.511	60.936	
6	334.7, F	0.524	60.978	
6	123.9, F	1.157	61.019	
6	15.5, F	0.351	61.061	
6	28.3, F	0.409	61.103	
6	223.1, F	0.906	61.144	
6	59.0, F	0.476	61.186	
6	79.2, F	0.411	61.228	
6	268.1, F	0.5	61.270	
6	77.0, F	0.616	61.311	
6	246.4, F	0.232	61.353	
6	265.7, F	0.106	61.395	
6	182.0, F	0.199	61.436	
6	164.5, F	0.228	61.478	
6	151.9, F	0.285	61.520	
6	150.4, F	0.474	61.561	
6	11.7, F	0.474	61.603	
6	167.0, F	0.633	61.645	
6	14.5, F	0.507	61.687	
6	163.4, F	0.678	61.728	
6	295.9, F	0.718	61.770	
6	63.5, F	0.47	61.812	
6	53.9, F	0.666	61.853	
6	208.5, F	0.651	61.895	
6	322.1, F	0.291	61.937	
6	134.1, F	1.167	61.979	
6	325.3, F	0.197	62.020	
6	325.5, F	0.186	62.062	
6	334.2, F	0.361	62.104	
6	319.3, F	0.161	62.145	
6	314.1, F	0.175	62.187	
6	188.2, F	0.766	62.229	
6	88.3, F	0.827	62.271	
6	262.4, F	0.114	62.312	
6	212.5, F	0.16	62.354	
6	190.7, F	0.215	62.396	
6	None	0	62.437	0.04200000000000159
6	357.2, F	0.933	62.479	
6	204.5, F	0.268	62.521	
6	196.1, F	0.314	62.562	
6	179.5, F	0.253	62.604	
6	157.1, F	0.259	62.646	
6	14.5, F	0.753	62.688	
6	150.8, F	0.285	62.729	
6	152.0, F	0.271	62.771	
6	168.0, F	0.27	62.813	
6	1.7, F	0.775	62.854	
6	188.7, F	0.158	62.896	
6	189.0, F	0.178	62.938	
6	204.4, F	0.169	62.980	
6	224.3, F	0.292	63.021	
6	351.4, F	0.659	63.063	
6	177.0, F	0.481	63.105	
6	164.7, F	0.254	63.146	
6	8.5, F	0.472	63.188	
6	164.0, F	0.708	63.230	
6	40.8, F	0.418	63.272	
6	292.9, F	0.543	63.313	
6	136.5, F	1.154	63.355	
6	None	0	63.397	0.04100000000000392
6	127.2, F	0.104	63.438	
6	115.7, F	0.242	63.480	
6	96.1, F	0.592	63.522	
6	254.8, F	0.317	63.563	
6	95.8, F	0.785	63.605	
6	352.7, F	0.894	63.647	
6	157.8, F	0.164	63.689	
6	123.3, F	0.184	63.730	
6	129.1, F	0.276	63.772	
6	254.5, F	0.695	63.814	
6	120.4, F	0.417	63.855	
6	121.7, F	0.49	63.897	
6	323.7, F	0.925	63.939	
6	119.3, F	0.535	63.981	
6	235.9, F	0.637	64.022	
6	35.2, F	0.739	64.064	
6	135.5, F	0.6	64.106	
6	235.2, F	0.708	64.147	
6	27.1, F	0.728	64.189	
6	240.4, F	0.69	64.231	
6	32.5, F	0.787	64.273	
6	130.4, F	0.5	64.314	
6	243.5, F	0.678	64.356	
6	115.2, F	0.368	64.398	
6	323.2, F	1.15	64.439	
6	83.3, F	0.284	64.481	
6	66.4, F	0.275	64.523	
6	36.9, F	0.471	64.564	
6	245.5, F	0.778	64.606	
6	12.8, F	0.822	64.648	
6	51.6, F	0.167	64.690	
6	30.2, F	0.243	64.731	
6	167.2, F	0.397	64.773	
6	312.5, F	1.186	64.815	
6	28.7, F	0.776	64.856	
6	114.3, F	0.27	64.898	
6	60.9, F	0.362	64.940	
6	296.7, F	0.875	64.982	
6	6.7, F	1.336	65.023	
6	5.4, F	0.899	65.065	
6	20.1, F	0.171	65.107	
6	173.1, F	0.374	65.148	
6	5.4, F	1.276	65.190	
6	11.2, F	0.763	65.232	
6	46.2, F	0.101	65.274	
6	285.3, F	1.123	65.315	
6	106.3, F	0.655	65.357	
6	334.3, F	1.042	65.399	
6	281.6, F	0.72	65.440	
6	49.5, F	0.391	65.482	
6	199.9, F	0.409	65.524	
6	309.0, F	0.619	65.566	
6	229.8, F	0.724	65.607	
6	359.7, F	0.424	65.649	
6	225.0, F	0.321	65.691	
6	338.7, F	1.039	65.732	
6	204.2, F	0.293	65.774	
6	276.6, F	0.313	65.816	
6	281.4, F	0.843	65.857	
6	318.6, F	0.405	65.899	
6	218.7, F	0.923	65.941	
6	319.3, F	0.233	65.983	
6	304.2, F	0.784	66.024	
6	246.5, F	1.03	66.066	
6	314.3, F	0.796	66.108	
6	163.3, F	0.442	66.149	
6	312.5, F	0.877	66.191	
6	166.6, F	0.305	66.233	
6	250.9, F	1.037	66.275	
6	313.0, F	0.865	66.316	
6	179.9, F	0.473	66.358	
6	307.7, F	0.474	66.400	
6	238.7, F	1.061	66.441	
6	290.6, F	0.373	66.483	
6	None	0	66.525	0.04099999999999682
6	254.9, F	0.226	66.566	
6	232.0, F	0.731	66.608	
6	177.1, F	0.716	66.650	
6	271.7, F	1.319	66.692	
6	118.8, F	0.404	66.733	
6	238.9, F	1.205	66.775	
6	302.5, F	0.222	66.817	
6	152.8, F	0.816	66.858	
6	219.3, F	1.394	66.900	
6	187.7, F	0.575	66.942	
6	299.9, F	0.349	66.984	
6	182.2, F	0.744	67.025	
6	241.1, F	0.184	67.067	
6	213.1, F	0.533	67.109	
6	211.0, F	0.986	67.150	
6	111.9, F	0.415	67.192	
6	246.8, F	0.775	67.234	
6	164.0, F	0.526	67.276	
6	330.9, F	0.259	67.317	
6	246.1, F	0.161	67.359	
6	233.0, F	0.296	67.401	
6	231.5, F	0.374	67.442	
6	137.7, F	0.515	67.484	
6	306.1, F	1.016	67.526	
6	181.6, F	0.544	67.567	
6	2.7, F	0.405	67.609	
6	188.4, F	0.728	67.651	
6	296.9, F	0.287	67.693	
6	311.7, F	0.311	67.734	
6	73.8, F	0.666	67.776	
6	201.2, F	0.775	67.818	
6	297.6, F	0.537	67.859	
6	67.1, F	0.355	67.901	
6	274.4, F	0.687	67.943	
6	93.4, F	0.235	67.985	
6	119.9, F	0.212	68.026	
6	132.3, F	0.193	68.068	
6	None	0	68.110	0.04099999999999682
6	257.8, F	0.828	68.151	
6	156.3, F	0.304	68.193	
6	178.4, F	0.32	68.235	
6	0.8, F	0.478	68.277	
6	177.5, F	0.552	68.318	
6	0.9, F	0.249	68.360	
6	19.7, F	0.154	68.402	
6	173.2, F	0.911	68.443	
6	95.9, F	0.136	68.485	
6	96.9, F	0.142	68.527	
6	111.6, F	0.125	68.569	
6	112.5, F	0.183	68.610	
6	256.4, F	0.792	68.652	
6	13.6, F	0.792	68.694	
6	135.2, F	0.261	68.735	
6	141.9, F	0.271	68.777	
6	155.7, F	0.389	68.819	
6	304.8, F	1.012	68.860	
6	154.9, F	0.368	68.902	
6	152.3, F	0.377	68.944	
6	12.5, F	0.707	68.986	
6	149.0, F	0.584	69.027	
6	49.4, F	0.448	69.069	
6	223.2, F	0.96	69.111	
6	59.0, F	0.392	69.152	
6	282.3, F	0.674	69.194	
6	64.9, F	0.32	69.236	
6	162.2, F	0.987	69.278	
6	56.5, F	0.27	69.319	
6	267.3, F	0.704	69.361	
6	88.4, F	0.28	69.403	
6	83.7, F	0.219	69.444	
6	77.3, F	0.181	69.486	
6	258.0, F	0.882	69.528	
6	140.5, F	0.228	69.569	
6	12.2, F	0.755	69.611	
6	145.1, F	0.311	69.653	
6	139.4, F	0.25	69.695	
6	165.9, F	0.516	69.736	
6	302.1, F	0.926	69.778	
6	154.4, F	0.663	69.820	
6	44.3, F	0.429	69.861	
6	56.9, F	0.346	69.903	
6	216.8, F	1.055	69.945	
6	73.9, F	0.428	69.987	
6	82.0, F	0.496	70.028	
6	293.4, F	0.529	70.070	
6	79.1, F	0.529	70.112	
6	284.9, F	0.409	70.153	
6	246.1, F	0.257	70.195	
6	100.2, F	0.833	70.237	
6	218.4, F	0.288	70.279	
6	216.3, F	0.248	70.320	
6	208.7, F	0.35	70.362	
6	346.7, F	0.751	70.404	
6	108.2, F	0.912	70.445	
6	193.1, F	0.305	70.487	
6	192.4, F	0.382	70.529	
6	358.2, F	0.684	70.570	
6	193.1, F	0.264	70.612	
6	205.0, F	0.199	70.654	
6	352.0, F	0.715	70.696	
6	188.0, F	0.336	70.737	
6	194.9, F	0.311	70.779	
6	193.8, F	0.327	70.821	
6	349.5, F	0.462	70.862	
6	195.7, F	0.508	70.904	
6	61.6, F	0.913	70.946	
6	193.5, F	0.478	70.988	
6	337.4, F	0.424	71.029	
6	192.5, F	0.635	71.071	
6	342.1, F	0.365	71.113	
6	342.3, F	0.387	71.154	
6	182.9, F	0.779	71.196	
6	0.7, F	0.26	71.238	
6	358.9, F	0.311	71.280	
6	358.4, F	0.218	71.321	
6	180.1, F	0.806	71.363	
6	340.6, F	0.196	71.405	
6	327.4, F	0.214	71.446	
6	77.7, F	0.89	71.488	
6	326.6, F	0.285	71.530	
6	190.6, F	0.611	71.572	
6	353.9, F	0.355	71.613	
6	17.0, F	0.541	71.655	
6	153.8, F	0.377	71.697	
6	157.9, F	0.362	71.738	
6	22.9, F	0.671	71.780	
6	286.3, F	0.501	71.822	
6	56.3, F	0.611	71.863	
6	7.1, F	0.718	71.905	
6	323.2, F	0.234	71.947	
6	0.5, F	0.73	71.989	
6	69.7, F	0.306	72.030	
6	32.0, F	0.625	72.072	
6	109.2, F	0.389	72.114	
6	340.3, F	1.169	72.155	
6	109.7, F	0.837	72.197	
6	351.1, F	0.973	72.239	
6	None	0	72.281	
6	None	0	72.322	0.08299999999999841
6	75.2, F	0.317	72.364	
6	59.7, F	0.469	72.406	
6	220.7, F	0.887	72.447	
6	51.2, F	0.563	72.489	
6	286.0, F	0.53	72.531	
6	70.2, F	0.423	72.572	
6	149.5, F	0.919	72.614	
6	288.2, F	0.447	72.656	
6	83.4, F	0.53	72.698	
6	266.0, F	0.441	72.739	
6	242.8, F	0.341	72.781	
6	112.4, F	0.812	72.823	
6	None	0	72.864	0.04200000000000159
6	174.7, F	1.197	72.906	
6	19.3, F	0.619	72.948	
6	148.2, F	0.626	72.990	
6	244.7, F	0.376	73.031	
6	118.2, F	0.81	73.073	
6	186.6, F	0.848	73.115	
6	None	0	73.156	0.04199999999998738
6	127.3, F	0.368	73.198	
6	138.0, F	0.782	73.240	
6	312.1, F	0.539	73.282	
6	134.8, F	0.824	73.323	
6	291.6, F	0.417	73.365	
6	288.1, F	0.303	73.407	
6	77.7, F	0.576	73.448	
6	288.7, F	0.386	73.490	
6	154.9, F	0.985	73.532	
6	277.7, F	0.564	73.573	
6	46.8, F	0.329	73.615	
6	296.3, F	0.816	73.657	
6	18.2, F	0.552	73.699	
6	176.0, F	0.34	73.740	
6	348.4, F	0.868	73.782	
6	257.1, F	0.306	73.824	
6	291.0, F	0.669	73.865	
6	341.4, F	0.451	73.907	
6	225.0, F	0.44	73.949	
6	123.5, F	0.39	73.991	
6	310.9, F	1.428	74.032	
6	271.1, F	0.215	74.074	
6	291.6, F	0.405	74.116	
6	72.9, F	0.531	74.157	
6	220.0, F	1.246	74.199	
6	None	0	74.241	0.04200000000000159
6	268.4, F	0.106	74.283	
6	212.7, F	0.27	74.324	
6	342.9, F	0.654	74.366	
6	117.3, F	0.849	74.408	
6	194.0, F	0.502	74.449	
6	323.6, F	0.347	74.491	
6	150.6, F	0.155	74.533	
6	146.0, F	0.279	74.575	
6	150.4, F	0.531	74.616	
6	157.3, F	0.698	74.658	
6	315.0, F	0.14	74.700	
6	100.0, F	1.052	74.741	
6	243.3, F	0.559	74.783	
6	124.0, F	0.975	74.825	
6	91.2, F	0.488	74.866	
6	104.5, F	0.737	74.908	
6	171.8, F	0.419	74.950	
6	166.7, F	0.623	74.992	
6	38.4, F	0.495	75.033	
6	343.0, F	0.739	75.075	
6	114.5, F	0.877	75.117	
6	206.6, F	0.47	75.158	
6	33.6, F	0.895	75.200	
6	99.6, F	0.747	75.242	
6	218.9, F	0.161	75.284	
6	111.4, F	0.356	75.325	
6	88.7, F	0.703	75.367	
6	328.5, F	0.14	75.409	
6	124.4, F	0.239	75.450	
6	104.8, F	0.318	75.492	
6	182.3, F	0.349	75.534	
6	348.1, F	0.572	75.575	
6	104.2, F	1.116	75.617	
6	16.4, F	0.796	75.659	
6	240.2, F	0.34	75.701	
6	94.2, F	0.717	75.742	
6	286.9, F	0.168	75.784	
6	345.2, F	0.192	75.826	
6	26.6, F	0.318	75.867	
6	162.9, F	0.564	75.909	
6	26.9, F	0.543	75.951	
6	37.9, F	0.682	75.993	
6	244.1, F	0.419	76.034	
6	268.5, F	0.374	76.076	
6	98.0, F	0.552	76.118	
6	272.8, F	0.407	76.159	
6	94.6, F	0.35	76.201	
6	273.2, F	0.79	76.243	
6	None	0	76.285	0.04099999999999682
6	292.6, F	0.26	76.326	
6	296.6, F	0.815	76.368	
6	8.9, F	0.382	76.410	
6	180.5, F	0.418	76.451	
6	353.7, F	0.563	76.493	
6	231.6, F	0.204	76.535	
6	274.6, F	0.227	76.576	
6	75.1, F	0.527	76.618	
6	298.5, F	0.459	76.660	
6	315.3, F	0.932	76.702	
6	155.4, F	0.243	76.743	
6	4.3, F	0.897	76.785	
6	161.4, F	0.103	76.827	
6	250.7, F	0.16	76.868	
6	250.8, F	0.137	76.910	
6	255.7, F	0.17	76.952	
6	257.6, F	0.186	76.994	
6	113.8, F	0.608	77.035	
6	229.7, F	0.416	77.077	
6	238.3, F	0.455	77.119	
6	34.7, F	0.432	77.160	
6	249.6, F	0.553	77.202	
6	33.3, F	0.745	77.244	
6	127.8, F	0.323	77.286	
6	260.8, F	0.64	77.327	
6	120.7, F	0.27	77.369	
6	171.1, F	0.181	77.411	
6	3.0, F	0.628	77.452	
6	182.3, F	0.293	77.494	
6	179.1, F	0.268	77.536	
6	171.6, F	0.294	77.578	
6	8.7, F	0.622	77.619	
6	163.3, F	0.313	77.661	
6	251.9, F	0.752	77.703	
6	23.5, F	0.661	77.744	
6	145.5, F	0.478	77.786	
6	156.0, F	0.45	77.828	
6	303.6, F	0.939	77.869	
6	150.9, F	0.42	77.911	
6	27.0, F	0.561	77.953	
6	165.2, F	0.513	77.995	
6	20.4, F	0.453	78.036	
6	235.9, F	0.917	78.078	
6	27.4, F	0.504	78.120	
6	155.7, F	0.504	78.161	
6	19.8, F	0.564	78.203	
6	150.7, F	0.478	78.245	
6	307.6, F	0.874	78.287	
6	143.6, F	0.506	78.328	
6	23.7, F	0.737	78.370	
6	238.0, F	0.628	78.412	
6	124.3, F	0.509	78.453	
6	124.9, F	0.537	78.495	
6	328.0, F	0.917	78.537	
6	105.9, F	0.536	78.578	
6	250.9, F	0.422	78.620	
6	245.4, F	0.428	78.662	
6	110.7, F	0.667	78.704	
6	330.1, F	0.65	78.745	
6	130.4, F	0.71	78.787	
6	320.6, F	0.642	78.829	
6	212.8, F	0.589	78.870	
6	56.2, F	0.765	78.912	
6	213.1, F	0.436	78.954	
6	343.3, F	0.687	78.996	
6	109.3, F	0.77	79.037	
6	250.2, F	0.358	79.079	
6	257.7, F	0.404	79.121	
6	87.2, F	0.428	79.162	
6	289.2, F	0.81	79.204	
6	343.0, F	0.311	79.246	
6	297.6, F	0.58	79.288	
6	42.1, F	0.438	79.329	
6	256.6, F	1.366	79.371	
6	140.0, F	0.356	79.413	
6	299.8, F	1.36	79.454	
6	122.9, F	0.466	79.496	
6	265.3, F	1.22	79.538	
6	F	0.437	79.579	
6	86.9, F	0.298	79.621	
6	272.8, F	0.75	79.663	
6	277.8, F	0.39	79.705	
6	89.3, F	0.317	79.746	
6	274.2, F	0.733	79.788	
6	117.1, F	0.147	79.830	
6	225.4, F	0.222	79.871	
6	341.7, F	0.87	79.913	
6	264.0, F	0.192	79.955	
6	93.1, F	0.714	79.997	
6	272.0, F	0.366	80.038	
6	296.5, F	0.247	80.080	
6	254.2, F	0.284	80.122	
6	135.3, F	0.595	80.163	
6	231.6, F	1.121	80.205	
6	99.0, F	0.16	80.247	
6	135.0, F	0.311	80.289	
6	151.8, F	0.339	80.330	
6	188.3, F	0.673	80.372	
6	337.8, F	0.259	80.414	
6	None	0	80.455	
6	None	0	80.497	0.08400000000000318
6	212.1, F	0.384	80.539	
6	199.7, F	0.465	80.581	
6	300.8, F	0.369	80.622	
6	147.6, F	1.154	80.664	
6	232.1, F	0.706	80.706	
6	306.9, F	0.644	80.747	
6	147.2, F	0.749	80.789	
6	44.3, F	0.417	80.831	
6	284.8, F	0.85	80.872	
6	11.8, F	0.23	80.914	
6	183.9, F	0.862	80.956	
6	302.9, F	0.121	80.998	
6	283.2, F	0.468	81.039	
6	80.6, F	0.403	81.081	
6	281.7, F	0.656	81.123	
6	57.6, F	0.282	81.164	
6	346.8, F	0.388	81.206	
6	193.0, F	0.534	81.248	
6	347.5, F	0.816	81.290	
6	277.4, F	0.265	81.331	
6	316.1, F	0.634	81.373	
6	110.6, F	0.353	81.415	
6	325.4, F	1.237	81.456	
6	40.4, F	0.41	81.498	
6	11.1, F	0.135	81.540	
6	7.7, F	0.293	81.581	
6	8.0, F	0.596	81.623	
6	243.4, F	0.188	81.665	
6	337.8, F	0.354	81.707	
6	346.0, F	0.767	81.748	
6	267.1, F	0.218	81.790	
6	311.1, F	0.176	81.832	
6	50.1, F	1.113	81.873	
6	207.9, F	0.158	81.915	
6	356.7, F	0.9	81.957	
6	324.0, F	0.177	81.999	
6	332.2, F	0.375	82.040	
6	213.8, F	0.338	82.082	
6	343.8, F	0.646	82.124	
6	220.8, F	0.338	82.165	
6	106.7, F	0.755	82.207	
6	242.0, F	0.384	82.249	
6	333.6, F	0.758	82.291	
6	114.6, F	0.619	82.332	
6	240.3, F	0.418	82.374	
6	226.3, F	0.372	82.416	
6	52.0, F	0.923	82.457	
6	197.3, F	0.427	82.499	
6	183.0, F	0.593	82.541	
6	1.8, F	0.251	82.582	
6	17.1, F	0.258	82.624	
6	None	0	82.666	0.04200000000000159
6	169.4, F	1.244	82.708	
6	33.0, F	0.678	82.749	
6	220.3, F	0.694	82.791	
6	78.7, F	0.647	82.833	
6	209.2, F	0.268	82.874	
6	181.4, F	0.415	82.916	
6	187.1, F	0.649	82.958	
6	345.1, F	0.218	83.000	
6	96.9, F	0.953	83.041	
6	181.8, F	0.284	83.083	
6	190.9, F	0.559	83.125	
6	350.2, F	0.318	83.166	
6	183.3, F	0.719	83.208	
6	None	0	83.250	
6	None	0	83.292	0.08299999999999841
6	183.4, F	0.238	83.333	
6	178.5, F	0.447	83.375	
6	354.6, F	0.392	83.417	
6	181.3, F	0.607	83.458	
6	3.7, F	0.327	83.500	
6	8.2, F	0.272	83.542	
6	177.5, F	0.74	83.584	
6	2.5, F	0.229	83.625	
6	1.2, F	0.23	83.667	
6	F	0.238	83.709	
6	181.8, F	0.759	83.750	
6	347.3, F	0.227	83.792	
6	355.9, F	0.183	83.834	
6	353.8, F	0.221	83.875	
6	337.8, F	0.219	83.917	
6	185.1, F	0.794	83.959	
6	340.2, F	0.251	84.001	
6	354.2, F	0.188	84.042	
6	355.4, F	0.174	84.084	
6	358.1, F	0.178	84.126	
6	179.3, F	0.789	84.167	
6	3.3, F	0.227	84.209	
6	6.3, F	0.22	84.251	
6	10.5, F	0.23	84.293	
6	175.4, F	0.769	84.334	
6	17.9, F	0.244	84.376	
6	18.0, F	0.308	84.418	
6	25.2, F	0.284	84.459	
6	170.1, F	0.736	84.501	
6	287.6, F	0.79	84.543	
6	44.3, F	0.371	84.584	
6	47.0, F	0.456	84.626	
6	155.0, F	0.744	84.668	
6	308.4, F	0.58	84.710	
6	64.6, F	0.727	84.751	
6	202.1, F	0.597	84.793	
6	335.3, F	0.462	84.835	
6	71.1, F	1.002	84.876	
6	174.4, F	0.638	84.918	
6	22.6, F	0.373	84.960	
6	232.2, F	1.061	85.002	
6	52.4, F	0.595	85.043	
6	45.5, F	0.896	85.085	
6	219.5, F	0.413	85.127	
6	225.0, F	0.438	85.168	
6	37.1, F	0.912	85.210	
6	233.6, F	0.63	85.252	
6	119.9, F	0.469	85.294	
6	322.8, F	1.021	85.335	
6	114.2, F	0.497	85.377	
6	238.3, F	0.464	85.419	
6	111.6, F	0.681	85.460	
6	332.3, F	0.772	85.502	
6	113.4, F	0.761	85.544	
6	219.8, F	0.331	85.585	
6	201.4, F	0.401	85.627	
6	347.0, F	0.499	85.669	
6	188.6, F	0.616	85.711	
6	348.0, F	0.283	85.752	
6	355.4, F	0.251	85.794	
6	181.5, F	0.728	85.836	
6	17.2, F	0.2	85.877	
6	33.2, F	0.194	85.919	
6	48.5, F	0.207	85.961	
6	48.2, F	0.205	86.003	
6	170.1, F	0.852	86.044	
6	56.5, F	0.221	86.086	
6	61.9, F	0.223	86.128	
6	277.8, F	0.776	86.169	
6	54.7, F	0.251	86.211	
6	52.6, F	0.23	86.253	
6	69.8, F	0.206	86.295	
6	75.8, F	0.167	86.336	
6	91.4, F	0.366	86.378	
6	259.9, F	0.439	86.420	
6	104.4, F	0.649	86.461	
6	232.2, F	0.338	86.503	
6	213.9, F	0.434	86.545	
6	190.8, F	0.61	86.587	
6	69.5, F	0.988	86.628	
6	345.6, F	0.197	86.670	
6	176.6, F	1.421	86.712	
6	11.2, F	0.544	86.753	
6	230.5, F	1.166	86.795	
6	50.6, F	0.202	86.837	
6	76.4, F	0.45	86.878	
6	84.5, F	0.616	86.920	
6	269.7, F	0.215	86.962	
6	38.7, F	0.109	87.004	
6	81.8, F	0.413	87.045	
6	76.6, F	0.657	87.087	
6	317.5, F	0.21	87.129	
6	175.5, F	0.758	87.170	
6	43.8, F	0.856	87.212	
6	107.7, F	0.823	87.254	
6	3.7, F	0.768	87.296	
6	None	0	87.337	0.04200000000000159
6	42.5, F	0.89	87.379	
6	207.3, F	0.203	87.421	
6	113.9, F	0.106	87.462	
6	96.5, F	0.368	87.504	
6	35.1, F	1.28	87.546	
6	191.4, F	0.872	87.587	
6	338.6, F	0.173	87.629	
6	27.8, F	0.184	87.671	
6	56.2, F	0.314	87.713	
6	55.4, F	0.456	87.754	
6	60.8, F	0.617	87.796	
6	196.2, F	0.849	87.838	
6	326.2, F	0.102	87.879	
6	None	0	87.921	0.04199999999998738
6	129.5, F	0.294	87.963	
6	137.1, F	0.322	88.005	
6	32.5, F	0.484	88.046	
6	150.7, F	0.767	88.088	
6	290.0, F	0.538	88.130	
6	79.4, F	0.515	88.171	
6	201.1, F	1.149	88.213	
6	46.8, F	0.898	88.255	
6	222.7, F	0.447	88.297	
6	213.2, F	0.503	88.338	
6	66.9, F	0.615	88.380	
6	212.3, F	0.821	88.422	
6	74.1, F	0.65	88.463	
6	286.3, F	0.421	88.505	
6	274.1, F	0.365	88.547	
6	93.2, F	0.641	88.588	
6	271.7, F	0.308	88.630	
6	270.0, F	0.249	88.672	
6	89.4, F	0.78	88.714	
6	272.3, F	0.2	88.755	
6	268.7, F	0.172	88.797	
6	270.3, F	0.185	88.839	
6	278.5, F	0.195	88.880	
6	86.6, F	0.738	88.922	
6	277.3, F	0.261	88.964	
6	276.3, F	0.244	89.006	
6	285.9, F	0.244	89.047	
6	84.8, F	0.735	89.089	
6	282.2, F	0.232	89.131	
6	283.3, F	0.231	89.172	
6	198.3, F	0.912	89.214	
6	78.2, F	0.663	89.256	
6	291.0, F	0.391	89.298	
6	289.4, F	0.467	89.339	
6	83.1, F	0.36	89.381	
6	275.8, F	0.621	89.423	
6	77.6, F	0.297	89.464	
6	81.1, F	0.266	89.506	
6	272.8, F	0.711	89.548	
6	87.5, F	0.208	89.590	
6	84.7, F	0.183	89.631	
6	92.3, F	0.176	89.673	
6	None	0	89.715	
6	None	0	89.756	0.08299999999999841
6	229.0, F	0.174	89.798	
6	225.7, F	0.271	89.840	
6	215.0, F	0.327	89.881	
6	212.9, F	0.375	89.923	
6	332.4, F	0.686	89.965	
6	125.7, F	0.783	90.007	
6	217.2, F	0.417	90.048	
6	320.4, F	0.597	90.090	
6	139.0, F	0.831	90.132	
6	300.9, F	0.457	90.173	
6	274.9, F	0.319	90.215	
6	103.2, F	0.626	90.257	
6	250.6, F	0.406	90.299	
6	109.2, F	0.674	90.340	
6	219.7, F	0.51	90.382	
6	327.2, F	0.548	90.424	
6	204.4, F	0.726	90.465	
6	71.0, F	0.745	90.507	
6	314.3, F	0.288	90.549	
6	196.0, F	0.811	90.590	
6	74.6, F	0.805	90.632	
6	311.6, F	0.332	90.674	
6	291.9, F	0.161	90.716	
6	298.2, F	0.125	90.757	
6	None	0	90.799	0.04199999999998738
6	302.1, F	0.092	90.841	
6	184.7, F	1.009	90.882	
6	249.5, F	0.114	90.924	
6	93.0, F	0.849	90.966	
6	350.7, F	0.918	91.008	
6	222.9, F	0.289	91.049	
6	225.0, F	0.284	91.091	
6	231.7, F	0.323	91.133	
6	110.3, F	0.665	91.174	
6	230.3, F	0.388	91.216	
6	339.7, F	0.794	91.258	
6	228.9, F	0.371	91.300	
6	111.9, F	0.757	91.341	
6	341.4, F	0.691	91.383	
6	207.9, F	0.337	91.425	
6	201.5, F	0.321	91.466	
6	111.7, F	0.967	91.508	
6	355.8, F	0.504	91.550	
6	178.4, F	0.585	91.591	
6	2.8, F	0.267	91.633	
6	17.2, F	0.257	91.675	
6	167.3, F	0.755	91.717	
6	283.4, F	0.689	91.758	
6	58.2, F	0.346	91.800	
6	61.7, F	0.363	91.842	
6	279.9, F	0.63	91.883	
6	156.9, F	0.935	91.925	
6	67.0, F	0.432	91.967	
6	284.2, F	0.585	92.009	
6	62.0, F	0.481	92.050	
6	301.0, F	0.668	92.092	
6	146.2, F	0.82	92.134	
6	58.6, F	0.516	92.175	
6	310.6, F	0.726	92.217	
6	142.0, F	0.613	92.259	
6	318.8, F	0.874	92.301	
6	125.0, F	0.48	92.342	
6	31.2, F	0.916	92.384	
6	259.0, F	0.486	92.426	
6	99.1, F	0.46	92.467	
6	268.1, F	0.512	92.509	
6	81.1, F	0.489	92.551	
6	280.0, F	0.499	92.593	
6	76.6, F	0.518	92.634	
6	286.0, F	0.454	92.676	
6	69.6, F	0.556	92.718	
6	215.8, F	0.79	92.759	
6	303.6, F	0.539	92.801	
6	67.8, F	0.624	92.843	
6	205.8, F	0.963	92.884	
6	72.3, F	0.614	92.926	
6	291.9, F	0.359	92.968	
6	73.4, F	0.672	93.010	
6	299.8, F	0.27	93.051	
6	303.8, F	0.262	93.093	
6	191.2, F	0.754	93.135	
6	329.2, F	0.346	93.176	
6	62.0, F	0.747	93.218	
6	312.7, F	0.457	93.260	
6	207.8, F	0.717	93.302	
6	57.1, F	0.728	93.343	
6	326.8, F	0.742	93.385	
6	225.8, F	0.479	93.427	
6	103.4, F	0.622	93.468	
6	278.5, F	0.264	93.510	
6	333.7, F	0.318	93.552	
6	70.2, F	0.896	93.593	
6	1.5, F	0.408	93.635	
6	170.6, F	0.461	93.677	
6	17.3, F	0.819	93.719	
6	260.3, F	0.728	93.760	
6	96.2, F	0.308	93.802	
6	95.7, F	0.351	93.844	
6	288.7, F	0.361	93.885	
6	75.0, F	0.757	93.927	
6	332.8, F	0.273	93.969	
6	2.8, F	0.539	94.011	
6	141.6, F	0.253	94.052	
6	110.9, F	0.331	94.094	
6	84.4, F	0.454	94.136	
6	297.8, F	0.403	94.177	
6	71.5, F	0.996	94.219	
6	7.2, F	0.448	94.261	
6	149.9, F	0.395	94.303	
6	328.8, F	0.904	94.344	
6	93.9, F	0.922	94.386	
6	None	0	94.428	0.04099999999999682
6	106.0, F	0.247	94.469	
6	101.4, F	0.47	94.511	
6	291.0, F	0.12	94.553	
6	None	0	94.594	0.04200000000000159
6	75.7, F	0.271	94.636	
6	77.8, F	0.533	94.678	
6	75.2, F	0.812	94.720	
6	342.7, F	0.249	94.761	
6	7.5, F	0.3	94.803	
6	167.6, F	0.761	94.845	
6	65.7, F	0.499	94.886	
6	285.0, F	0.379	94.928	
6	84.5, F	0.724	94.970	
6	291.6, F	0.16	95.012	
6	None	0	95.053	0.04200000000000159
6	115.6, F	0.153	95.095	
6	108.6, F	0.279	95.137	
6	269.3, F	0.696	95.178	
6	97.6, F	0.57	95.220	
6	95.6, F	0.677	95.262	
6	264.1, F	0.282	95.304	
6	292.9, F	0.201	95.345	
6	None	0	95.387	
6	None	0	95.429	0.08299999999999841
6	74.1, F	0.968	95.470	
6	337.1, F	0.46	95.512	
6	204.6, F	0.468	95.554	
6	334.3, F	0.738	95.596	
6	251.3, F	0.421	95.637	
6	90.6, F	0.399	95.679	
6	294.3, F	1.065	95.721	
6	348.5, F	0.652	95.762	
6	238.7, F	0.333	95.804	
6	95.1, F	0.495	95.846	
6	289.1, F	1.12	95.887	
6	312.0, F	0.357	95.929	
6	306.6, F	0.572	95.971	
6	109.5, F	0.297	96.013	
6	343.2, F	0.18	96.054	
6	325.4, F	0.273	96.096	
6	311.6, F	0.273	96.138	
6	297.7, F	0.374	96.179	
6	300.1, F	0.684	96.221	
6	149.6, F	0.616	96.263	
6	16.3, F	0.325	96.305	
6	175.6, F	0.532	96.346	
6	337.0, F	0.312	96.388	
6	330.6, F	0.328	96.430	
6	203.3, F	0.84	96.471	
6	286.7, F	0.41	96.513	
6	130.2, F	0.268	96.555	
6	253.8, F	0.826	96.596	
6	162.0, F	0.422	96.638	
6	3.1, F	0.241	96.680	
6	255.8, F	0.11	96.722	
