0	217.9, F	0.409	0.042	
0	214.5, F	0.781	0.083	
0	117.5, F	0.23	0.125	
0	155.6, F	0.628	0.167	
0	276.9, F	1.571	0.209	
0	70.0, F	0.322	0.250	
0	199.5, F	1.211	0.292	
0	303.3, F	1.023	0.334	
0	54.6, F	0.47	0.375	
0	239.5, F	1.092	0.417	
0	243.7, F	1.261	0.459	
0	49.5, F	0.437	0.500	
0	294.5, F	0.645	0.542	
0	165.9, F	0.865	0.584	
0	278.5, F	0.539	0.626	
0	272.5, F	0.738	0.667	
0	263.7, F	0.209	0.709	
0	258.6, F	0.531	0.751	
0	263.5, F	0.712	0.792	
0	269.8, F	1.068	0.834	
0	273.2, F	0.59	0.876	
0	223.4, F	0.151	0.918	
0	278.9, F	0.836	0.959	
0	None	0	1.001	0.04200000000000004
0	301.6, F	0.275	1.043	
0	275.1, F	0.496	1.084	
0	79.8, F	0.146	1.126	
0	None	0	1.168	0.04200000000000004
0	259.5, F	0.275	1.210	
0	250.4, F	0.772	1.251	
0	206.1, F	0.665	1.293	
0	311.6, F	0.533	1.335	
0	299.1, F	0.602	1.376	
0	166.4, F	0.823	1.418	
0	228.3, F	0.257	1.460	
0	230.1, F	0.369	1.502	
0	226.8, F	1.079	1.543	
0	None	0	1.585	0.04200000000000004
0	236.6, F	1.145	1.627	
0	272.3, F	0.275	1.668	
0	239.7, F	0.723	1.710	
0	194.7, F	0.549	1.752	
0	277.2, F	1.015	1.793	
0	260.1, F	0.245	1.835	
0	263.3, F	0.622	1.877	
0	169.1, F	0.143	1.919	
0	229.3, F	0.42	1.960	
0	231.3, F	0.542	2.002	
0	257.7, F	0.744	2.044	
0	358.1, F	0.763	2.085	
0	285.4, F	0.403	2.127	
0	352.7, F	0.323	2.169	
0	212.6, F	0.334	2.211	
0	337.4, F	1.086	2.252	
0	306.0, F	1.186	2.294	
0	319.8, F	0.307	2.336	
0	333.0, F	0.689	2.377	
0	91.5, F	0.622	2.419	
0	314.5, F	1.136	2.461	
0	356.0, F	0.186	2.502	
0	327.7, F	0.454	2.544	
0	329.6, F	0.656	2.586	
0	275.6, F	0.868	2.628	
0	334.8, F	0.326	2.669	
0	321.1, F	0.654	2.711	
0	152.3, F	0.185	2.753	
0	288.5, F	0.662	2.794	
0	290.8, F	1.062	2.836	
0	310.9, F	0.44	2.878	
0	4.8, F	0.322	2.920	
0	234.9, F	1.091	2.961	
0	326.8, F	0.53	3.003	
0	233.0, F	1.027	3.045	
0	334.4, F	0.519	3.086	
0	296.0, F	1.279	3.128	
0	231.4, F	0.689	3.170	
0	188.6, F	0.273	3.212	
0	343.8, F	0.908	3.253	
0	279.3, F	0.869	3.295	
0	350.5, F	0.395	3.337	
0	249.0, F	0.195	3.378	
0	301.1, F	0.445	3.420	
0	305.2, F	0.949	3.462	
0	358.3, F	0.904	3.503	
0	323.5, F	0.36	3.545	
0	226.3, F	0.336	3.587	
0	10.7, F	1.374	3.629	
0	263.9, F	0.713	3.670	
0	6.0, F	0.459	3.712	
0	11.3, F	0.872	3.754	
0	5.4, F	1.024	3.795	
0	21.8, F	0.623	3.837	
0	4.0, F	1.134	3.879	
0	250.8, F	0.785	3.921	
0	9.4, F	1.692	3.962	
0	21.3, F	0.276	4.004	
0	20.1, F	0.767	4.046	
0	23.5, F	0.256	4.087	
0	325.8, F	1.373	4.129	
0	5.3, F	0.477	4.171	
0	128.9, F	0.126	4.213	
0	339.3, F	0.335	4.254	
0	345.6, F	1.076	4.296	
0	313.8, F	0.676	4.338	
0	103.4, F	0.534	4.379	
0	324.2, F	1.205	4.421	
0	349.0, F	1.105	4.463	
0	241.7, F	0.437	4.505	
0	11.0, F	0.997	4.546	
0	327.0, F	0.568	4.588	
0	316.2, F	0.856	4.630	
0	319.6, F	1.631	4.671	
0	86.4, F	0.738	4.713	
0	294.9, F	0.946	4.755	
0	356.4, F	1.873	4.796	
0	280.3, F	0.656	4.838	
0	318.6, F	1.055	4.880	
0	350.6, F	0.488	4.922	
0	351.9, F	1.646	4.963	
0	294.1, F	0.37	5.005	
0	44.5, F	1.049	5.047	
0	289.4, F	0.523	5.088	
0	30.6, F	0.871	5.130	
0	280.2, F	0.676	5.172	
0	31.7, F	1.017	5.214	
0	284.6, F	0.562	5.255	
0	26.3, F	1.455	5.297	
0	352.6, F	0.991	5.339	
0	27.0, F	0.613	5.380	
0	16.0, F	0.348	5.422	
0	23.9, F	1.847	5.464	
0	320.9, F	0.349	5.505	
0	4.5, F	1.01	5.547	
0	26.9, F	0.574	5.589	
0	33.2, F	1.062	5.631	
0	348.3, F	1.256	5.672	
0	95.7, F	0.882	5.714	
0	344.0, F	0.388	5.756	
0	355.5, F	1.442	5.797	
0	357.8, F	0.92	5.839	
0	337.9, F	0.354	5.881	
0	224.7, F	0.243	5.923	
0	352.3, F	1.797	5.964	
0	67.8, F	0.5	6.006	
0	317.1, F	0.997	6.048	
0	23.0, F	0.213	6.089	
0	341.4, F	1.29	6.131	
0	245.4, F	0.675	6.173	
0	1.8, F	1.173	6.215	
0	227.0, F	0.198	6.256	
0	335.9, F	2.284	6.298	
0	348.4, F	0.888	6.340	
0	293.4, F	0.72	6.381	
0	56.7, F	0.129	6.423	
0	341.7, F	1.483	6.465	
0	321.9, F	1.159	6.506	
0	17.0, F	0.578	6.548	
0	281.9, F	0.179	6.590	
0	327.7, F	1.171	6.632	
0	295.6, F	1.004	6.673	
0	354.6, F	2.15	6.715	
0	260.5, F	0.298	6.757	
0	328.2, F	1.234	6.798	
0	359.9, F	1.211	6.840	
0	338.4, F	0.755	6.882	
0	12.0, F	0.81	6.924	
0	332.0, F	0.497	6.965	
0	33.1, F	1.545	7.007	
0	194.0, F	0.219	7.049	
0	356.0, F	1.297	7.090	
0	6.7, F	0.755	7.132	
0	358.2, F	1.336	7.174	
0	183.5, F	0.131	7.216	
0	27.8, F	0.878	7.257	
0	339.6, F	1.5	7.299	
0	9.9, F	0.752	7.341	
0	355.2, F	0.912	7.382	
0	96.7, F	0.497	7.424	
0	9.0, F	1.874	7.466	
0	259.4, F	2.026	7.507	
0	37.3, F	0.764	7.549	
0	358.1, F	0.648	7.591	
0	348.5, F	1.163	7.633	
0	284.9, F	0.948	7.674	
0	None	0	7.716	0.041999999999999815
0	0.8, F	0.645	7.758	
0	336.2, F	1.944	7.799	
0	317.2, F	1.334	7.841	
0	None	0	7.883	0.041999999999999815
0	352.0, F	0.857	7.925	
0	304.1, F	1.424	7.966	
0	289.3, F	0.781	8.008	
0	326.0, F	1.193	8.050	
0	13.3, F	0.723	8.091	
0	343.3, F	1.212	8.133	
0	288.8, F	0.97	8.175	
0	7.5, F	0.933	8.217	
0	292.4, F	0.763	8.258	
0	307.6, F	1.219	8.300	
0	33.3, F	1.97	8.342	
0	4.2, F	0.203	8.383	
0	338.1, F	0.541	8.425	
0	344.3, F	0.953	8.467	
0	345.9, F	1.506	8.508	
0	299.8, F	0.579	8.550	
0	13.7, F	0.457	8.592	
0	34.2, F	0.742	8.634	
0	321.0, F	1.254	8.675	
0	348.1, F	0.441	8.717	
0	97.3, F	0.111	8.759	
0	353.8, F	1.134	8.800	
0	332.6, F	0.81	8.842	
0	74.5, F	0.239	8.884	
0	297.4, F	1.162	8.926	
0	334.8, F	1.522	8.967	
0	11.3, F	0.867	9.009	
0	300.6, F	0.407	9.051	
0	230.8, F	0.759	9.092	
0	342.1, F	1.371	9.134	
0	287.2, F	0.864	9.176	
0	171.9, F	0.141	9.218	
0	348.6, F	1.236	9.259	
0	264.0, F	0.842	9.301	
0	330.7, F	0.303	9.343	
0	345.2, F	0.75	9.384	
0	94.7, F	0.368	9.426	
0	310.7, F	1.14	9.468	
0	356.1, F	1.164	9.509	
0	326.9, F	0.666	9.551	
0	277.7, F	0.374	9.593	
0	18.4, F	0.867	9.635	
0	8.4, F	0.308	9.676	
0	359.9, F	0.999	9.718	
0	336.3, F	0.613	9.760	
0	346.0, F	0.729	9.801	
0	341.1, F	1.151	9.843	
0	221.9, F	1.106	9.885	
0	13.5, F	0.986	9.927	
0	11.7, F	0.836	9.968	
0	332.0, F	0.196	10.010	
0	355.0, F	0.602	10.052	
0	350.1, F	1.001	10.093	
0	338.5, F	0.711	10.135	
0	263.2, F	0.633	10.177	
0	24.9, F	0.455	10.219	
0	15.9, F	0.851	10.260	
0	303.0, F	1.276	10.302	
0	72.2, F	0.724	10.344	
0	327.6, F	0.681	10.385	
0	261.6, F	0.863	10.427	
0	343.8, F	1.423	10.469	
0	240.9, F	0.875	10.511	
0	355.5, F	0.944	10.552	
0	305.5, F	0.549	10.594	
0	295.5, F	0.378	10.636	
0	275.5, F	0.909	10.677	
0	345.5, F	0.585	10.719	
0	307.5, F	1.023	10.761	
0	291.1, F	0.947	10.802	
0	355.8, F	0.885	10.844	
0	300.6, F	0.46	10.886	
0	239.4, F	0.491	10.928	
0	353.4, F	1.039	10.969	
0	319.3, F	0.411	11.011	
0	207.8, F	0.39	11.053	
0	338.1, F	0.961	11.094	
0	91.6, F	0.144	11.136	
0	285.2, F	0.996	11.178	
0	343.7, F	0.575	11.220	
0	94.5, F	0.89	11.261	
0	317.4, F	0.477	11.303	
0	343.6, F	0.632	11.345	
0	278.1, F	0.207	11.386	
0	319.7, F	0.426	11.428	
0	48.0, F	1.355	11.470	
0	333.5, F	0.305	11.511	
0	341.3, F	0.561	11.553	
0	None	0	11.595	0.041999999999999815
0	11.8, F	0.633	11.637	
0	68.9, F	0.192	11.678	
0	30.1, F	0.394	11.720	
0	25.6, F	0.695	11.762	
0	297.9, F	0.783	11.803	
0	21.7, F	0.878	11.845	
0	51.4, F	0.252	11.887	
0	293.6, F	0.897	11.929	
0	15.7, F	1.055	11.970	
0	51.6, F	0.272	12.012	
0	16.4, F	0.365	12.054	
0	153.5, F	0.265	12.095	
0	None	0	12.137	0.041999999999999815
0	355.0, F	0.162	12.179	
0	345.2, F	0.2	12.221	
0	322.1, F	0.288	12.262	
0	303.7, F	0.566	12.304	
0	219.6, F	1.013	12.346	
0	37.4, F	0.385	12.387	
0	17.3, F	0.384	12.429	
0	354.1, F	0.359	12.471	
0	173.8, F	0.528	12.512	
0	354.0, F	0.486	12.554	
0	172.4, F	0.521	12.596	
0	294.7, F	1.188	12.638	
0	115.9, F	1.217	12.679	
0	291.2, F	1.001	12.721	
0	163.8, F	0.55	12.763	
0	10.9, F	0.371	12.804	
0	12.7, F	0.331	12.846	
0	173.5, F	0.646	12.888	
0	16.4, F	0.337	12.930	
0	6.4, F	0.313	12.971	
0	176.1, F	0.65	13.013	
0	6.1, F	0.328	13.055	
0	7.7, F	0.238	13.096	
0	178.9, F	0.715	13.138	
0	4.9, F	0.236	13.180	
0	353.5, F	0.203	13.222	
0	341.7, F	0.198	13.263	
0	188.0, F	0.746	13.305	
0	332.7, F	0.142	13.347	
0	326.8, F	0.152	13.388	
0	314.7, F	0.142	13.430	
0	297.1, F	0.097	13.472	
0	None	0	13.513	0.041999999999999815
0	336.8, F	0.129	13.555	
0	320.6, F	0.115	13.597	
0	330.0, F	0.188	13.639	
0	134.1, F	1.26	13.680	
0	309.1, F	0.213	13.722	
0	309.0, F	0.218	13.764	
0	290.7, F	0.313	13.805	
0	283.6, F	0.401	13.847	
0	86.4, F	0.558	13.889	
0	280.0, F	0.443	13.931	
0	82.9, F	0.422	13.972	
0	273.4, F	0.619	14.014	
0	79.1, F	0.338	14.056	
0	274.8, F	0.639	14.097	
0	163.7, F	0.989	14.139	
0	83.5, F	0.229	14.181	
0	74.0, F	0.196	14.223	
0	272.1, F	0.747	14.264	
0	71.3, F	0.196	14.306	
0	78.5, F	0.2	14.348	
0	58.0, F	0.185	14.389	
0	54.6, F	0.2	14.431	
0	275.2, F	0.878	14.473	
0	47.4, F	0.166	14.514	
0	49.3, F	0.178	14.556	
0	57.5, F	0.169	14.598	
0	58.3, F	0.154	14.640	
0	47.0, F	0.125	14.681	
0	176.0, F	0.904	14.723	
0	17.0, F	0.123	14.765	
0	None	0	14.806	
0	None	0	14.848	
0	None	0	14.890	0.12600000000000122
0	275.4, F	0.983	14.932	
0	359.4, F	0.1	14.973	
0	343.1, F	0.093	15.015	
0	None	0	15.057	0.04100000000000037
0	87.9, F	0.96	15.098	
0	None	0	15.140	
0	None	0	15.182	
0	None	0	15.224	
0	None	0	15.265	0.16699999999999982
0	186.8, F	1.052	15.307	
0	352.3, F	0.98	15.349	
0	234.5, F	0.15	15.390	
0	219.3, F	0.172	15.432	
0	218.8, F	0.177	15.474	
0	216.6, F	0.204	15.515	
0	101.3, F	0.913	15.557	
0	209.1, F	0.235	15.599	
0	199.0, F	0.24	15.641	
0	353.3, F	0.681	15.682	
0	194.3, F	0.292	15.724	
0	190.8, F	0.336	15.766	
0	346.6, F	0.709	15.807	
0	218.6, F	0.388	15.849	
0	232.5, F	0.461	15.891	
0	35.1, F	0.787	15.933	
0	251.8, F	0.985	15.974	
0	202.5, F	0.319	16.016	
0	232.2, F	0.398	16.058	
0	29.7, F	0.877	16.099	
0	288.9, F	1.196	16.141	
0	343.5, F	0.677	16.183	
0	71.9, F	0.557	16.225	
0	264.5, F	1.025	16.266	
0	7.2, F	0.889	16.308	
0	338.8, F	0.23	16.350	
0	358.4, F	0.864	16.391	
0	334.2, F	0.374	16.433	
0	351.2, F	1.292	16.475	
0	93.1, F	0.986	16.517	
0	350.3, F	0.449	16.558	
0	4.3, F	1.028	16.600	
0	4.6, F	1.511	16.642	
0	297.7, F	0.901	16.683	
0	18.7, F	1.229	16.725	
0	30.6, F	1.281	16.767	
0	348.3, F	1.366	16.808	
0	None	0	16.850	0.04199999999999804
0	328.4, F	0.454	16.892	
0	40.7, F	1.282	16.934	
0	341.1, F	0.864	16.975	
0	299.5, F	0.467	17.017	
0	52.3, F	0.551	17.059	
0	340.3, F	1.177	17.100	
0	17.7, F	1.16	17.142	
0	240.4, F	0.827	17.184	
0	5.2, F	1.149	17.226	
0	359.8, F	0.592	17.267	
0	337.7, F	0.785	17.309	
0	293.7, F	0.68	17.351	
0	10.6, F	0.929	17.392	
0	350.1, F	0.59	17.434	
0	344.2, F	2.061	17.476	
0	300.0, F	0.93	17.517	
0	355.0, F	0.252	17.559	
0	345.4, F	1.145	17.601	
0	327.5, F	1.423	17.643	
0	357.1, F	0.851	17.684	
0	323.3, F	0.602	17.726	
0	253.1, F	0.484	17.768	
0	22.7, F	0.814	17.809	
0	None	0	17.851	0.04200000000000159
0	335.9, F	0.587	17.893	
0	257.7, F	0.375	17.935	
0	321.2, F	1.029	17.976	
0	57.1, F	0.385	18.018	
0	23.2, F	0.685	18.060	
0	322.9, F	1.453	18.101	
0	28.4, F	0.136	18.143	
0	1.3, F	0.771	18.185	
0	339.4, F	0.449	18.227	
0	358.9, F	0.988	18.268	
0	344.7, F	1.092	18.310	
0	37.8, F	1.145	18.352	
0	309.9, F	0.368	18.393	
0	343.6, F	1.043	18.435	
0	345.4, F	1.674	18.477	
0	59.4, F	0.53	18.518	
0	325.8, F	1.192	18.560	
0	25.4, F	0.815	18.602	
0	4.3, F	0.945	18.644	
0	7.3, F	0.444	18.685	
0	1.4, F	0.984	18.727	
0	356.0, F	0.439	18.769	
0	348.0, F	0.545	18.810	
0	349.5, F	1.018	18.852	
0	342.0, F	0.469	18.894	
0	317.4, F	0.102	18.936	
0	353.6, F	1.239	18.977	
0	350.6, F	0.964	19.019	
0	333.1, F	0.502	19.061	
0	29.0, F	1.393	19.102	
0	336.3, F	1.617	19.144	
0	33.5, F	0.348	19.186	
0	315.1, F	1.471	19.228	
0	353.5, F	0.699	19.269	
0	21.0, F	1.25	19.311	
0	325.2, F	1.042	19.353	
0	46.1, F	0.523	19.394	
0	322.4, F	1.147	19.436	
0	10.8, F	0.991	19.478	
0	2.8, F	0.444	19.520	
0	152.2, F	0.105	19.561	
0	9.5, F	0.394	19.603	
0	8.2, F	1.335	19.645	
0	323.5, F	1.14	19.686	
0	42.7, F	0.587	19.728	
0	75.0, F	0.394	19.770	
0	343.9, F	1.289	19.811	
0	35.9, F	1.219	19.853	
0	348.9, F	0.773	19.895	
0	350.1, F	0.401	19.937	
0	5.5, F	1.875	19.978	
0	40.4, F	0.745	20.020	
0	48.6, F	0.975	20.062	
0	351.3, F	1.252	20.103	
0	351.7, F	1.65	20.145	
0	326.8, F	0.356	20.187	
0	354.4, F	0.914	20.229	
0	67.3, F	0.834	20.270	
0	354.3, F	0.584	20.312	
0	348.9, F	1.193	20.354	
0	339.3, F	0.748	20.395	
0	284.9, F	0.522	20.437	
0	9.6, F	0.962	20.479	
0	338.3, F	0.302	20.520	
0	335.6, F	0.571	20.562	
0	260.1, F	0.564	20.604	
0	351.5, F	0.143	20.646	
0	317.1, F	0.633	20.687	
0	314.1, F	0.9	20.729	
0	151.1, F	0.271	20.771	
0	283.6, F	0.587	20.812	
0	286.5, F	0.83	20.854	
0	45.4, F	1.367	20.896	
0	94.6, F	0.198	20.938	
0	16.2, F	0.705	20.979	
0	None	0	21.021	0.04199999999999804
0	313.6, F	0.18	21.063	
0	329.4, F	0.45	21.104	
0	327.9, F	1.055	21.146	
0	116.3, F	0.251	21.188	
0	271.7, F	0.862	21.230	
0	36.9, F	0.156	21.271	
0	346.0, F	0.243	21.313	
0	189.6, F	0.759	21.355	
0	322.1, F	0.356	21.396	
0	68.5, F	0.708	21.438	
0	296.2, F	0.503	21.480	
0	209.2, F	0.889	21.521	
0	74.8, F	0.468	21.563	
0	279.5, F	0.509	21.605	
0	99.1, F	0.409	21.647	
0	233.4, F	0.604	21.688	
0	136.7, F	0.674	21.730	
0	282.8, F	0.447	21.772	
0	132.2, F	0.82	21.813	
0	207.8, F	0.755	21.855	
0	81.4, F	0.59	21.897	
0	253.4, F	0.314	21.939	
0	195.7, F	0.844	21.980	
0	88.7, F	0.629	22.022	
0	238.6, F	0.367	22.064	
0	223.1, F	0.328	22.105	
0	195.3, F	0.824	22.147	
0	94.7, F	0.759	22.189	
0	236.4, F	0.204	22.231	
0	204.9, F	0.396	22.272	
0	357.4, F	0.326	22.314	
0	176.9, F	0.745	22.356	
0	341.4, F	0.11	22.397	
0	None	0	22.439	0.04200000000000159
0	150.5, F	0.164	22.481	
0	148.0, F	0.226	22.523	
0	142.1, F	0.217	22.564	
0	122.7, F	0.252	22.606	
0	17.8, F	0.91	22.648	
0	254.1, F	0.694	22.689	
0	112.7, F	0.399	22.731	
0	86.3, F	0.492	22.773	
0	319.3, F	0.281	22.814	
0	None	0	22.856	0.04199999999999804
0	11.2, F	0.426	22.898	
0	155.8, F	0.536	22.940	
0	50.4, F	1.036	22.981	
0	192.2, F	0.317	23.023	
0	158.8, F	0.268	23.065	
0	21.9, F	0.88	23.106	
0	86.8, F	0.707	23.148	
0	318.2, F	0.114	23.190	
0	80.6, F	0.209	23.232	
0	71.2, F	0.441	23.273	
0	137.6, F	1.354	23.315	
0	109.1, F	0.116	23.357	
0	109.8, F	0.369	23.398	
0	340.7, F	0.893	23.440	
0	100.4, F	1.441	23.482	
0	207.4, F	0.369	23.523	
0	165.4, F	0.388	23.565	
0	40.6, F	0.361	23.607	
0	144.1, F	1.383	23.649	
0	7.2, F	0.77	23.690	
0	145.3, F	0.505	23.732	
0	141.2, F	1.186	23.774	
0	166.2, F	0.693	23.815	
0	91.6, F	0.209	23.857	
0	142.2, F	0.476	23.899	
0	183.0, F	1.102	23.941	
0	128.8, F	1.738	23.982	
0	191.0, F	0.803	24.024	
0	155.3, F	0.239	24.066	
0	141.5, F	0.797	24.107	
0	123.3, F	1.413	24.149	
0	118.2, F	0.664	24.191	
0	195.1, F	0.549	24.233	
0	89.4, F	0.199	24.274	
0	134.1, F	1.098	24.316	
0	178.3, F	0.923	24.358	
0	None	0	24.399	0.04199999999999804
0	145.0, F	0.454	24.441	
0	100.2, F	0.753	24.483	
0	189.7, F	0.355	24.524	
0	165.6, F	0.723	24.566	
0	68.0, F	0.286	24.608	
0	116.6, F	0.998	24.650	
0	161.2, F	0.54	24.691	
0	88.5, F	0.637	24.733	
0	None	0	24.775	0.04100000000000037
0	137.4, F	0.591	24.816	
0	132.8, F	1.261	24.858	
0	74.9, F	0.417	24.900	
0	197.5, F	0.293	24.942	
0	125.1, F	1.081	24.983	
0	63.1, F	0.342	25.025	
0	90.2, F	1.01	25.067	
0	98.8, F	0.366	25.108	
0	114.9, F	1.719	25.150	
0	348.9, F	0.156	25.192	
0	152.3, F	1.057	25.234	
0	100.9, F	0.95	25.275	
0	144.2, F	0.946	25.317	
0	260.3, F	0.137	25.359	
0	140.0, F	0.308	25.400	
0	51.9, F	0.77	25.442	
0	128.0, F	1.541	25.484	
0	225.7, F	0.458	25.525	
0	126.0, F	1.039	25.567	
0	None	0	25.609	0.04199999999999804
0	136.4, F	1.075	25.651	
0	122.5, F	0.206	25.692	
0	115.7, F	0.617	25.734	
0	191.5, F	0.859	25.776	
0	117.5, F	1.455	25.817	
0	236.3, F	0.474	25.859	
0	129.9, F	1.178	25.901	
0	119.6, F	0.243	25.943	
0	136.3, F	1.342	25.984	
0	156.6, F	0.383	26.026	
0	210.9, F	0.968	26.068	
0	96.4, F	0.701	26.109	
0	154.8, F	0.73	26.151	
0	69.4, F	0.506	26.193	
0	191.2, F	1.303	26.235	
0	70.3, F	1.093	26.276	
0	149.3, F	1.15	26.318	
0	208.0, F	0.16	26.360	
0	8.3, F	0.796	26.401	
0	132.9, F	0.531	26.443	
0	119.4, F	1.089	26.485	
0	354.5, F	0.515	26.526	
0	145.4, F	0.605	26.568	
0	345.4, F	0.704	26.610	
0	102.7, F	1.352	26.652	
0	220.7, F	0.442	26.693	
0	58.2, F	1.024	26.735	
0	155.7, F	0.575	26.777	
0	313.9, F	0.511	26.818	
0	122.5, F	1.239	26.860	
0	24.2, F	0.368	26.902	
0	71.6, F	0.257	26.944	
0	211.1, F	1.208	26.985	
0	101.1, F	0.369	27.027	
0	35.2, F	0.926	27.069	
0	213.7, F	0.562	27.110	
0	194.0, F	1.04	27.152	
0	104.5, F	0.766	27.194	
0	216.7, F	0.469	27.236	
0	346.0, F	0.36	27.277	
0	191.3, F	0.869	27.319	
0	None	0	27.361	0.04100000000000037
0	104.6, F	0.908	27.402	
0	354.4, F	0.572	27.444	
0	174.8, F	0.596	27.486	
0	21.5, F	0.292	27.527	
0	175.7, F	0.548	27.569	
0	34.8, F	0.24	27.611	
0	279.8, F	0.877	27.653	
0	79.3, F	0.222	27.694	
0	90.3, F	0.184	27.736	
0	70.2, F	0.198	27.778	
0	167.9, F	0.894	27.819	
0	289.0, F	0.787	27.861	
0	44.9, F	0.299	27.903	
0	32.5, F	0.434	27.945	
0	60.2, F	0.254	27.986	
0	166.8, F	0.882	28.028	
0	286.5, F	0.813	28.070	
0	42.9, F	0.371	28.111	
0	40.0, F	0.347	28.153	
0	154.5, F	0.728	28.195	
0	295.8, F	0.753	28.237	
0	43.9, F	0.393	28.278	
0	52.3, F	0.401	28.320	
0	220.7, F	1.029	28.362	
0	54.9, F	0.381	28.403	
0	55.7, F	0.384	28.445	
0	287.9, F	0.719	28.487	
0	152.6, F	0.814	28.528	
0	64.2, F	0.359	28.570	
0	282.6, F	0.652	28.612	
0	46.1, F	0.434	28.654	
0	50.2, F	0.359	28.695	
0	158.3, F	0.851	28.737	
0	290.0, F	0.788	28.779	
0	49.8, F	0.432	28.820	
0	53.6, F	0.325	28.862	
0	221.7, F	1.137	28.904	
0	56.4, F	0.348	28.946	
0	45.7, F	0.388	28.987	
0	56.8, F	0.318	29.029	
0	281.2, F	0.86	29.071	
0	173.4, F	0.883	29.112	
0	21.2, F	0.352	29.154	
0	15.8, F	0.327	29.196	
0	12.3, F	0.403	29.238	
0	165.4, F	0.492	29.279	
0	3.5, F	0.517	29.321	
0	156.3, F	0.331	29.363	
0	248.0, F	0.904	29.404	
0	16.6, F	0.635	29.446	
0	157.1, F	0.365	29.488	
0	12.8, F	0.623	29.529	
0	162.0, F	0.352	29.571	
0	161.4, F	0.379	29.613	
0	7.2, F	0.596	29.655	
0	248.3, F	1.107	29.696	
0	106.8, F	1.061	29.738	
0	306.2, F	1.218	29.780	
0	155.2, F	0.162	29.821	
0	None	0	29.863	
0	None	0	29.905	
0	None	0	29.947	
0	None	0	29.988	
0	None	0	30.030	0.20899999999999963
0	88.0, F	0.927	30.072	
0	340.5, F	0.105	30.113	
0	296.8, F	0.122	30.155	
0	298.0, F	0.092	30.197	
0	266.0, F	0.13	30.239	
0	266.8, F	0.141	30.280	
0	273.9, F	0.189	30.322	
0	277.7, F	0.223	30.364	
0	266.4, F	0.241	30.405	
0	96.3, F	0.699	30.447	
0	260.2, F	0.478	30.489	
0	110.5, F	0.403	30.530	
0	266.2, F	0.478	30.572	
0	103.3, F	0.459	30.614	
0	266.4, F	0.52	30.656	
0	101.2, F	0.464	30.697	
0	331.4, F	1.053	30.739	
0	109.3, F	0.348	30.781	
0	265.0, F	0.661	30.822	
0	106.1, F	0.306	30.864	
0	108.7, F	0.249	30.906	
0	110.8, F	0.197	30.948	
0	261.0, F	0.93	30.989	
0	150.4, F	0.146	31.031	
0	155.9, F	0.159	31.073	
0	167.9, F	0.105	31.114	
0	355.9, F	0.877	31.156	
0	222.9, F	0.217	31.198	
0	231.9, F	0.264	31.240	
0	101.7, F	0.694	31.281	
0	254.6, F	0.452	31.323	
0	247.8, F	0.448	31.365	
0	114.2, F	0.424	31.406	
0	322.2, F	1.102	31.448	
0	122.7, F	0.255	31.490	
0	111.4, F	0.189	31.531	
0	85.6, F	0.116	31.573	
0	267.4, F	0.888	31.615	
0	101.7, F	0.108	31.657	
0	61.4, F	0.102	31.698	
0	19.7, F	0.142	31.740	
0	12.2, F	0.133	31.782	
0	21.1, F	0.228	31.823	
0	177.0, F	0.725	31.865	
0	3.5, F	0.248	31.907	
0	8.3, F	0.207	31.949	
0	11.4, F	0.192	31.990	
0	24.4, F	0.221	32.032	
0	172.8, F	0.763	32.074	
0	12.0, F	0.245	32.115	
0	14.9, F	0.229	32.157	
0	9.4, F	0.191	32.199	
0	175.9, F	0.777	32.241	
0	9.8, F	0.223	32.282	
0	284.5, F	1.024	32.324	
0	11.1, F	0.245	32.366	
0	175.1, F	0.759	32.407	
0	157.0, F	2.954	32.449	
0	None	0	32.491	
0	None	0	32.532	
0	None	0	32.574	
0	None	0	32.616	
0	None	0	32.658	0.2079999999999984
0	125.9, F	0.099	32.699	
0	125.7, F	0.096	32.741	
0	116.6, F	0.11	32.783	
0	117.7, F	0.093	32.824	
0	143.0, F	0.131	32.866	
0	6.3, F	0.863	32.908	
0	153.4, F	0.168	32.950	
0	129.7, F	0.283	32.991	
0	255.9, F	0.765	33.033	
0	131.6, F	0.356	33.075	
0	120.8, F	0.417	33.116	
0	35.6, F	0.857	33.158	
0	235.1, F	0.532	33.200	
0	120.2, F	0.607	33.242	
0	329.2, F	0.727	33.283	
0	184.6, F	0.411	33.325	
0	125.4, F	0.449	33.367	
0	346.9, F	0.23	33.408	
0	155.5, F	0.678	33.450	
0	36.3, F	0.841	33.492	
0	238.7, F	0.237	33.533	
0	23.6, F	0.442	33.575	
0	222.9, F	0.547	33.617	
0	111.1, F	0.752	33.659	
0	346.2, F	0.756	33.700	
0	221.9, F	0.331	33.742	
0	206.9, F	0.333	33.784	
0	52.0, F	0.9	33.825	
0	213.3, F	0.607	33.867	
0	210.2, F	0.764	33.909	
0	84.7, F	0.597	33.951	
0	239.4, F	0.573	33.992	
0	237.7, F	0.739	34.034	
0	41.5, F	0.442	34.076	
0	164.7, F	0.844	34.117	
0	93.2, F	0.145	34.159	
0	251.8, F	0.736	34.201	
0	136.1, F	0.444	34.243	
0	60.1, F	0.404	34.284	
0	275.8, F	0.59	34.326	
0	102.7, F	0.644	34.368	
0	223.6, F	0.327	34.409	
0	110.1, F	0.827	34.451	
0	183.6, F	0.269	34.493	
0	180.0, F	0.301	34.535	
0	6.1, F	0.653	34.576	
0	161.8, F	0.279	34.618	
0	156.8, F	0.183	34.660	
0	7.1, F	0.876	34.701	
0	137.9, F	0.167	34.743	
0	261.5, F	0.847	34.785	
0	87.3, F	0.146	34.826	
0	None	0	34.868	0.041999999999994486
0	10.5, F	0.324	34.910	
0	6.4, F	0.37	34.952	
0	169.4, F	0.543	34.993	
0	17.1, F	0.631	35.035	
0	159.8, F	0.385	35.077	
0	15.5, F	0.798	35.118	
0	257.6, F	0.717	35.160	
0	127.2, F	0.365	35.202	
0	123.3, F	0.368	35.244	
0	272.5, F	0.646	35.285	
0	83.1, F	0.432	35.327	
0	84.4, F	0.481	35.369	
0	292.9, F	0.398	35.410	
0	70.0, F	0.65	35.452	
0	322.3, F	0.2	35.494	
0	341.8, F	0.284	35.535	
0	190.0, F	0.626	35.577	
0	341.0, F	0.369	35.619	
0	349.0, F	0.399	35.661	
0	189.5, F	0.523	35.702	
0	62.3, F	0.959	35.744	
0	183.4, F	0.518	35.786	
0	8.3, F	0.4	35.827	
0	177.0, F	0.589	35.869	
0	14.4, F	0.342	35.911	
0	7.5, F	0.353	35.953	
0	235.5, F	1.138	35.994	
0	8.8, F	0.333	36.036	
0	7.3, F	0.314	36.078	
0	174.5, F	0.673	36.119	
0	7.0, F	0.32	36.161	
0	3.1, F	0.31	36.203	
0	175.3, F	0.648	36.245	
0	15.0, F	0.294	36.286	
0	9.3, F	0.234	36.328	
0	5.7, F	0.26	36.370	
0	179.0, F	0.759	36.411	
0	8.2, F	0.239	36.453	
0	19.5, F	0.233	36.495	
0	33.7, F	0.283	36.536	
0	165.0, F	0.737	36.578	
0	31.9, F	0.335	36.620	
0	288.9, F	0.829	36.662	
0	161.8, F	0.687	36.703	
0	29.1, F	0.393	36.745	
0	38.2, F	0.432	36.787	
0	225.3, F	0.849	36.828	
0	46.4, F	0.911	36.870	
0	206.4, F	0.459	36.912	
0	52.1, F	1.013	36.954	
0	209.4, F	0.342	36.995	
0	349.2, F	0.777	37.037	
0	211.6, F	0.269	37.079	
0	204.2, F	0.256	37.120	
0	193.6, F	0.209	37.162	
0	178.9, F	0.254	37.204	
0	0.7, F	0.697	37.246	
0	169.9, F	0.194	37.287	
0	151.5, F	0.162	37.329	
0	140.3, F	0.177	37.371	
0	101.5, F	0.195	37.412	
0	92.7, F	0.316	37.454	
0	22.8, F	1.096	37.496	
0	212.8, F	1.01	37.538	
0	69.8, F	0.451	37.579	
0	292.0, F	0.592	37.621	
0	58.5, F	0.517	37.663	
0	60.2, F	0.475	37.704	
0	224.4, F	0.928	37.746	
0	34.1, F	0.43	37.788	
0	300.4, F	0.957	37.829	
0	148.6, F	0.482	37.871	
0	25.9, F	0.661	37.913	
0	145.7, F	0.474	37.955	
0	124.8, F	0.431	37.996	
0	323.7, F	1.059	38.038	
0	108.9, F	0.373	38.080	
0	275.4, F	0.437	38.121	
0	70.3, F	0.516	38.163	
0	293.4, F	0.447	38.205	
0	67.3, F	0.484	38.247	
0	215.0, F	0.972	38.288	
0	32.4, F	0.54	38.330	
0	32.2, F	0.415	38.372	
0	237.2, F	1.019	38.413	
0	9.0, F	0.447	38.455	
0	7.5, F	0.638	38.497	
0	151.0, F	0.169	38.538	
0	105.8, F	0.232	38.580	
0	71.0, F	0.308	38.622	
0	76.2, F	0.528	38.664	
0	301.8, F	0.349	38.705	
0	331.8, F	0.4	38.747	
0	182.9, F	0.432	38.789	
0	65.0, F	1.207	38.830	
0	239.9, F	0.832	38.872	
0	34.1, F	0.775	38.914	
0	107.6, F	0.662	38.956	
0	202.4, F	0.223	38.997	
0	172.5, F	0.251	39.039	
0	15.7, F	0.717	39.081	
0	134.0, F	0.441	39.122	
0	109.3, F	0.771	39.164	
0	334.7, F	0.498	39.206	
0	187.9, F	0.611	39.248	
0	37.3, F	0.244	39.289	
0	82.8, F	0.527	39.331	
0	197.3, F	1.055	39.373	
0	99.1, F	0.778	39.414	
0	353.2, F	0.764	39.456	
0	168.9, F	0.393	39.498	
0	168.1, F	0.35	39.539	
0	11.2, F	0.472	39.581	
0	167.9, F	0.537	39.623	
0	40.9, F	0.476	39.665	
0	214.5, F	0.741	39.706	
0	60.3, F	0.737	39.748	
0	308.6, F	0.406	39.790	
0	140.8, F	1.071	39.831	
0	304.0, F	0.186	39.873	
0	303.6, F	0.186	39.915	
0	327.0, F	0.112	39.957	
0	None	0	39.998	
0	None	0	40.040	
0	None	0	40.082	0.125
0	129.9, F	0.12	40.123	
0	113.9, F	0.234	40.165	
0	112.7, F	0.212	40.207	
0	115.8, F	0.2	40.249	
0	126.9, F	0.155	40.290	
0	264.4, F	0.843	40.332	
0	128.7, F	0.109	40.374	
0	146.4, F	0.157	40.415	
0	145.0, F	0.146	40.457	
0	6.3, F	0.779	40.499	
0	159.3, F	0.232	40.541	
0	183.5, F	0.196	40.582	
0	188.0, F	0.365	40.624	
0	356.3, F	0.622	40.666	
0	191.2, F	0.429	40.707	
0	189.4, F	0.368	40.749	
0	343.2, F	0.394	40.791	
0	191.9, F	0.599	40.832	
0	343.1, F	0.413	40.874	
0	342.9, F	0.367	40.916	
0	125.4, F	1.024	40.958	
0	338.3, F	0.379	40.999	
0	191.3, F	0.483	41.041	
0	342.4, F	0.404	41.083	
0	195.5, F	0.546	41.124	
0	341.2, F	0.332	41.166	
0	337.5, F	0.355	41.208	
0	126.3, F	1.097	41.250	
0	350.9, F	0.39	41.291	
0	351.5, F	0.358	41.333	
0	188.2, F	0.633	41.375	
0	346.7, F	0.313	41.416	
0	341.1, F	0.213	41.458	
0	190.1, F	0.772	41.500	
0	315.4, F	0.202	41.541	
0	319.0, F	0.154	41.583	
0	None	0	41.625	
0	None	0	41.667	0.08299999999999841
0	132.4, F	0.125	41.708	
0	144.4, F	0.213	41.750	
0	152.3, F	0.333	41.792	
0	158.6, F	0.642	41.833	
0	23.3, F	0.361	41.875	
0	45.0, F	0.372	41.917	
0	217.1, F	1.109	41.959	
0	95.3, F	0.42	42.000	
0	141.3, F	0.465	42.042	
0	305.0, F	0.661	42.084	
0	146.3, F	0.777	42.125	
0	261.3, F	0.304	42.167	
0	92.7, F	0.445	42.209	
0	259.7, F	0.463	42.251	
0	105.7, F	0.317	42.292	
0	266.4, F	0.755	42.334	
0	143.0, F	0.148	42.376	
0	187.8, F	0.229	42.417	
0	349.1, F	0.63	42.459	
0	241.8, F	0.706	42.501	
0	191.6, F	0.229	42.542	
0	343.5, F	0.799	42.584	
0	243.8, F	0.475	42.626	
0	254.7, F	0.22	42.668	
0	277.7, F	0.498	42.709	
0	276.3, F	0.905	42.751	
0	292.1, F	0.22	42.793	
0	287.4, F	0.74	42.834	
0	352.4, F	0.189	42.876	
0	207.9, F	0.756	42.918	
0	295.7, F	0.976	42.960	
0	308.6, F	1.053	43.001	
0	152.7, F	0.1	43.043	
0	232.1, F	0.132	43.085	
0	289.8, F	0.499	43.126	
0	352.6, F	0.17	43.168	
0	332.5, F	0.509	43.210	
0	228.0, F	0.445	43.252	
0	333.8, F	0.714	43.293	
0	89.4, F	0.178	43.335	
0	287.2, F	0.854	43.377	
0	23.3, F	0.311	43.418	
0	353.6, F	0.448	43.460	
0	218.7, F	0.395	43.502	
0	309.5, F	0.447	43.544	
0	18.9, F	0.851	43.585	
0	269.5, F	0.534	43.627	
0	23.2, F	1.17	43.669	
0	31.6, F	0.523	43.710	
0	324.3, F	1.22	43.752	
0	15.9, F	0.545	43.794	
0	4.2, F	0.521	43.835	
0	0.2, F	0.683	43.877	
0	328.9, F	0.224	43.919	
0	345.4, F	0.662	43.961	
0	327.8, F	0.242	44.002	
0	349.9, F	0.574	44.044	
0	249.1, F	0.261	44.086	
0	32.7, F	1.166	44.127	
0	313.1, F	0.673	44.169	
0	246.7, F	0.686	44.211	
0	92.5, F	0.206	44.253	
0	11.5, F	0.277	44.294	
0	346.1, F	0.799	44.336	
0	260.2, F	0.39	44.378	
0	287.3, F	0.73	44.419	
0	2.9, F	0.561	44.461	
0	326.3, F	1.162	44.503	
0	349.4, F	0.358	44.544	
0	239.2, F	0.39	44.586	
0	313.5, F	1.255	44.628	
0	300.4, F	0.815	44.670	
0	205.7, F	0.372	44.711	
0	325.8, F	1.125	44.753	
0	292.7, F	0.926	44.795	
0	258.4, F	0.663	44.836	
0	316.9, F	0.174	44.878	
0	298.7, F	0.404	44.920	
0	303.8, F	0.833	44.962	
0	334.8, F	0.811	45.003	
0	269.9, F	0.619	45.045	
0	64.6, F	0.228	45.087	
0	13.1, F	0.207	45.128	
0	326.9, F	0.93	45.170	
0	277.6, F	0.754	45.212	
0	16.7, F	0.167	45.254	
0	347.1, F	0.446	45.295	
0	277.9, F	0.562	45.337	
0	37.7, F	0.263	45.379	
0	3.4, F	0.544	45.420	
0	201.3, F	0.264	45.462	
0	349.2, F	1.135	45.504	
0	198.9, F	0.768	45.545	
0	323.8, F	0.669	45.587	
0	329.3, F	0.984	45.629	
0	40.5, F	0.601	45.671	
0	130.9, F	0.235	45.712	
0	280.6, F	0.852	45.754	
0	1.4, F	0.743	45.796	
0	353.1, F	1.787	45.837	
0	295.3, F	0.351	45.879	
0	29.9, F	0.905	45.921	
0	296.3, F	0.675	45.963	
0	5.5, F	1.005	46.004	
0	344.1, F	0.23	46.046	
0	225.4, F	0.402	46.088	
0	332.1, F	0.924	46.129	
0	44.8, F	0.355	46.171	
0	306.8, F	1.024	46.213	
0	162.6, F	0.137	46.255	
0	None	0	46.296	0.04200000000000159
0	340.4, F	0.547	46.338	
0	341.9, F	0.886	46.380	
0	102.3, F	0.483	46.421	
0	273.5, F	0.809	46.463	
0	344.8, F	0.865	46.505	
0	288.1, F	0.435	46.547	
0	38.2, F	0.32	46.588	
0	296.2, F	1.123	46.630	
0	303.4, F	0.621	46.672	
0	16.6, F	0.83	46.713	
0	309.0, F	0.141	46.755	
0	302.6, F	0.618	46.797	
0	281.8, F	1.044	46.838	
0	349.0, F	0.618	46.880	
0	342.3, F	0.952	46.922	
0	76.8, F	0.276	46.964	
0	305.5, F	1.187	47.005	
0	273.1, F	0.204	47.047	
0	92.1, F	0.487	47.089	
0	273.3, F	0.548	47.130	
0	56.7, F	0.261	47.172	
0	278.7, F	0.732	47.214	
0	59.4, F	0.202	47.256	
0	21.4, F	0.205	47.297	
0	175.8, F	0.81	47.339	
0	7.0, F	0.189	47.381	
0	358.6, F	0.21	47.422	
0	0.4, F	0.132	47.464	
0	332.8, F	0.262	47.506	
0	189.6, F	0.699	47.547	
0	337.9, F	0.308	47.589	
0	350.4, F	0.324	47.631	
0	1.8, F	0.418	47.673	
0	151.1, F	0.571	47.714	
0	22.9, F	0.488	47.756	
0	127.4, F	0.566	47.798	
0	355.1, F	0.72	47.839	
0	148.2, F	0.275	47.881	
0	137.5, F	0.388	47.923	
0	119.1, F	0.51	47.965	
0	47.3, F	1.31	48.006	
0	136.6, F	0.285	48.048	
0	251.9, F	0.491	48.090	
0	103.7, F	0.919	48.131	
0	122.7, F	0.675	48.173	
0	357.7, F	0.645	48.215	
0	128.4, F	0.425	48.257	
0	114.4, F	0.663	48.298	
0	26.6, F	0.794	48.340	
0	125.0, F	0.691	48.382	
0	120.0, F	0.945	48.423	
0	27.4, F	0.533	48.465	
0	176.8, F	0.652	48.507	
0	31.4, F	0.328	48.548	
0	61.3, F	0.477	48.590	
0	140.1, F	0.937	48.632	
0	0.2, F	0.681	48.674	
0	132.9, F	0.272	48.715	
0	28.9, F	1.034	48.757	
0	100.3, F	0.637	48.799	
0	337.4, F	0.18	48.840	
0	359.0, F	0.408	48.882	
0	176.1, F	0.235	48.924	
0	114.4, F	0.211	48.966	
0	16.4, F	1.219	49.007	
0	238.8, F	0.861	49.049	
0	26.0, F	0.975	49.091	
0	86.4, F	0.479	49.132	
0	333.3, F	0.488	49.174	
0	105.7, F	0.767	49.216	
0	352.9, F	0.932	49.258	
0	20.2, F	0.292	49.299	
0	177.0, F	0.361	49.341	
0	6.9, F	0.821	49.383	
0	90.7, F	0.23	49.424	
0	280.0, F	0.6	49.466	
0	55.0, F	0.58	49.508	
0	38.5, F	0.932	49.550	
0	222.2, F	0.379	49.591	
0	223.9, F	0.258	49.633	
0	195.1, F	0.223	49.675	
0	358.6, F	0.758	49.716	
0	124.9, F	0.322	49.758	
0	118.9, F	0.378	49.800	
0	102.0, F	0.796	49.841	
0	185.9, F	0.353	49.883	
0	12.5, F	0.576	49.925	
0	141.4, F	0.651	49.967	
0	83.9, F	0.749	50.008	
0	None	0	50.050	0.04200000000000159
0	101.2, F	0.169	50.092	
0	123.3, F	0.434	50.133	
0	194.2, F	0.31	50.175	
0	146.9, F	0.542	50.217	
0	73.3, F	0.678	50.259	
0	178.9, F	0.967	50.300	
0	108.2, F	0.858	50.342	
0	61.2, F	1.197	50.384	
0	137.7, F	0.847	50.425	
0	316.0, F	0.199	50.467	
0	104.4, F	0.217	50.509	
0	114.2, F	0.515	50.550	
0	216.0, F	0.56	50.592	
0	125.4, F	1.094	50.634	
0	54.1, F	0.138	50.676	
0	76.6, F	0.268	50.717	
0	106.1, F	0.477	50.759	
0	248.6, F	0.422	50.801	
0	236.9, F	0.326	50.842	
0	111.6, F	0.842	50.884	
0	211.8, F	0.495	50.926	
0	338.7, F	0.383	50.968	
0	326.6, F	0.113	51.009	
0	183.2, F	0.878	51.051	
0	336.6, F	0.121	51.093	
0	92.2, F	0.956	51.134	
0	173.5, F	0.202	51.176	
0	177.5, F	0.228	51.218	
0	0.8, F	0.699	51.260	
0	172.3, F	0.344	51.301	
0	245.3, F	0.946	51.343	
0	10.7, F	0.519	51.385	
0	174.2, F	0.517	51.426	
0	9.1, F	0.349	51.468	
0	175.2, F	0.728	51.510	
0	27.3, F	0.212	51.551	
0	62.7, F	0.144	51.593	
0	40.7, F	0.103	51.635	
0	None	0	51.677	
0	None	0	51.718	
0	None	0	51.760	
0	None	0	51.802	0.16600000000000392
0	210.8, F	0.164	51.843	
0	237.2, F	0.137	51.885	
0	221.7, F	0.135	51.927	
0	227.3, F	0.177	51.969	
0	250.6, F	0.28	52.010	
0	237.2, F	0.354	52.052	
0	110.2, F	0.588	52.094	
0	312.7, F	0.788	52.135	
0	162.4, F	0.599	52.177	
0	15.0, F	0.393	52.219	
0	237.5, F	1.11	52.261	
0	13.5, F	0.376	52.302	
0	354.3, F	0.291	52.344	
0	188.0, F	0.638	52.386	
0	337.6, F	0.333	52.427	
0	66.5, F	0.834	52.469	
0	216.0, F	0.836	52.511	
0	287.3, F	0.598	52.552	
0	54.2, F	0.366	52.594	
0	25.8, F	0.283	52.636	
0	233.6, F	1.22	52.678	
0	353.1, F	0.216	52.719	
0	323.0, F	0.233	52.761	
0	75.3, F	0.786	52.803	
0	211.2, F	0.886	52.844	
0	284.4, F	0.55	52.886	
0	69.0, F	0.343	52.928	
0	61.1, F	0.303	52.970	
0	287.1, F	0.834	53.011	
0	17.5, F	0.242	53.053	
0	178.1, F	0.766	53.095	
0	350.0, F	0.208	53.136	
0	315.0, F	0.185	53.178	
0	330.1, F	0.247	53.220	
0	307.5, F	0.297	53.262	
0	196.0, F	0.828	53.303	
0	64.7, F	0.695	53.345	
0	313.9, F	0.578	53.387	
0	220.6, F	0.826	53.428	
0	39.3, F	0.515	53.470	
0	27.3, F	0.681	53.512	
0	253.2, F	0.818	53.553	
0	160.9, F	0.321	53.595	
0	0.6, F	0.864	53.637	
0	298.3, F	0.12	53.679	
0	295.5, F	0.176	53.720	
0	315.4, F	0.301	53.762	
0	127.5, F	0.83	53.804	
0	334.4, F	0.744	53.845	
0	248.3, F	0.43	53.887	
0	92.4, F	0.315	53.929	
0	286.9, F	0.693	53.971	
0	32.7, F	0.308	54.012	
0	22.7, F	0.565	54.054	
0	178.4, F	0.426	54.096	
0	355.4, F	0.6	54.137	
0	269.2, F	0.433	54.179	
0	260.3, F	0.459	54.221	
0	276.2, F	0.616	54.263	
0	47.4, F	0.408	54.304	
0	4.5, F	0.418	54.346	
0	346.5, F	0.356	54.388	
0	176.7, F	0.463	54.429	
0	353.4, F	0.609	54.471	
0	198.7, F	0.334	54.513	
0	192.1, F	0.143	54.554	
0	359.3, F	0.895	54.596	
0	None	0	54.638	0.04200000000000159
0	50.5, F	0.11	54.680	
0	59.0, F	0.175	54.721	
0	157.9, F	0.816	54.763	
0	306.0, F	0.45	54.805	
0	66.2, F	1.014	54.846	
0	29.0, F	0.623	54.888	
0	129.2, F	0.618	54.930	
0	227.2, F	0.477	54.972	
0	50.2, F	1.077	55.013	
0	187.2, F	0.351	55.055	
0	188.3, F	0.235	55.097	
0	14.3, F	0.714	55.138	
0	127.3, F	0.416	55.180	
0	249.2, F	0.736	55.222	
0	125.0, F	0.485	55.264	
0	26.5, F	0.869	55.305	
0	254.8, F	0.579	55.347	
0	119.0, F	0.349	55.389	
0	266.0, F	0.831	55.430	
0	110.8, F	0.214	55.472	
0	95.7, F	0.152	55.514	
0	None	0	55.555	
0	None	0	55.597	0.08400000000000318
0	275.2, F	0.098	55.639	
0	None	0	55.681	0.04100000000000392
0	284.6, F	0.131	55.722	
0	300.2, F	0.221	55.764	
0	299.7, F	0.234	55.806	
0	77.7, F	0.714	55.847	
0	310.7, F	0.227	55.889	
0	308.9, F	0.288	55.931	
0	297.2, F	0.391	55.973	
0	150.4, F	0.993	56.014	
0	290.4, F	0.613	56.056	
0	40.9, F	0.435	56.098	
0	287.6, F	0.7	56.139	
0	322.0, F	0.614	56.181	
0	136.1, F	0.541	56.223	
0	243.7, F	0.733	56.265	
0	15.5, F	0.876	56.306	
0	8.7, F	0.118	56.348	
0	355.2, F	0.169	56.390	
0	335.6, F	0.31	56.431	
0	208.2, F	0.518	56.473	
0	329.4, F	0.744	56.515	
0	248.1, F	0.377	56.556	
0	109.2, F	0.398	56.598	
0	267.9, F	0.49	56.640	
0	59.9, F	0.165	56.682	
0	63.4, F	0.127	56.723	
0	43.6, F	0.145	56.765	
0	275.8, F	0.915	56.807	
0	339.1, F	0.314	56.848	
0	344.9, F	0.495	56.890	
0	119.0, F	1.058	56.932	
0	5.2, F	0.417	56.974	
0	130.3, F	0.552	57.015	
0	319.3, F	0.802	57.057	
0	130.1, F	0.627	57.099	
0	327.3, F	0.703	57.140	
0	116.4, F	0.807	57.182	
0	211.3, F	0.339	57.224	
0	356.5, F	0.821	57.266	
0	164.4, F	0.23	57.307	
0	115.2, F	0.183	57.349	
0	109.2, F	0.249	57.391	
0	95.1, F	0.201	57.432	
0	267.7, F	0.737	57.474	
0	76.6, F	0.254	57.516	
0	76.4, F	0.221	57.557	
0	65.3, F	0.237	57.599	
0	67.0, F	0.192	57.641	
0	267.7, F	0.723	57.683	
0	64.4, F	0.317	57.724	
0	54.2, F	0.377	57.766	
0	288.4, F	0.667	57.808	
0	157.3, F	0.591	57.849	
0	29.1, F	0.325	57.891	
0	14.2, F	0.339	57.933	
0	178.3, F	0.647	57.975	
0	332.3, F	0.276	58.016	
0	331.9, F	0.405	58.058	
0	205.3, F	0.564	58.100	
0	318.4, F	0.475	58.141	
0	68.0, F	0.622	58.183	
0	219.9, F	0.606	58.225	
0	322.7, F	0.494	58.267	
0	131.3, F	0.88	58.308	
0	320.5, F	0.612	58.350	
0	321.9, F	0.559	58.392	
0	130.2, F	0.559	58.433	
0	229.4, F	0.817	58.475	
0	34.2, F	0.497	58.517	
0	19.6, F	0.56	58.558	
0	241.7, F	0.906	58.600	
0	164.9, F	0.407	58.642	
0	353.6, F	0.574	58.684	
0	217.8, F	0.315	58.725	
0	333.7, F	0.839	58.767	
0	122.4, F	0.543	58.809	
0	252.1, F	0.641	58.850	
0	121.4, F	0.405	58.892	
0	127.2, F	0.417	58.934	
0	320.5, F	1.017	58.976	
0	107.5, F	0.428	59.017	
0	238.5, F	0.333	59.059	
0	105.5, F	0.856	59.101	
0	196.1, F	0.274	59.142	
0	6.3, F	0.527	59.184	
0	177.4, F	0.508	59.226	
0	12.5, F	0.401	59.268	
0	169.6, F	0.842	59.309	
0	89.7, F	0.176	59.351	
0	261.4, F	0.704	59.393	
0	109.9, F	0.341	59.434	
0	109.2, F	0.578	59.476	
0	331.5, F	0.669	59.518	
0	116.2, F	0.65	59.559	
0	227.2, F	0.496	59.601	
0	329.4, F	0.687	59.643	
0	125.2, F	0.705	59.685	
0	223.8, F	0.588	59.726	
0	51.0, F	0.599	59.768	
0	205.6, F	0.553	59.810	
0	318.4, F	0.555	59.851	
0	59.8, F	0.545	59.893	
0	220.5, F	0.991	59.935	
0	30.6, F	0.312	59.977	
0	304.7, F	0.277	60.018	
0	304.1, F	0.387	60.060	
0	212.7, F	1.073	60.102	
0	32.5, F	0.173	60.143	
0	331.3, F	0.214	60.185	
0	302.0, F	0.204	60.227	
0	311.7, F	0.271	60.269	
0	294.6, F	0.207	60.310	
0	279.0, F	0.522	60.352	
0	97.8, F	0.469	60.394	
0	100.2, F	0.465	60.435	
0	264.6, F	0.553	60.477	
0	87.7, F	0.543	60.519	
0	262.9, F	0.429	60.560	
0	263.6, F	0.478	60.602	
0	104.7, F	0.515	60.644	
0	249.0, F	0.528	60.686	
0	122.2, F	0.484	60.727	
0	130.7, F	0.533	60.769	
0	300.5, F	0.88	60.811	
0	150.6, F	0.624	60.852	
0	44.0, F	0.567	60.894	
0	208.9, F	0.511	60.936	
0	334.7, F	0.524	60.978	
0	123.9, F	1.157	61.019	
0	15.5, F	0.351	61.061	
0	28.3, F	0.409	61.103	
0	223.1, F	0.906	61.144	
0	59.0, F	0.476	61.186	
0	79.2, F	0.411	61.228	
0	268.1, F	0.5	61.270	
0	77.0, F	0.616	61.311	
0	246.4, F	0.232	61.353	
0	265.7, F	0.106	61.395	
0	182.0, F	0.199	61.436	
0	164.5, F	0.228	61.478	
0	151.9, F	0.285	61.520	
0	150.4, F	0.474	61.561	
0	11.7, F	0.474	61.603	
0	167.0, F	0.633	61.645	
0	14.5, F	0.507	61.687	
0	163.4, F	0.678	61.728	
0	295.9, F	0.718	61.770	
0	63.5, F	0.47	61.812	
0	53.9, F	0.666	61.853	
0	208.5, F	0.651	61.895	
0	322.1, F	0.291	61.937	
0	134.1, F	1.167	61.979	
0	325.3, F	0.197	62.020	
0	325.5, F	0.186	62.062	
0	334.2, F	0.361	62.104	
0	319.3, F	0.161	62.145	
0	314.1, F	0.175	62.187	
0	188.2, F	0.766	62.229	
0	88.3, F	0.827	62.271	
0	262.4, F	0.114	62.312	
0	212.5, F	0.16	62.354	
0	190.7, F	0.215	62.396	
0	None	0	62.437	0.04200000000000159
0	357.2, F	0.933	62.479	
0	204.5, F	0.268	62.521	
0	196.1, F	0.314	62.562	
0	179.5, F	0.253	62.604	
0	157.1, F	0.259	62.646	
0	14.5, F	0.753	62.688	
0	150.8, F	0.285	62.729	
0	152.0, F	0.271	62.771	
0	168.0, F	0.27	62.813	
0	1.7, F	0.775	62.854	
0	188.7, F	0.158	62.896	
0	189.0, F	0.178	62.938	
0	204.4, F	0.169	62.980	
0	224.3, F	0.292	63.021	
0	351.4, F	0.659	63.063	
0	177.0, F	0.481	63.105	
0	164.7, F	0.254	63.146	
0	8.5, F	0.472	63.188	
0	164.0, F	0.708	63.230	
0	40.8, F	0.418	63.272	
0	292.9, F	0.543	63.313	
0	136.5, F	1.154	63.355	
0	None	0	63.397	0.04100000000000392
0	127.2, F	0.104	63.438	
0	115.7, F	0.242	63.480	
0	96.1, F	0.592	63.522	
0	254.8, F	0.317	63.563	
0	95.8, F	0.785	63.605	
0	352.7, F	0.894	63.647	
0	157.8, F	0.164	63.689	
0	123.3, F	0.184	63.730	
0	129.1, F	0.276	63.772	
0	254.5, F	0.695	63.814	
0	120.4, F	0.417	63.855	
0	121.7, F	0.49	63.897	
0	323.7, F	0.925	63.939	
0	119.3, F	0.535	63.981	
0	235.9, F	0.637	64.022	
0	35.2, F	0.739	64.064	
0	135.5, F	0.6	64.106	
0	235.2, F	0.708	64.147	
0	27.1, F	0.728	64.189	
0	240.4, F	0.69	64.231	
0	32.5, F	0.787	64.273	
0	130.4, F	0.5	64.314	
0	243.5, F	0.678	64.356	
0	115.2, F	0.368	64.398	
0	323.2, F	1.15	64.439	
0	83.3, F	0.284	64.481	
0	66.4, F	0.275	64.523	
0	36.9, F	0.471	64.564	
0	245.5, F	0.778	64.606	
0	12.8, F	0.822	64.648	
0	51.6, F	0.167	64.690	
0	30.2, F	0.243	64.731	
0	167.2, F	0.397	64.773	
0	312.5, F	1.186	64.815	
0	28.7, F	0.776	64.856	
0	114.3, F	0.27	64.898	
0	60.9, F	0.362	64.940	
0	296.7, F	0.875	64.982	
0	6.7, F	1.336	65.023	
0	5.4, F	0.899	65.065	
0	20.1, F	0.171	65.107	
0	173.1, F	0.374	65.148	
0	5.4, F	1.276	65.190	
0	11.2, F	0.763	65.232	
0	46.2, F	0.101	65.274	
0	285.3, F	1.123	65.315	
0	106.3, F	0.655	65.357	
0	334.3, F	1.042	65.399	
0	281.6, F	0.72	65.440	
0	49.5, F	0.391	65.482	
0	199.9, F	0.409	65.524	
0	309.0, F	0.619	65.566	
0	229.8, F	0.724	65.607	
0	359.7, F	0.424	65.649	
0	225.0, F	0.321	65.691	
0	338.7, F	1.039	65.732	
0	204.2, F	0.293	65.774	
0	276.6, F	0.313	65.816	
0	281.4, F	0.843	65.857	
0	318.6, F	0.405	65.899	
0	218.7, F	0.923	65.941	
0	319.3, F	0.233	65.983	
0	304.2, F	0.784	66.024	
0	246.5, F	1.03	66.066	
0	314.3, F	0.796	66.108	
0	163.3, F	0.442	66.149	
0	312.5, F	0.877	66.191	
0	166.6, F	0.305	66.233	
0	250.9, F	1.037	66.275	
0	313.0, F	0.865	66.316	
0	179.9, F	0.473	66.358	
0	307.7, F	0.474	66.400	
0	238.7, F	1.061	66.441	
0	290.6, F	0.373	66.483	
0	None	0	66.525	0.04099999999999682
0	254.9, F	0.226	66.566	
0	232.0, F	0.731	66.608	
0	177.1, F	0.716	66.650	
0	271.7, F	1.319	66.692	
0	118.8, F	0.404	66.733	
0	238.9, F	1.205	66.775	
0	302.5, F	0.222	66.817	
0	152.8, F	0.816	66.858	
0	219.3, F	1.394	66.900	
0	187.7, F	0.575	66.942	
0	299.9, F	0.349	66.984	
0	182.2, F	0.744	67.025	
0	241.1, F	0.184	67.067	
0	213.1, F	0.533	67.109	
0	211.0, F	0.986	67.150	
0	111.9, F	0.415	67.192	
0	246.8, F	0.775	67.234	
0	164.0, F	0.526	67.276	
0	330.9, F	0.259	67.317	
0	246.1, F	0.161	67.359	
0	233.0, F	0.296	67.401	
0	231.5, F	0.374	67.442	
0	137.7, F	0.515	67.484	
0	306.1, F	1.016	67.526	
0	181.6, F	0.544	67.567	
0	2.7, F	0.405	67.609	
0	188.4, F	0.728	67.651	
0	296.9, F	0.287	67.693	
0	311.7, F	0.311	67.734	
0	73.8, F	0.666	67.776	
0	201.2, F	0.775	67.818	
0	297.6, F	0.537	67.859	
0	67.1, F	0.355	67.901	
0	274.4, F	0.687	67.943	
0	93.4, F	0.235	67.985	
0	119.9, F	0.212	68.026	
0	132.3, F	0.193	68.068	
0	None	0	68.110	0.04099999999999682
0	257.8, F	0.828	68.151	
0	156.3, F	0.304	68.193	
0	178.4, F	0.32	68.235	
0	0.8, F	0.478	68.277	
0	177.5, F	0.552	68.318	
0	0.9, F	0.249	68.360	
0	19.7, F	0.154	68.402	
0	173.2, F	0.911	68.443	
0	95.9, F	0.136	68.485	
0	96.9, F	0.142	68.527	
0	111.6, F	0.125	68.569	
0	112.5, F	0.183	68.610	
0	256.4, F	0.792	68.652	
0	13.6, F	0.792	68.694	
0	135.2, F	0.261	68.735	
0	141.9, F	0.271	68.777	
0	155.7, F	0.389	68.819	
0	304.8, F	1.012	68.860	
0	154.9, F	0.368	68.902	
0	152.3, F	0.377	68.944	
0	12.5, F	0.707	68.986	
0	149.0, F	0.584	69.027	
0	49.4, F	0.448	69.069	
0	223.2, F	0.96	69.111	
0	59.0, F	0.392	69.152	
0	282.3, F	0.674	69.194	
0	64.9, F	0.32	69.236	
0	162.2, F	0.987	69.278	
0	56.5, F	0.27	69.319	
0	267.3, F	0.704	69.361	
0	88.4, F	0.28	69.403	
0	83.7, F	0.219	69.444	
0	77.3, F	0.181	69.486	
0	258.0, F	0.882	69.528	
0	140.5, F	0.228	69.569	
0	12.2, F	0.755	69.611	
0	145.1, F	0.311	69.653	
0	139.4, F	0.25	69.695	
0	165.9, F	0.516	69.736	
0	302.1, F	0.926	69.778	
0	154.4, F	0.663	69.820	
0	44.3, F	0.429	69.861	
0	56.9, F	0.346	69.903	
0	216.8, F	1.055	69.945	
0	73.9, F	0.428	69.987	
0	82.0, F	0.496	70.028	
0	293.4, F	0.529	70.070	
0	79.1, F	0.529	70.112	
0	284.9, F	0.409	70.153	
0	246.1, F	0.257	70.195	
0	100.2, F	0.833	70.237	
0	218.4, F	0.288	70.279	
0	216.3, F	0.248	70.320	
0	208.7, F	0.35	70.362	
0	346.7, F	0.751	70.404	
0	108.2, F	0.912	70.445	
0	193.1, F	0.305	70.487	
0	192.4, F	0.382	70.529	
0	358.2, F	0.684	70.570	
0	193.1, F	0.264	70.612	
0	205.0, F	0.199	70.654	
0	352.0, F	0.715	70.696	
0	188.0, F	0.336	70.737	
0	194.9, F	0.311	70.779	
0	193.8, F	0.327	70.821	
0	349.5, F	0.462	70.862	
0	195.7, F	0.508	70.904	
0	61.6, F	0.913	70.946	
0	193.5, F	0.478	70.988	
0	337.4, F	0.424	71.029	
0	192.5, F	0.635	71.071	
0	342.1, F	0.365	71.113	
0	342.3, F	0.387	71.154	
0	182.9, F	0.779	71.196	
0	0.7, F	0.26	71.238	
0	358.9, F	0.311	71.280	
0	358.4, F	0.218	71.321	
0	180.1, F	0.806	71.363	
0	340.6, F	0.196	71.405	
0	327.4, F	0.214	71.446	
0	77.7, F	0.89	71.488	
0	326.6, F	0.285	71.530	
0	190.6, F	0.611	71.572	
0	353.9, F	0.355	71.613	
0	17.0, F	0.541	71.655	
0	153.8, F	0.377	71.697	
0	157.9, F	0.362	71.738	
0	22.9, F	0.671	71.780	
0	286.3, F	0.501	71.822	
0	56.3, F	0.611	71.863	
0	7.1, F	0.718	71.905	
0	323.2, F	0.234	71.947	
0	0.5, F	0.73	71.989	
0	69.7, F	0.306	72.030	
0	32.0, F	0.625	72.072	
0	109.2, F	0.389	72.114	
0	340.3, F	1.169	72.155	
0	109.7, F	0.837	72.197	
0	351.1, F	0.973	72.239	
0	None	0	72.281	
0	None	0	72.322	0.08299999999999841
0	75.2, F	0.317	72.364	
0	59.7, F	0.469	72.406	
0	220.7, F	0.887	72.447	
0	51.2, F	0.563	72.489	
0	286.0, F	0.53	72.531	
0	70.2, F	0.423	72.572	
0	149.5, F	0.919	72.614	
0	288.2, F	0.447	72.656	
0	83.4, F	0.53	72.698	
0	266.0, F	0.441	72.739	
0	242.8, F	0.341	72.781	
0	112.4, F	0.812	72.823	
0	None	0	72.864	0.04200000000000159
0	174.7, F	1.197	72.906	
0	19.3, F	0.619	72.948	
0	148.2, F	0.626	72.990	
0	244.7, F	0.376	73.031	
0	118.2, F	0.81	73.073	
0	186.6, F	0.848	73.115	
0	None	0	73.156	0.04199999999998738
0	127.3, F	0.368	73.198	
0	138.0, F	0.782	73.240	
0	312.1, F	0.539	73.282	
0	134.8, F	0.824	73.323	
0	291.6, F	0.417	73.365	
0	288.1, F	0.303	73.407	
0	77.7, F	0.576	73.448	
0	288.7, F	0.386	73.490	
0	154.9, F	0.985	73.532	
0	277.7, F	0.564	73.573	
0	46.8, F	0.329	73.615	
0	296.3, F	0.816	73.657	
0	18.2, F	0.552	73.699	
0	176.0, F	0.34	73.740	
0	348.4, F	0.868	73.782	
0	257.1, F	0.306	73.824	
0	291.0, F	0.669	73.865	
0	341.4, F	0.451	73.907	
0	225.0, F	0.44	73.949	
0	123.5, F	0.39	73.991	
0	310.9, F	1.428	74.032	
0	271.1, F	0.215	74.074	
0	291.6, F	0.405	74.116	
0	72.9, F	0.531	74.157	
0	220.0, F	1.246	74.199	
0	None	0	74.241	0.04200000000000159
0	268.4, F	0.106	74.283	
0	212.7, F	0.27	74.324	
0	342.9, F	0.654	74.366	
0	117.3, F	0.849	74.408	
0	194.0, F	0.502	74.449	
0	323.6, F	0.347	74.491	
0	150.6, F	0.155	74.533	
0	146.0, F	0.279	74.575	
0	150.4, F	0.531	74.616	
0	157.3, F	0.698	74.658	
0	315.0, F	0.14	74.700	
0	100.0, F	1.052	74.741	
0	243.3, F	0.559	74.783	
0	124.0, F	0.975	74.825	
0	91.2, F	0.488	74.866	
0	104.5, F	0.737	74.908	
0	171.8, F	0.419	74.950	
0	166.7, F	0.623	74.992	
0	38.4, F	0.495	75.033	
0	343.0, F	0.739	75.075	
0	114.5, F	0.877	75.117	
0	206.6, F	0.47	75.158	
0	33.6, F	0.895	75.200	
0	99.6, F	0.747	75.242	
0	218.9, F	0.161	75.284	
0	111.4, F	0.356	75.325	
0	88.7, F	0.703	75.367	
0	328.5, F	0.14	75.409	
0	124.4, F	0.239	75.450	
0	104.8, F	0.318	75.492	
0	182.3, F	0.349	75.534	
0	348.1, F	0.572	75.575	
0	104.2, F	1.116	75.617	
0	16.4, F	0.796	75.659	
0	240.2, F	0.34	75.701	
0	94.2, F	0.717	75.742	
0	286.9, F	0.168	75.784	
0	345.2, F	0.192	75.826	
0	26.6, F	0.318	75.867	
0	162.9, F	0.564	75.909	
0	26.9, F	0.543	75.951	
0	37.9, F	0.682	75.993	
0	244.1, F	0.419	76.034	
0	268.5, F	0.374	76.076	
0	98.0, F	0.552	76.118	
0	272.8, F	0.407	76.159	
0	94.6, F	0.35	76.201	
0	273.2, F	0.79	76.243	
0	None	0	76.285	0.04099999999999682
0	292.6, F	0.26	76.326	
0	296.6, F	0.815	76.368	
0	8.9, F	0.382	76.410	
0	180.5, F	0.418	76.451	
0	353.7, F	0.563	76.493	
0	231.6, F	0.204	76.535	
0	274.6, F	0.227	76.576	
0	75.1, F	0.527	76.618	
0	298.5, F	0.459	76.660	
0	315.3, F	0.932	76.702	
0	155.4, F	0.243	76.743	
0	4.3, F	0.897	76.785	
0	161.4, F	0.103	76.827	
0	250.7, F	0.16	76.868	
0	250.8, F	0.137	76.910	
0	255.7, F	0.17	76.952	
0	257.6, F	0.186	76.994	
0	113.8, F	0.608	77.035	
0	229.7, F	0.416	77.077	
0	238.3, F	0.455	77.119	
0	34.7, F	0.432	77.160	
0	249.6, F	0.553	77.202	
0	33.3, F	0.745	77.244	
0	127.8, F	0.323	77.286	
0	260.8, F	0.64	77.327	
0	120.7, F	0.27	77.369	
0	171.1, F	0.181	77.411	
0	3.0, F	0.628	77.452	
0	182.3, F	0.293	77.494	
0	179.1, F	0.268	77.536	
0	171.6, F	0.294	77.578	
0	8.7, F	0.622	77.619	
0	163.3, F	0.313	77.661	
0	251.9, F	0.752	77.703	
0	23.5, F	0.661	77.744	
0	145.5, F	0.478	77.786	
0	156.0, F	0.45	77.828	
0	303.6, F	0.939	77.869	
0	150.9, F	0.42	77.911	
0	27.0, F	0.561	77.953	
0	165.2, F	0.513	77.995	
0	20.4, F	0.453	78.036	
0	235.9, F	0.917	78.078	
0	27.4, F	0.504	78.120	
0	155.7, F	0.504	78.161	
0	19.8, F	0.564	78.203	
0	150.7, F	0.478	78.245	
0	307.6, F	0.874	78.287	
0	143.6, F	0.506	78.328	
0	23.7, F	0.737	78.370	
0	238.0, F	0.628	78.412	
0	124.3, F	0.509	78.453	
0	124.9, F	0.537	78.495	
0	328.0, F	0.917	78.537	
0	105.9, F	0.536	78.578	
0	250.9, F	0.422	78.620	
0	245.4, F	0.428	78.662	
0	110.7, F	0.667	78.704	
0	330.1, F	0.65	78.745	
0	130.4, F	0.71	78.787	
0	320.6, F	0.642	78.829	
0	212.8, F	0.589	78.870	
0	56.2, F	0.765	78.912	
0	213.1, F	0.436	78.954	
0	343.3, F	0.687	78.996	
0	109.3, F	0.77	79.037	
0	250.2, F	0.358	79.079	
0	257.7, F	0.404	79.121	
0	87.2, F	0.428	79.162	
0	289.2, F	0.81	79.204	
0	343.0, F	0.311	79.246	
0	297.6, F	0.58	79.288	
0	42.1, F	0.438	79.329	
0	256.6, F	1.366	79.371	
0	140.0, F	0.356	79.413	
0	299.8, F	1.36	79.454	
0	122.9, F	0.466	79.496	
0	265.3, F	1.22	79.538	
0	F	0.437	79.579	
0	86.9, F	0.298	79.621	
0	272.8, F	0.75	79.663	
0	277.8, F	0.39	79.705	
0	89.3, F	0.317	79.746	
0	274.2, F	0.733	79.788	
0	117.1, F	0.147	79.830	
0	225.4, F	0.222	79.871	
0	341.7, F	0.87	79.913	
0	264.0, F	0.192	79.955	
0	93.1, F	0.714	79.997	
0	272.0, F	0.366	80.038	
0	296.5, F	0.247	80.080	
0	254.2, F	0.284	80.122	
0	135.3, F	0.595	80.163	
0	231.6, F	1.121	80.205	
0	99.0, F	0.16	80.247	
0	135.0, F	0.311	80.289	
0	151.8, F	0.339	80.330	
0	188.3, F	0.673	80.372	
0	337.8, F	0.259	80.414	
0	None	0	80.455	
0	None	0	80.497	0.08400000000000318
0	212.1, F	0.384	80.539	
0	199.7, F	0.465	80.581	
0	300.8, F	0.369	80.622	
0	147.6, F	1.154	80.664	
0	232.1, F	0.706	80.706	
0	306.9, F	0.644	80.747	
0	147.2, F	0.749	80.789	
0	44.3, F	0.417	80.831	
0	284.8, F	0.85	80.872	
0	11.8, F	0.23	80.914	
0	183.9, F	0.862	80.956	
0	302.9, F	0.121	80.998	
0	283.2, F	0.468	81.039	
0	80.6, F	0.403	81.081	
0	281.7, F	0.656	81.123	
0	57.6, F	0.282	81.164	
0	346.8, F	0.388	81.206	
0	193.0, F	0.534	81.248	
0	347.5, F	0.816	81.290	
0	277.4, F	0.265	81.331	
0	316.1, F	0.634	81.373	
0	110.6, F	0.353	81.415	
0	325.4, F	1.237	81.456	
0	40.4, F	0.41	81.498	
0	11.1, F	0.135	81.540	
0	7.7, F	0.293	81.581	
0	8.0, F	0.596	81.623	
0	243.4, F	0.188	81.665	
0	337.8, F	0.354	81.707	
0	346.0, F	0.767	81.748	
0	267.1, F	0.218	81.790	
0	311.1, F	0.176	81.832	
0	50.1, F	1.113	81.873	
0	207.9, F	0.158	81.915	
0	356.7, F	0.9	81.957	
0	324.0, F	0.177	81.999	
0	332.2, F	0.375	82.040	
0	213.8, F	0.338	82.082	
0	343.8, F	0.646	82.124	
0	220.8, F	0.338	82.165	
0	106.7, F	0.755	82.207	
0	242.0, F	0.384	82.249	
0	333.6, F	0.758	82.291	
0	114.6, F	0.619	82.332	
0	240.3, F	0.418	82.374	
0	226.3, F	0.372	82.416	
0	52.0, F	0.923	82.457	
0	197.3, F	0.427	82.499	
0	183.0, F	0.593	82.541	
0	1.8, F	0.251	82.582	
0	17.1, F	0.258	82.624	
0	None	0	82.666	0.04200000000000159
0	169.4, F	1.244	82.708	
0	33.0, F	0.678	82.749	
0	220.3, F	0.694	82.791	
0	78.7, F	0.647	82.833	
0	209.2, F	0.268	82.874	
0	181.4, F	0.415	82.916	
0	187.1, F	0.649	82.958	
0	345.1, F	0.218	83.000	
0	96.9, F	0.953	83.041	
0	181.8, F	0.284	83.083	
0	190.9, F	0.559	83.125	
0	350.2, F	0.318	83.166	
0	183.3, F	0.719	83.208	
0	None	0	83.250	
0	None	0	83.292	0.08299999999999841
0	183.4, F	0.238	83.333	
0	178.5, F	0.447	83.375	
0	354.6, F	0.392	83.417	
0	181.3, F	0.607	83.458	
0	3.7, F	0.327	83.500	
0	8.2, F	0.272	83.542	
0	177.5, F	0.74	83.584	
0	2.5, F	0.229	83.625	
0	1.2, F	0.23	83.667	
0	F	0.238	83.709	
0	181.8, F	0.759	83.750	
0	347.3, F	0.227	83.792	
0	355.9, F	0.183	83.834	
0	353.8, F	0.221	83.875	
0	337.8, F	0.219	83.917	
0	185.1, F	0.794	83.959	
0	340.2, F	0.251	84.001	
0	354.2, F	0.188	84.042	
0	355.4, F	0.174	84.084	
0	358.1, F	0.178	84.126	
0	179.3, F	0.789	84.167	
0	3.3, F	0.227	84.209	
0	6.3, F	0.22	84.251	
0	10.5, F	0.23	84.293	
0	175.4, F	0.769	84.334	
0	17.9, F	0.244	84.376	
0	18.0, F	0.308	84.418	
0	25.2, F	0.284	84.459	
0	170.1, F	0.736	84.501	
0	287.6, F	0.79	84.543	
0	44.3, F	0.371	84.584	
0	47.0, F	0.456	84.626	
0	155.0, F	0.744	84.668	
0	308.4, F	0.58	84.710	
0	64.6, F	0.727	84.751	
0	202.1, F	0.597	84.793	
0	335.3, F	0.462	84.835	
0	71.1, F	1.002	84.876	
0	174.4, F	0.638	84.918	
0	22.6, F	0.373	84.960	
0	232.2, F	1.061	85.002	
0	52.4, F	0.595	85.043	
0	45.5, F	0.896	85.085	
0	219.5, F	0.413	85.127	
0	225.0, F	0.438	85.168	
0	37.1, F	0.912	85.210	
0	233.6, F	0.63	85.252	
0	119.9, F	0.469	85.294	
0	322.8, F	1.021	85.335	
0	114.2, F	0.497	85.377	
0	238.3, F	0.464	85.419	
0	111.6, F	0.681	85.460	
0	332.3, F	0.772	85.502	
0	113.4, F	0.761	85.544	
0	219.8, F	0.331	85.585	
0	201.4, F	0.401	85.627	
0	347.0, F	0.499	85.669	
0	188.6, F	0.616	85.711	
0	348.0, F	0.283	85.752	
0	355.4, F	0.251	85.794	
0	181.5, F	0.728	85.836	
0	17.2, F	0.2	85.877	
0	33.2, F	0.194	85.919	
0	48.5, F	0.207	85.961	
0	48.2, F	0.205	86.003	
0	170.1, F	0.852	86.044	
0	56.5, F	0.221	86.086	
0	61.9, F	0.223	86.128	
0	277.8, F	0.776	86.169	
0	54.7, F	0.251	86.211	
0	52.6, F	0.23	86.253	
0	69.8, F	0.206	86.295	
0	75.8, F	0.167	86.336	
0	91.4, F	0.366	86.378	
0	259.9, F	0.439	86.420	
0	104.4, F	0.649	86.461	
0	232.2, F	0.338	86.503	
0	213.9, F	0.434	86.545	
0	190.8, F	0.61	86.587	
0	69.5, F	0.988	86.628	
0	345.6, F	0.197	86.670	
0	176.6, F	1.421	86.712	
0	11.2, F	0.544	86.753	
0	230.5, F	1.166	86.795	
0	50.6, F	0.202	86.837	
0	76.4, F	0.45	86.878	
0	84.5, F	0.616	86.920	
0	269.7, F	0.215	86.962	
0	38.7, F	0.109	87.004	
0	81.8, F	0.413	87.045	
0	76.6, F	0.657	87.087	
0	317.5, F	0.21	87.129	
0	175.5, F	0.758	87.170	
0	43.8, F	0.856	87.212	
0	107.7, F	0.823	87.254	
0	3.7, F	0.768	87.296	
0	None	0	87.337	0.04200000000000159
0	42.5, F	0.89	87.379	
0	207.3, F	0.203	87.421	
0	113.9, F	0.106	87.462	
0	96.5, F	0.368	87.504	
0	35.1, F	1.28	87.546	
0	191.4, F	0.872	87.587	
0	338.6, F	0.173	87.629	
0	27.8, F	0.184	87.671	
0	56.2, F	0.314	87.713	
0	55.4, F	0.456	87.754	
0	60.8, F	0.617	87.796	
0	196.2, F	0.849	87.838	
0	326.2, F	0.102	87.879	
0	None	0	87.921	0.04199999999998738
0	129.5, F	0.294	87.963	
0	137.1, F	0.322	88.005	
0	32.5, F	0.484	88.046	
0	150.7, F	0.767	88.088	
0	290.0, F	0.538	88.130	
0	79.4, F	0.515	88.171	
0	201.1, F	1.149	88.213	
0	46.8, F	0.898	88.255	
0	222.7, F	0.447	88.297	
0	213.2, F	0.503	88.338	
0	66.9, F	0.615	88.380	
0	212.3, F	0.821	88.422	
0	74.1, F	0.65	88.463	
0	286.3, F	0.421	88.505	
0	274.1, F	0.365	88.547	
0	93.2, F	0.641	88.588	
0	271.7, F	0.308	88.630	
0	270.0, F	0.249	88.672	
0	89.4, F	0.78	88.714	
0	272.3, F	0.2	88.755	
0	268.7, F	0.172	88.797	
0	270.3, F	0.185	88.839	
0	278.5, F	0.195	88.880	
0	86.6, F	0.738	88.922	
0	277.3, F	0.261	88.964	
0	276.3, F	0.244	89.006	
0	285.9, F	0.244	89.047	
0	84.8, F	0.735	89.089	
0	282.2, F	0.232	89.131	
0	283.3, F	0.231	89.172	
0	198.3, F	0.912	89.214	
0	78.2, F	0.663	89.256	
0	291.0, F	0.391	89.298	
0	289.4, F	0.467	89.339	
0	83.1, F	0.36	89.381	
0	275.8, F	0.621	89.423	
0	77.6, F	0.297	89.464	
0	81.1, F	0.266	89.506	
0	272.8, F	0.711	89.548	
0	87.5, F	0.208	89.590	
0	84.7, F	0.183	89.631	
0	92.3, F	0.176	89.673	
0	None	0	89.715	
0	None	0	89.756	0.08299999999999841
0	229.0, F	0.174	89.798	
0	225.7, F	0.271	89.840	
0	215.0, F	0.327	89.881	
0	212.9, F	0.375	89.923	
0	332.4, F	0.686	89.965	
0	125.7, F	0.783	90.007	
0	217.2, F	0.417	90.048	
0	320.4, F	0.597	90.090	
0	139.0, F	0.831	90.132	
0	300.9, F	0.457	90.173	
0	274.9, F	0.319	90.215	
0	103.2, F	0.626	90.257	
0	250.6, F	0.406	90.299	
0	109.2, F	0.674	90.340	
0	219.7, F	0.51	90.382	
0	327.2, F	0.548	90.424	
0	204.4, F	0.726	90.465	
0	71.0, F	0.745	90.507	
0	314.3, F	0.288	90.549	
0	196.0, F	0.811	90.590	
0	74.6, F	0.805	90.632	
0	311.6, F	0.332	90.674	
0	291.9, F	0.161	90.716	
0	298.2, F	0.125	90.757	
0	None	0	90.799	0.04199999999998738
0	302.1, F	0.092	90.841	
0	184.7, F	1.009	90.882	
0	249.5, F	0.114	90.924	
0	93.0, F	0.849	90.966	
0	350.7, F	0.918	91.008	
0	222.9, F	0.289	91.049	
0	225.0, F	0.284	91.091	
0	231.7, F	0.323	91.133	
0	110.3, F	0.665	91.174	
0	230.3, F	0.388	91.216	
0	339.7, F	0.794	91.258	
0	228.9, F	0.371	91.300	
0	111.9, F	0.757	91.341	
0	341.4, F	0.691	91.383	
0	207.9, F	0.337	91.425	
0	201.5, F	0.321	91.466	
0	111.7, F	0.967	91.508	
0	355.8, F	0.504	91.550	
0	178.4, F	0.585	91.591	
0	2.8, F	0.267	91.633	
0	17.2, F	0.257	91.675	
0	167.3, F	0.755	91.717	
0	283.4, F	0.689	91.758	
0	58.2, F	0.346	91.800	
0	61.7, F	0.363	91.842	
0	279.9, F	0.63	91.883	
0	156.9, F	0.935	91.925	
0	67.0, F	0.432	91.967	
0	284.2, F	0.585	92.009	
0	62.0, F	0.481	92.050	
0	301.0, F	0.668	92.092	
0	146.2, F	0.82	92.134	
0	58.6, F	0.516	92.175	
0	310.6, F	0.726	92.217	
0	142.0, F	0.613	92.259	
0	318.8, F	0.874	92.301	
0	125.0, F	0.48	92.342	
0	31.2, F	0.916	92.384	
0	259.0, F	0.486	92.426	
0	99.1, F	0.46	92.467	
0	268.1, F	0.512	92.509	
0	81.1, F	0.489	92.551	
0	280.0, F	0.499	92.593	
0	76.6, F	0.518	92.634	
0	286.0, F	0.454	92.676	
0	69.6, F	0.556	92.718	
0	215.8, F	0.79	92.759	
0	303.6, F	0.539	92.801	
0	67.8, F	0.624	92.843	
0	205.8, F	0.963	92.884	
0	72.3, F	0.614	92.926	
0	291.9, F	0.359	92.968	
0	73.4, F	0.672	93.010	
0	299.8, F	0.27	93.051	
0	303.8, F	0.262	93.093	
0	191.2, F	0.754	93.135	
0	329.2, F	0.346	93.176	
0	62.0, F	0.747	93.218	
0	312.7, F	0.457	93.260	
0	207.8, F	0.717	93.302	
0	57.1, F	0.728	93.343	
0	326.8, F	0.742	93.385	
0	225.8, F	0.479	93.427	
0	103.4, F	0.622	93.468	
0	278.5, F	0.264	93.510	
0	333.7, F	0.318	93.552	
0	70.2, F	0.896	93.593	
0	1.5, F	0.408	93.635	
0	170.6, F	0.461	93.677	
0	17.3, F	0.819	93.719	
0	260.3, F	0.728	93.760	
0	96.2, F	0.308	93.802	
0	95.7, F	0.351	93.844	
0	288.7, F	0.361	93.885	
0	75.0, F	0.757	93.927	
0	332.8, F	0.273	93.969	
0	2.8, F	0.539	94.011	
0	141.6, F	0.253	94.052	
0	110.9, F	0.331	94.094	
0	84.4, F	0.454	94.136	
0	297.8, F	0.403	94.177	
0	71.5, F	0.996	94.219	
0	7.2, F	0.448	94.261	
0	149.9, F	0.395	94.303	
0	328.8, F	0.904	94.344	
0	93.9, F	0.922	94.386	
0	None	0	94.428	0.04099999999999682
0	106.0, F	0.247	94.469	
0	101.4, F	0.47	94.511	
0	291.0, F	0.12	94.553	
0	None	0	94.594	0.04200000000000159
0	75.7, F	0.271	94.636	
0	77.8, F	0.533	94.678	
0	75.2, F	0.812	94.720	
0	342.7, F	0.249	94.761	
0	7.5, F	0.3	94.803	
0	167.6, F	0.761	94.845	
0	65.7, F	0.499	94.886	
0	285.0, F	0.379	94.928	
0	84.5, F	0.724	94.970	
0	291.6, F	0.16	95.012	
0	None	0	95.053	0.04200000000000159
0	115.6, F	0.153	95.095	
0	108.6, F	0.279	95.137	
0	269.3, F	0.696	95.178	
0	97.6, F	0.57	95.220	
0	95.6, F	0.677	95.262	
0	264.1, F	0.282	95.304	
0	292.9, F	0.201	95.345	
0	None	0	95.387	
0	None	0	95.429	0.08299999999999841
0	74.1, F	0.968	95.470	
0	337.1, F	0.46	95.512	
0	204.6, F	0.468	95.554	
0	334.3, F	0.738	95.596	
0	251.3, F	0.421	95.637	
0	90.6, F	0.399	95.679	
0	294.3, F	1.065	95.721	
0	348.5, F	0.652	95.762	
0	238.7, F	0.333	95.804	
0	95.1, F	0.495	95.846	
0	289.1, F	1.12	95.887	
0	312.0, F	0.357	95.929	
0	306.6, F	0.572	95.971	
0	109.5, F	0.297	96.013	
0	343.2, F	0.18	96.054	
0	325.4, F	0.273	96.096	
0	311.6, F	0.273	96.138	
0	297.7, F	0.374	96.179	
0	300.1, F	0.684	96.221	
0	149.6, F	0.616	96.263	
0	16.3, F	0.325	96.305	
0	175.6, F	0.532	96.346	
0	337.0, F	0.312	96.388	
0	330.6, F	0.328	96.430	
0	203.3, F	0.84	96.471	
0	286.7, F	0.41	96.513	
0	130.2, F	0.268	96.555	
0	253.8, F	0.826	96.596	
0	162.0, F	0.422	96.638	
0	3.1, F	0.241	96.680	
0	255.8, F	0.11	96.722	
