0	134.6, F	0.99	0.042	
0	90.5, F	0.893	0.083	
0	131.2, F	0.453	0.125	
0	201.9, F	0.791	0.167	
0	99.1, F	0.926	0.209	
0	159.7, F	0.529	0.250	
0	95.0, F	0.324	0.292	
0	227.5, F	0.465	0.334	
0	132.3, F	1.851	0.375	
0	236.0, F	0.308	0.417	
0	183.6, F	0.491	0.459	
0	99.4, F	0.764	0.500	
0	182.0, F	0.997	0.542	
0	155.9, F	0.532	0.584	
0	182.9, F	1.007	0.626	
0	247.4, F	0.975	0.667	
0	74.1, F	0.475	0.709	
0	92.4, F	1.045	0.751	
0	144.4, F	0.482	0.792	
0	175.8, F	1.222	0.834	
0	211.2, F	1.562	0.876	
0	85.6, F	0.991	0.918	
0	41.6, F	0.894	0.959	
0	179.3, F	1.214	1.001	
0	157.8, F	1.278	1.043	
0	118.6, F	0.684	1.084	
0	32.4, F	1.054	1.126	
0	208.9, F	0.303	1.168	
0	185.2, F	1.16	1.210	
0	185.9, F	0.8	1.251	
0	133.6, F	0.203	1.293	
0	93.3, F	0.701	1.335	
0	189.4, F	0.635	1.376	
0	74.0, F	1.237	1.418	
0	112.4, F	0.901	1.460	
0	9.7, F	0.637	1.502	
0	103.8, F	0.957	1.543	
0	181.0, F	0.441	1.585	
0	8.8, F	0.623	1.627	
0	81.1, F	0.9	1.668	
0	65.5, F	0.77	1.710	
0	None	0	1.752	0.040999999999999925
0	97.7, F	0.627	1.793	
0	172.3, F	0.097	1.835	
0	63.3, F	1.127	1.877	
0	30.3, F	0.674	1.919	
0	98.1, F	0.728	1.960	
0	None	0	2.002	0.04200000000000026
0	34.0, F	1.283	2.044	
0	133.3, F	1.348	2.085	
0	81.4, F	0.207	2.127	
0	286.0, F	0.403	2.169	
0	87.3, F	1.047	2.211	
0	92.8, F	0.308	2.252	
0	105.1, F	0.501	2.294	
0	220.6, F	0.258	2.336	
0	23.1, F	0.548	2.377	
0	162.5, F	0.806	2.419	
0	84.5, F	0.438	2.461	
0	278.3, F	0.306	2.502	
0	128.4, F	0.885	2.544	
0	181.9, F	0.826	2.586	
0	130.4, F	0.14	2.628	
0	135.4, F	0.443	2.669	
0	148.8, F	1.049	2.711	
0	209.8, F	0.254	2.753	
0	340.1, F	0.23	2.794	
0	165.8, F	1.055	2.836	
0	117.4, F	0.831	2.878	
0	350.6, F	0.27	2.920	
0	98.6, F	0.234	2.961	
0	104.7, F	0.561	3.003	
0	187.7, F	0.754	3.045	
0	130.0, F	1.577	3.086	
0	265.9, F	0.365	3.128	
0	97.0, F	1.088	3.170	
0	48.4, F	1.148	3.212	
0	115.5, F	0.717	3.253	
0	176.1, F	0.327	3.295	
0	115.8, F	0.634	3.337	
0	63.0, F	1.334	3.378	
0	247.7, F	0.488	3.420	
0	113.4, F	0.562	3.462	
0	346.7, F	0.666	3.503	
0	144.6, F	0.389	3.545	
0	145.8, F	0.375	3.587	
0	24.3, F	0.67	3.629	
0	135.3, F	0.441	3.670	
0	249.4, F	0.653	3.712	
0	122.6, F	0.416	3.754	
0	27.7, F	0.89	3.795	
0	249.9, F	0.554	3.837	
0	96.3, F	0.576	3.879	
0	264.3, F	0.385	3.921	
0	101.7, F	0.497	3.962	
0	258.6, F	0.384	4.004	
0	252.8, F	0.412	4.046	
0	37.6, F	0.968	4.087	
0	235.4, F	0.395	4.129	
0	109.7, F	0.802	4.171	
0	229.5, F	0.337	4.213	
0	216.0, F	0.313	4.254	
0	349.0, F	0.693	4.296	
0	194.2, F	0.421	4.338	
0	118.1, F	0.928	4.379	
0	329.2, F	0.575	4.421	
0	197.2, F	0.606	4.463	
0	335.5, F	0.403	4.505	
0	325.7, F	0.225	4.546	
0	187.7, F	0.877	4.588	
0	90.6, F	0.917	4.630	
0	None	0	4.671	0.041999999999999815
0	161.0, F	0.282	4.713	
0	14.7, F	0.626	4.755	
0	235.7, F	0.807	4.796	
0	151.8, F	0.648	4.838	
0	63.6, F	0.344	4.880	
0	67.3, F	0.335	4.922	
0	263.0, F	0.611	4.963	
0	117.8, F	0.399	5.005	
0	231.7, F	1.013	5.047	
0	64.0, F	0.185	5.088	
0	168.1, F	0.194	5.130	
0	179.4, F	0.459	5.172	
0	199.5, F	0.998	5.214	
0	243.7, F	0.531	5.255	
0	170.6, F	0.92	5.297	
0	183.8, F	0.181	5.339	
0	203.6, F	1.164	5.380	
0	242.5, F	0.738	5.422	
0	11.7, F	0.157	5.464	
0	213.2, F	0.29	5.505	
0	213.5, F	1.258	5.547	
0	184.5, F	0.305	5.589	
0	193.1, F	0.85	5.631	
0	233.5, F	0.438	5.672	
0	214.9, F	0.897	5.714	
0	111.8, F	0.266	5.756	
0	244.7, F	0.829	5.797	
0	46.4, F	0.21	5.839	
0	173.5, F	1.591	5.881	
0	75.3, F	0.336	5.923	
0	105.9, F	0.47	5.964	
0	225.4, F	0.575	6.006	
0	142.6, F	1.627	6.048	
0	34.3, F	0.367	6.089	
0	206.2, F	1.099	6.131	
0	110.4, F	0.746	6.173	
0	181.3, F	0.313	6.215	
0	169.8, F	0.71	6.256	
0	83.5, F	0.342	6.298	
0	103.6, F	0.603	6.340	
0	182.9, F	0.694	6.381	
0	171.3, F	1.147	6.423	
0	22.6, F	0.463	6.465	
0	158.4, F	0.873	6.506	
0	246.4, F	0.377	6.548	
0	118.7, F	0.705	6.590	
0	208.8, F	0.758	6.632	
0	103.6, F	0.663	6.673	
0	203.9, F	0.966	6.715	
0	244.5, F	0.383	6.757	
0	140.7, F	0.836	6.798	
0	256.2, F	0.386	6.840	
0	200.3, F	0.86	6.882	
0	102.9, F	0.719	6.924	
0	204.9, F	0.83	6.965	
0	221.3, F	0.406	7.007	
0	147.3, F	1.324	7.049	
0	198.9, F	0.866	7.090	
0	205.6, F	0.622	7.132	
0	91.0, F	0.796	7.174	
0	190.3, F	1.077	7.216	
0	191.5, F	0.71	7.257	
0	188.6, F	0.981	7.299	
0	187.0, F	0.511	7.341	
0	186.7, F	0.629	7.382	
0	175.3, F	0.974	7.424	
0	166.5, F	0.51	7.466	
0	44.1, F	0.19	7.507	
0	157.5, F	1.07	7.549	
0	138.0, F	0.707	7.591	
0	197.5, F	0.995	7.633	
0	189.4, F	0.683	7.674	
0	122.0, F	1.42	7.716	
0	233.6, F	0.493	7.758	
0	134.7, F	1.155	7.799	
0	183.0, F	0.338	7.841	
0	171.0, F	1.317	7.883	
0	149.1, F	0.655	7.925	
0	285.1, F	0.44	7.966	
0	110.1, F	0.807	8.008	
0	203.2, F	0.996	8.050	
0	244.5, F	0.367	8.091	
0	141.1, F	0.695	8.133	
0	314.6, F	0.482	8.175	
0	155.6, F	0.97	8.217	
0	254.2, F	0.718	8.258	
0	17.1, F	0.566	8.300	
0	171.4, F	0.598	8.342	
0	None	0	8.383	0.04200000000000159
0	205.2, F	0.329	8.425	
0	213.3, F	0.525	8.467	
0	209.6, F	0.799	8.508	
0	117.7, F	0.47	8.550	
0	231.5, F	0.991	8.592	
0	68.6, F	0.104	8.634	
0	None	0	8.675	0.041999999999999815
0	193.4, F	0.76	8.717	
0	206.8, F	0.217	8.759	
0	204.7, F	0.611	8.800	
0	191.9, F	0.988	8.842	
0	133.8, F	1.044	8.884	
0	254.5, F	0.154	8.926	
0	211.1, F	0.628	8.967	
0	269.1, F	0.436	9.009	
0	162.0, F	0.867	9.051	
0	220.4, F	1.251	9.092	
0	159.5, F	0.351	9.134	
0	345.4, F	0.226	9.176	
0	194.7, F	1.593	9.218	
0	72.9, F	0.498	9.259	
0	271.4, F	0.489	9.301	
0	119.5, F	0.512	9.343	
0	222.5, F	1.114	9.384	
0	124.3, F	0.339	9.426	
0	167.7, F	0.541	9.468	
0	49.9, F	0.247	9.509	
0	235.7, F	0.97	9.551	
0	165.9, F	0.836	9.593	
0	134.1, F	0.549	9.635	
0	154.5, F	0.893	9.676	
0	201.0, F	0.978	9.718	
0	116.3, F	0.791	9.760	
0	199.9, F	0.756	9.801	
0	278.6, F	0.148	9.843	
0	179.6, F	1.024	9.885	
0	156.4, F	0.427	9.927	
0	157.7, F	0.744	9.968	
0	80.5, F	0.386	10.010	
0	223.9, F	4.343	10.052	
0	162.5, F	0.429	10.093	
0	30.0, F	0.326	10.135	
0	162.9, F	0.691	10.177	
0	109.9, F	0.376	10.219	
0	100.5, F	0.418	10.260	
0	258.2, F	0.58	10.302	
0	83.9, F	0.544	10.344	
0	288.7, F	0.233	10.385	
0	267.2, F	0.102	10.427	
0	26.1, F	0.511	10.469	
0	169.6, F	0.879	10.511	
0	25.9, F	0.899	10.552	
0	152.8, F	0.418	10.594	
0	232.1, F	1.17	10.636	
0	61.7, F	0.377	10.677	
0	98.9, F	0.869	10.719	
0	236.6, F	0.514	10.761	
0	67.0, F	0.528	10.802	
0	284.8, F	0.771	10.844	
0	101.4, F	0.304	10.886	
0	150.1, F	0.303	10.928	
0	249.2, F	0.968	10.969	
0	157.1, F	0.318	11.011	
0	58.2, F	0.248	11.053	
0	43.9, F	0.383	11.094	
0	189.1, F	2.09	11.136	
0	20.8, F	0.409	11.178	
0	72.3, F	0.185	11.220	
0	91.2, F	0.093	11.261	
0	171.4, F	0.343	11.303	
0	161.3, F	0.681	11.345	
0	231.0, F	0.994	11.386	
0	165.6, F	0.824	11.428	
0	69.9, F	0.16	11.470	
0	179.2, F	0.152	11.511	
0	169.9, F	0.652	11.553	
0	None	0	11.595	0.041999999999999815
0	200.0, F	0.179	11.637	
0	188.9, F	0.303	11.678	
0	185.1, F	0.816	11.720	
0	None	0	11.762	0.04100000000000037
0	206.0, F	0.336	11.803	
0	357.9, F	0.246	11.845	
0	181.3, F	1.307	11.887	
0	68.9, F	0.164	11.929	
0	160.3, F	0.321	11.970	
0	159.4, F	0.617	12.012	
0	143.1, F	0.3	12.054	
0	160.9, F	0.744	12.095	
0	217.8, F	1.201	12.137	
0	144.0, F	0.345	12.179	
0	95.8, F	0.296	12.221	
0	148.6, F	0.642	12.262	
0	213.9, F	1.112	12.304	
0	113.1, F	0.389	12.346	
0	205.9, F	1.023	12.387	
0	143.6, F	0.722	12.429	
0	294.1, F	0.329	12.471	
0	92.6, F	0.613	12.512	
0	208.5, F	0.417	12.554	
0	181.9, F	0.486	12.596	
0	18.8, F	0.329	12.638	
0	170.9, F	0.764	12.679	
0	105.9, F	0.298	12.721	
0	108.4, F	0.311	12.763	
0	129.7, F	0.335	12.804	
0	239.9, F	0.721	12.846	
0	67.1, F	0.466	12.888	
0	261.1, F	0.471	12.930	
0	82.9, F	0.486	12.971	
0	231.2, F	0.413	13.013	
0	111.2, F	0.661	13.055	
0	232.8, F	0.225	13.096	
0	None	0	13.138	0.041999999999999815
0	121.2, F	0.1	13.180	
0	93.5, F	0.197	13.222	
0	95.6, F	0.173	13.263	
0	None	0	13.305	0.041999999999999815
0	223.1, F	0.104	13.347	
0	332.0, F	0.341	13.388	
0	333.2, F	0.363	13.430	
0	324.0, F	0.308	13.472	
0	72.1, F	0.815	13.513	
0	213.2, F	0.711	13.555	
0	316.2, F	0.509	13.597	
0	312.8, F	0.495	13.639	
0	141.4, F	0.867	13.680	
0	317.2, F	0.727	13.722	
0	122.1, F	0.423	13.764	
0	312.8, F	0.931	13.805	
0	149.6, F	0.354	13.847	
0	178.4, F	0.14	13.889	
0	224.0, F	0.12	13.931	
0	237.9, F	0.107	13.972	
0	343.5, F	0.833	14.014	
0	249.9, F	0.511	14.056	
0	90.3, F	0.339	14.097	
0	270.9, F	0.738	14.139	
0	86.5, F	0.232	14.181	
0	170.7, F	0.154	14.223	
0	None	0	14.264	
0	None	0	14.306	0.0840000000000014
0	209.0, F	0.105	14.348	
0	213.7, F	0.148	14.389	
0	119.0, F	37.823	14.431	
0	61.2, F	1.513	14.473	
0	119.2, F	1.182	14.514	
0	121.2, F	1.999	14.556	
0	120.2, F	0.598	14.598	
0	25.7, F	0.323	14.640	
0	83.6, F	0.769	14.681	
0	148.1, F	1.538	14.723	
0	44.4, F	1.991	14.765	
0	177.0, F	1.496	14.806	
0	69.4, F	1.255	14.848	
0	136.4, F	1.361	14.890	
0	130.8, F	0.585	14.932	
0	105.6, F	0.429	14.973	
0	99.5, F	1.064	15.015	
0	62.0, F	1.933	15.057	
0	65.4, F	0.397	15.098	
0	126.1, F	1.259	15.140	
0	70.4, F	0.727	15.182	
0	178.9, F	3.14	15.224	
0	67.4, F	1.337	15.265	
0	195.9, F	1.104	15.307	
0	75.6, F	1.112	15.349	
0	65.8, F	1.157	15.390	
0	62.6, F	1.179	15.432	
0	80.4, F	1.015	15.474	
0	77.0, F	0.822	15.515	
0	75.5, F	1.341	15.557	
0	165.2, F	0.604	15.599	
0	334.1, F	3.669	15.641	
0	78.2, F	1.174	15.682	
0	1.6, F	0.397	15.724	
0	60.8, F	1.104	15.766	
0	126.0, F	0.472	15.807	
0	47.1, F	1.102	15.849	
0	107.4, F	0.234	15.891	
0	65.5, F	0.796	15.933	
0	25.9, F	0.165	15.974	
0	172.7, F	0.835	16.016	
0	103.3, F	0.399	16.058	
0	84.6, F	0.83	16.099	
0	126.9, F	0.236	16.141	
0	144.4, F	0.445	16.183	
0	355.8, F	0.366	16.225	
0	117.2, F	0.765	16.266	
0	118.5, F	0.134	16.308	
0	123.9, F	0.465	16.350	
0	138.2, F	0.826	16.391	
0	258.2, F	0.683	16.433	
0	167.5, F	0.832	16.475	
0	316.8, F	0.555	16.517	
0	145.6, F	1.53	16.558	
0	94.3, F	0.57	16.600	
0	218.6, F	0.534	16.642	
0	76.3, F	0.631	16.683	
0	137.6, F	0.387	16.725	
0	145.4, F	0.809	16.767	
0	235.2, F	0.621	16.808	
0	107.0, F	0.832	16.850	
0	187.9, F	0.782	16.892	
0	136.4, F	0.296	16.934	
0	126.6, F	0.463	16.975	
0	339.0, F	0.861	17.017	
0	112.4, F	1.182	17.059	
0	149.2, F	0.6	17.100	
0	316.8, F	0.734	17.142	
0	117.5, F	1.048	17.184	
0	49.9, F	0.492	17.226	
0	115.0, F	0.866	17.267	
0	346.3, F	0.532	17.309	
0	142.4, F	0.478	17.351	
0	50.2, F	1.029	17.392	
0	177.7, F	0.427	17.434	
0	155.1, F	0.478	17.476	
0	36.7, F	0.415	17.517	
0	194.2, F	0.488	17.559	
0	346.0, F	0.466	17.601	
0	120.7, F	1.211	17.643	
0	44.1, F	0.262	17.684	
0	311.3, F	0.619	17.726	
0	127.4, F	0.902	17.768	
0	320.0, F	0.375	17.809	
0	334.4, F	0.322	17.851	
0	125.5, F	1.246	17.893	
0	285.8, F	0.962	17.935	
0	33.4, F	0.211	17.976	
0	49.8, F	0.253	18.018	
0	61.6, F	0.235	18.060	
0	162.2, F	0.949	18.101	
0	69.5, F	0.459	18.143	
0	294.4, F	0.493	18.185	
0	80.4, F	0.428	18.227	
0	292.8, F	0.512	18.268	
0	74.9, F	0.434	18.310	
0	286.3, F	0.521	18.352	
0	154.7, F	0.943	18.393	
0	293.2, F	0.479	18.435	
0	75.5, F	0.569	18.477	
0	306.1, F	0.387	18.518	
0	67.6, F	0.781	18.560	
0	200.9, F	0.693	18.602	
0	331.4, F	0.447	18.644	
0	342.4, F	0.557	18.685	
0	194.4, F	0.294	18.727	
0	107.1, F	1.001	18.769	
0	357.6, F	0.643	18.810	
0	178.2, F	0.291	18.852	
0	145.3, F	0.221	18.894	
0	318.7, F	1.152	18.936	
0	117.1, F	0.263	18.977	
0	112.1, F	0.316	19.019	
0	102.0, F	0.448	19.061	
0	263.9, F	0.454	19.102	
0	98.4, F	0.569	19.144	
0	272.7, F	0.322	19.186	
0	288.2, F	0.096	19.228	
0	89.4, F	0.872	19.269	
0	None	0	19.311	0.04200000000000159
0	259.3, F	0.092	19.353	
0	345.8, F	0.146	19.394	
0	332.0, F	0.138	19.436	
0	338.8, F	0.182	19.478	
0	329.6, F	0.257	19.520	
0	192.1, F	0.619	19.561	
0	335.0, F	0.472	19.603	
0	57.9, F	0.895	19.645	
0	202.9, F	0.519	19.686	
0	303.9, F	0.615	19.728	
0	229.0, F	0.427	19.770	
0	38.5, F	0.293	19.811	
0	173.8, F	0.589	19.853	
0	22.0, F	0.853	19.895	
0	251.4, F	0.804	19.937	
0	139.0, F	0.121	19.978	
0	35.1, F	0.762	20.020	
0	331.7, F	0.135	20.062	
0	78.9, F	0.754	20.103	
0	299.9, F	0.448	20.145	
0	215.9, F	0.904	20.187	
0	17.1, F	0.484	20.229	
0	348.0, F	0.509	20.270	
0	200.6, F	0.549	20.312	
0	334.8, F	0.531	20.354	
0	223.3, F	0.545	20.395	
0	337.4, F	0.967	20.437	
0	75.1, F	0.59	20.479	
0	272.3, F	0.585	20.520	
0	46.6, F	0.467	20.562	
0	178.9, F	1.031	20.604	
0	276.3, F	1.017	20.646	
0	347.5, F	0.189	20.687	
0	77.0, F	0.808	20.729	
0	315.8, F	0.303	20.771	
0	314.0, F	0.377	20.812	
0	204.2, F	0.739	20.854	
0	58.2, F	0.717	20.896	
0	317.2, F	0.471	20.938	
0	206.3, F	0.695	20.979	
0	60.6, F	0.664	21.021	
0	301.1, F	0.67	21.063	
0	149.6, F	0.672	21.104	
0	306.9, F	0.683	21.146	
0	136.5, F	0.641	21.188	
0	329.6, F	0.675	21.230	
0	114.6, F	0.714	21.271	
0	342.4, F	0.739	21.313	
0	198.2, F	0.307	21.355	
0	177.7, F	0.248	21.396	
0	160.7, F	0.272	21.438	
0	15.5, F	0.735	21.480	
0	136.1, F	0.378	21.521	
0	120.9, F	0.54	21.563	
0	68.6, F	1.512	21.605	
0	77.7, F	0.202	21.647	
0	130.0, F	0.17	21.688	
0	21.1, F	0.732	21.730	
0	96.0, F	0.653	21.772	
0	171.3, F	0.896	21.813	
0	70.5, F	0.39	21.855	
0	313.4, F	0.465	21.897	
0	326.6, F	0.18	21.939	
0	67.4, F	0.925	21.980	
0	171.2, F	0.578	22.022	
0	25.1, F	0.318	22.064	
0	295.8, F	0.131	22.105	
0	48.4, F	0.132	22.147	
0	66.6, F	0.461	22.189	
0	61.6, F	0.892	22.231	
0	37.6, F	1.13	22.272	
0	224.6, F	1.001	22.314	
0	114.0, F	1.119	22.356	
0	162.5, F	0.658	22.397	
0	10.0, F	1.012	22.439	
0	130.7, F	0.357	22.481	
0	166.3, F	0.661	22.523	
0	81.6, F	0.63	22.564	
0	103.3, F	0.68	22.606	
0	123.4, F	0.211	22.648	
0	95.0, F	0.705	22.689	
0	77.0, F	0.898	22.731	
0	195.0, F	0.387	22.773	
0	104.0, F	0.493	22.814	
0	260.5, F	0.128	22.856	
0	104.1, F	0.428	22.898	
0	89.1, F	0.697	22.940	
0	None	0	22.981	0.04199999999999804
0	64.4, F	0.462	23.023	
0	140.7, F	0.572	23.065	
0	90.1, F	0.908	23.106	
0	72.5, F	0.187	23.148	
0	274.4, F	0.606	23.190	
0	57.5, F	1.325	23.232	
0	359.9, F	0.47	23.273	
0	147.4, F	0.627	23.315	
0	35.8, F	0.567	23.357	
0	228.1, F	0.159	23.398	
0	50.6, F	1.38	23.440	
0	123.0, F	0.204	23.482	
0	245.6, F	0.919	23.523	
0	82.8, F	0.852	23.565	
0	326.8, F	0.108	23.607	
0	46.3, F	0.122	23.649	
0	56.4, F	0.244	23.690	
0	64.4, F	0.707	23.732	
0	194.1, F	0.382	23.774	
0	75.1, F	0.796	23.815	
0	319.6, F	0.167	23.857	
0	None	0	23.899	0.04199999999999804
0	185.3, F	1.281	23.941	
0	16.1, F	0.954	23.982	
0	109.3, F	0.257	24.024	
0	244.2, F	0.81	24.066	
0	140.1, F	0.383	24.107	
0	139.4, F	0.386	24.149	
0	18.2, F	0.543	24.191	
0	236.8, F	0.981	24.233	
0	15.9, F	0.423	24.274	
0	168.7, F	0.62	24.316	
0	26.6, F	0.342	24.358	
0	49.3, F	0.225	24.399	
0	171.0, F	0.992	24.441	
0	269.5, F	0.81	24.483	
0	78.3, F	0.207	24.524	
0	108.9, F	0.173	24.566	
0	133.8, F	0.197	24.608	
0	8.2, F	0.893	24.650	
0	162.8, F	0.241	24.691	
0	180.5, F	0.444	24.733	
0	183.2, F	0.45	24.775	
0	338.4, F	0.426	24.816	
0	185.5, F	0.512	24.858	
0	325.3, F	0.397	24.900	
0	312.2, F	0.429	24.942	
0	210.2, F	0.724	24.983	
0	70.1, F	0.486	25.025	
0	290.9, F	0.647	25.067	
0	53.1, F	0.366	25.108	
0	163.4, F	0.796	25.150	
0	285.6, F	0.791	25.192	
0	30.8, F	0.219	25.234	
0	21.6, F	0.209	25.275	
0	176.6, F	0.799	25.317	
0	10.7, F	0.178	25.359	
0	348.1, F	0.126	25.400	
0	329.0, F	0.173	25.442	
0	308.5, F	0.132	25.484	
0	306.7, F	0.122	25.525	
0	303.6, F	0.132	25.567	
0	297.3, F	0.172	25.609	
0	299.8, F	0.143	25.651	
0	137.4, F	1.263	25.692	
0	300.3, F	0.224	25.734	
0	290.0, F	0.236	25.776	
0	286.3, F	0.217	25.817	
0	285.5, F	0.217	25.859	
0	87.2, F	0.786	25.901	
0	273.0, F	0.213	25.943	
0	271.5, F	0.223	25.984	
0	269.5, F	0.235	26.026	
0	264.7, F	0.271	26.068	
0	93.8, F	0.669	26.109	
0	261.3, F	0.31	26.151	
0	257.6, F	0.313	26.193	
0	103.9, F	0.631	26.235	
0	251.8, F	0.391	26.276	
0	257.0, F	0.404	26.318	
0	33.4, F	1.118	26.360	
0	255.0, F	0.42	26.401	
0	116.3, F	0.58	26.443	
0	248.1, F	0.481	26.485	
0	252.1, F	0.5	26.526	
0	127.9, F	0.541	26.568	
0	32.8, F	0.753	26.610	
0	247.9, F	0.638	26.652	
0	138.5, F	0.563	26.693	
0	297.3, F	0.799	26.735	
0	142.1, F	0.653	26.777	
0	20.9, F	0.521	26.818	
0	249.3, F	0.597	26.860	
0	16.2, F	0.481	26.902	
0	139.2, F	0.624	26.944	
0	333.2, F	0.945	26.985	
0	120.0, F	0.574	27.027	
0	283.6, F	0.316	27.069	
0	73.0, F	0.705	27.110	
0	326.4, F	0.316	27.152	
0	167.8, F	0.6	27.194	
0	12.2, F	0.41	27.236	
0	31.4, F	0.438	27.277	
0	104.1, F	0.719	27.319	
0	239.0, F	0.146	27.361	
0	9.4, F	1.143	27.402	
0	163.4, F	0.806	27.444	
0	50.6, F	0.482	27.486	
0	322.6, F	0.712	27.527	
0	97.1, F	0.909	27.569	
0	None	0	27.611	
0	None	0	27.653	0.08299999999999841
0	35.2, F	0.146	27.694	
0	40.7, F	0.233	27.736	
0	42.2, F	0.25	27.778	
0	44.5, F	0.247	27.819	
0	283.5, F	0.866	27.861	
0	55.5, F	0.116	27.903	
0	178.5, F	0.97	27.945	
0	None	0	27.986	
0	None	0	28.028	0.08399999999999963
0	213.8, F	1.205	28.070	
0	125.4, F	0.174	28.111	
0	None	0	28.153	0.04200000000000159
0	235.2, F	0.264	28.195	
0	233.9, F	0.957	28.237	
0	271.1, F	0.72	28.278	
0	269.0, F	0.854	28.320	
0	266.4, F	0.095	28.362	
0	280.9, F	0.491	28.403	
0	131.2, F	0.29	28.445	
0	121.0, F	0.293	28.487	
0	275.2, F	0.389	28.528	
0	91.0, F	0.801	28.570	
0	203.4, F	0.154	28.612	
0	166.4, F	0.166	28.654	
0	138.3, F	0.206	28.695	
0	99.8, F	0.581	28.737	
0	264.6, F	0.225	28.779	
0	None	0	28.820	0.04199999999999804
0	88.1, F	1.13	28.862	
0	322.3, F	0.2	28.904	
0	79.2, F	0.835	28.946	
0	78.7, F	0.43	28.987	
0	287.1, F	0.18	29.029	
0	80.8, F	0.749	29.071	
0	305.7, F	1.244	29.112	
0	89.5, F	0.565	29.154	
0	70.1, F	0.191	29.196	
0	81.7, F	1.529	29.238	
0	43.4, F	0.198	29.279	
0	9.9, F	0.636	29.321	
0	109.8, F	0.825	29.363	
0	78.7, F	1.437	29.404	
0	71.9, F	1.137	29.446	
0	26.6, F	0.826	29.488	
0	93.0, F	1.183	29.529	
0	76.8, F	0.713	29.571	
0	62.4, F	1.299	29.613	
0	100.1, F	0.925	29.655	
0	81.1, F	0.844	29.696	
0	59.8, F	1.523	29.738	
0	47.9, F	1.548	29.780	
0	184.7, F	0.878	29.821	
0	73.0, F	0.697	29.863	
0	74.5, F	2.1	29.905	
0	47.0, F	1.056	29.947	
0	67.8, F	0.296	29.988	
0	86.1, F	0.946	30.030	
0	71.4, F	1.515	30.072	
0	128.4, F	0.253	30.113	
0	79.4, F	1.122	30.155	
0	70.9, F	0.975	30.197	
0	71.5, F	1.775	30.239	
0	110.0, F	0.532	30.280	
0	90.9, F	1.331	30.322	
0	93.7, F	1.221	30.364	
0	50.0, F	1.417	30.405	
0	87.2, F	1.08	30.447	
0	97.2, F	0.819	30.489	
0	99.1, F	0.678	30.530	
0	90.5, F	2.182	30.572	
0	86.1, F	0.935	30.614	
0	67.6, F	0.624	30.656	
0	63.2, F	0.476	30.697	
0	96.0, F	2.189	30.739	
0	7.5, F	1.043	30.781	
0	75.3, F	0.946	30.822	
0	112.4, F	0.982	30.864	
0	55.1, F	2.006	30.906	
0	77.6, F	1.527	30.948	
0	126.6, F	0.49	30.989	
0	93.7, F	1.331	31.031	
0	61.7, F	2.35	31.073	
0	135.4, F	1.048	31.114	
0	72.1, F	4.163	31.156	
0	115.4, F	0.694	31.198	
0	54.4, F	2.867	31.240	
0	78.0, F	0.827	31.281	
0	145.1, F	0.659	31.323	
0	64.9, F	1.279	31.365	
0	73.5, F	1.337	31.406	
0	52.7, F	1.718	31.448	
0	73.8, F	1.208	31.490	
0	56.6, F	0.73	31.531	
0	93.3, F	1.527	31.573	
0	58.2, F	0.718	31.615	
0	63.0, F	1.577	31.657	
0	60.8, F	0.309	31.698	
0	76.8, F	1.483	31.740	
0	57.6, F	1.742	31.782	
0	72.2, F	0.982	31.823	
0	64.2, F	0.361	31.865	
0	80.7, F	1.003	31.907	
0	56.6, F	1.043	31.949	
0	36.3, F	1.135	31.990	
0	74.0, F	0.387	32.032	
0	62.2, F	2.052	32.074	
0	89.3, F	1.164	32.115	
0	33.3, F	1.34	32.157	
0	54.4, F	0.643	32.199	
0	84.9, F	2.0	32.241	
0	66.5, F	0.869	32.282	
0	24.2, F	0.953	32.324	
0	81.8, F	1.127	32.366	
0	55.6, F	1.969	32.407	
0	152.0, F	0.47	32.449	
0	63.3, F	1.601	32.491	
0	50.7, F	2.828	32.532	
0	75.6, F	2.115	32.574	
0	299.9, F	0.872	32.616	
0	152.6, F	0.714	32.658	
0	52.7, F	1.83	32.699	
0	65.3, F	1.883	32.741	
0	28.8, F	0.926	32.783	
0	146.4, F	0.351	32.824	
0	45.9, F	1.832	32.866	
0	109.5, F	0.39	32.908	
0	73.9, F	2.059	32.950	
0	15.2, F	0.944	32.991	
0	133.2, F	0.792	33.033	
0	62.9, F	2.761	33.075	
0	352.3, F	1.086	33.116	
0	72.3, F	0.993	33.158	
0	358.2, F	0.694	33.200	
0	40.2, F	1.634	33.242	
0	63.3, F	2.182	33.283	
0	351.9, F	1.069	33.325	
0	34.7, F	0.328	33.367	
0	58.3, F	2.345	33.408	
0	33.8, F	0.363	33.450	
0	25.7, F	1.051	33.492	
0	353.5, F	0.908	33.533	
0	42.7, F	0.939	33.575	
0	34.1, F	2.03	33.617	
0	120.3, F	0.883	33.659	
0	8.8, F	0.521	33.700	
0	42.9, F	2.38	33.742	
0	43.4, F	0.365	33.784	
0	64.3, F	1.187	33.825	
0	52.2, F	2.029	33.867	
0	20.9, F	1.155	33.909	
0	68.8, F	1.646	33.951	
0	43.2, F	0.731	33.992	
0	69.8, F	1.138	34.034	
0	61.1, F	1.176	34.076	
0	15.7, F	1.612	34.117	
0	244.0, F	0.542	34.159	
0	59.0, F	1.097	34.201	
0	51.7, F	1.91	34.243	
0	41.1, F	0.362	34.284	
0	68.6, F	1.339	34.326	
0	24.7, F	1.301	34.368	
0	45.7, F	1.235	34.409	
0	49.9, F	1.275	34.451	
0	None	0	34.493	0.041999999999994486
0	47.8, F	1.155	34.535	
0	46.9, F	2.057	34.576	
0	32.3, F	0.832	34.618	
0	82.2, F	1.019	34.660	
0	358.7, F	1.519	34.701	
0	65.8, F	2.326	34.743	
0	324.4, F	0.952	34.785	
0	96.7, F	1.429	34.826	
0	71.2, F	0.65	34.868	
0	42.7, F	1.987	34.910	
0	127.9, F	0.363	34.952	
0	16.7, F	1.911	34.993	
0	80.6, F	1.548	35.035	
0	48.8, F	1.526	35.077	
0	77.4, F	0.266	35.118	
0	84.5, F	1.197	35.160	
0	68.2, F	1.474	35.202	
0	20.2, F	1.412	35.244	
0	135.1, F	1.188	35.285	
0	40.2, F	0.44	35.327	
0	36.1, F	1.451	35.369	
0	68.7, F	2.229	35.410	
0	106.0, F	0.232	35.452	
0	89.1, F	1.207	35.494	
0	355.9, F	0.825	35.535	
0	37.5, F	1.836	35.577	
0	37.4, F	0.439	35.619	
0	72.3, F	1.338	35.661	
0	52.1, F	1.908	35.702	
0	34.9, F	1.108	35.744	
0	63.1, F	1.741	35.786	
0	None	0	35.827	0.04200000000000159
0	55.0, F	0.674	35.869	
0	9.5, F	1.423	35.911	
0	88.5, F	1.009	35.953	
0	70.3, F	1.178	35.994	
0	1.3, F	1.002	36.036	
0	48.6, F	2.049	36.078	
0	78.0, F	1.883	36.119	
0	68.1, F	0.18	36.161	
0	21.9, F	0.823	36.203	
0	89.4, F	1.701	36.245	
0	76.0, F	2.015	36.286	
0	30.1, F	1.048	36.328	
0	3.4, F	0.682	36.370	
0	87.9, F	1.657	36.411	
0	36.2, F	0.195	36.453	
0	74.3, F	1.189	36.495	
0	70.0, F	1.378	36.536	
0	59.3, F	1.483	36.578	
0	109.1, F	0.784	36.620	
0	356.2, F	1.568	36.662	
0	77.5, F	0.589	36.703	
0	67.1, F	1.696	36.745	
0	130.7, F	0.583	36.787	
0	28.3, F	1.543	36.828	
0	99.7, F	1.607	36.870	
0	61.7, F	1.427	36.912	
0	20.9, F	0.819	36.954	
0	123.8, F	0.368	36.995	
0	82.2, F	1.398	37.037	
0	56.9, F	1.649	37.079	
0	347.8, F	0.604	37.120	
0	54.5, F	2.218	37.162	
0	144.7, F	0.707	37.204	
0	13.2, F	0.646	37.246	
0	54.2, F	1.039	37.287	
0	47.3, F	1.288	37.329	
0	211.1, F	0.511	37.371	
0	89.9, F	2.649	37.412	
0	5.5, F	0.5	37.454	
0	39.3, F	1.204	37.496	
0	63.5, F	1.367	37.538	
0	106.9, F	1.13	37.579	
0	47.3, F	2.032	37.621	
0	193.3, F	0.414	37.663	
0	83.2, F	0.544	37.704	
0	72.5, F	2.099	37.746	
0	69.5, F	0.746	37.788	
0	356.6, F	0.561	37.829	
0	164.8, F	0.626	37.871	
0	43.5, F	2.248	37.913	
0	91.8, F	1.709	37.955	
0	30.2, F	0.346	37.996	
0	57.6, F	1.021	38.038	
0	90.1, F	0.51	38.080	
0	67.5, F	0.818	38.121	
0	68.0, F	1.883	38.163	
0	26.8, F	0.689	38.205	
0	5.1, F	1.736	38.247	
0	90.9, F	1.055	38.288	
0	77.7, F	1.201	38.330	
0	10.4, F	0.475	38.372	
0	92.1, F	1.491	38.413	
0	81.3, F	1.64	38.455	
0	20.6, F	0.529	38.497	
0	26.9, F	1.215	38.538	
0	41.1, F	1.055	38.580	
0	124.8, F	0.631	38.622	
0	94.6, F	1.531	38.664	
0	54.0, F	0.298	38.705	
0	64.1, F	2.128	38.747	
0	51.8, F	0.709	38.789	
0	64.7, F	1.823	38.830	
0	132.3, F	0.318	38.872	
0	79.5, F	2.027	38.914	
0	37.2, F	0.993	38.956	
0	347.8, F	0.392	38.997	
0	47.7, F	0.985	39.039	
0	94.0, F	1.891	39.081	
0	83.4, F	0.678	39.122	
0	61.4, F	0.929	39.164	
0	313.8, F	0.28	39.206	
0	66.5, F	1.481	39.248	
0	40.4, F	1.801	39.289	
0	131.0, F	0.151	39.331	
0	74.1, F	0.748	39.373	
0	69.3, F	1.91	39.414	
0	8.5, F	1.439	39.456	
0	103.2, F	0.729	39.498	
0	None	0	39.539	0.04200000000000159
0	62.2, F	2.04	39.581	
0	94.5, F	1.67	39.623	
0	324.9, F	1.949	39.665	
0	50.6, F	2.418	39.706	
0	172.0, F	0.684	39.748	
0	49.3, F	1.132	39.790	
0	217.4, F	0.591	39.831	
0	254.5, F	0.224	39.873	
0	77.0, F	2.153	39.915	
0	352.9, F	0.988	39.957	
0	140.4, F	0.86	39.998	
0	89.7, F	0.891	40.040	
0	57.3, F	2.259	40.082	
0	33.2, F	1.153	40.123	
0	59.4, F	2.506	40.165	
0	187.6, F	0.348	40.207	
0	50.7, F	1.964	40.249	
0	128.8, F	0.735	40.290	
0	93.6, F	1.06	40.332	
0	99.5, F	0.685	40.374	
0	60.0, F	2.265	40.415	
0	194.0, F	0.177	40.457	
0	167.3, F	0.324	40.499	
0	43.8, F	1.683	40.541	
0	48.0, F	0.899	40.582	
0	89.0, F	0.713	40.624	
0	30.3, F	0.558	40.666	
0	103.2, F	0.877	40.707	
0	82.7, F	1.159	40.749	
0	51.7, F	1.345	40.791	
0	38.8, F	1.201	40.832	
0	92.1, F	0.81	40.874	
0	59.9, F	1.972	40.916	
0	257.8, F	0.401	40.958	
0	351.1, F	0.487	40.999	
0	57.7, F	0.889	41.041	
0	340.0, F	0.721	41.083	
0	199.0, F	0.681	41.124	
0	306.4, F	0.17	41.166	
0	332.8, F	0.243	41.208	
0	294.1, F	0.133	41.250	
0	52.0, F	3.124	41.291	
0	None	0	41.333	
0	None	0	41.375	
0	None	0	41.416	
0	None	0	41.458	0.1670000000000016
0	52.9, F	0.113	41.500	
0	None	0	41.541	0.04200000000000159
0	51.1, F	0.119	41.583	
0	269.1, F	0.737	41.625	
0	None	0	41.667	0.04099999999999682
0	172.0, F	0.237	41.708	
0	14.1, F	0.532	41.750	
0	144.8, F	0.507	41.792	
0	131.0, F	0.523	41.833	
0	270.5, F	0.887	41.875	
0	353.3, F	0.267	41.917	
0	338.4, F	0.166	41.959	
0	187.3, F	0.794	42.000	
0	308.1, F	0.206	42.042	
0	None	0	42.084	0.04099999999999682
0	95.2, F	21.558	42.125	
0	89.0, F	1.044	42.167	
0	76.5, F	0.864	42.209	
0	81.5, F	1.02	42.251	
0	64.1, F	0.925	42.292	
0	165.1, F	0.767	42.334	
0	68.8, F	1.1	42.376	
0	59.2, F	1.139	42.417	
0	170.7, F	0.514	42.459	
0	112.8, F	0.897	42.501	
0	27.0, F	0.591	42.542	
0	106.0, F	0.912	42.584	
0	16.3, F	0.552	42.626	
0	118.0, F	0.622	42.668	
0	178.0, F	0.116	42.709	
0	154.9, F	0.676	42.751	
0	57.6, F	1.013	42.793	
0	183.2, F	0.658	42.834	
0	45.0, F	0.192	42.876	
0	94.5, F	1.102	42.918	
0	96.1, F	0.692	42.960	
0	195.1, F	0.231	43.001	
0	172.0, F	0.582	43.043	
0	91.2, F	1.147	43.085	
0	102.0, F	0.716	43.126	
0	180.5, F	0.59	43.168	
0	69.6, F	0.575	43.210	
0	117.5, F	2.041	43.252	
0	145.7, F	0.247	43.293	
0	38.6, F	1.033	43.335	
0	180.5, F	0.544	43.377	
0	130.5, F	1.174	43.418	
0	126.6, F	0.285	43.460	
0	99.1, F	0.74	43.502	
0	132.5, F	0.423	43.544	
0	74.4, F	0.975	43.585	
0	157.3, F	1.095	43.627	
0	84.5, F	0.964	43.669	
0	109.4, F	0.492	43.710	
0	35.0, F	0.703	43.752	
0	108.5, F	1.179	43.794	
0	113.2, F	0.941	43.835	
0	52.5, F	0.179	43.877	
0	101.3, F	1.368	43.919	
0	188.6, F	0.392	43.961	
0	118.5, F	1.541	44.002	
0	None	0	44.044	0.04200000000000159
0	119.3, F	1.226	44.086	
0	87.2, F	0.466	44.127	
0	98.6, F	1.181	44.169	
0	213.8, F	0.36	44.211	
0	133.1, F	1.9	44.253	
0	211.3, F	0.442	44.294	
0	10.0, F	0.207	44.336	
0	116.5, F	0.458	44.378	
0	139.9, F	1.169	44.419	
0	162.4, F	0.42	44.461	
0	169.9, F	0.938	44.503	
0	98.8, F	0.572	44.544	
0	191.4, F	1.198	44.586	
0	138.1, F	1.116	44.628	
0	200.4, F	0.583	44.670	
0	101.7, F	0.198	44.711	
0	150.0, F	1.481	44.753	
0	195.6, F	0.902	44.795	
0	180.5, F	0.37	44.836	
0	175.8, F	0.947	44.878	
0	159.0, F	1.001	44.920	
0	89.2, F	0.736	44.962	
0	199.9, F	0.591	45.003	
0	105.3, F	0.11	45.045	
0	155.0, F	0.922	45.087	
0	139.1, F	1.224	45.128	
0	153.2, F	0.389	45.170	
0	49.0, F	0.286	45.212	
0	99.5, F	1.143	45.254	
0	172.2, F	0.692	45.295	
0	153.0, F	1.004	45.337	
0	None	0	45.379	0.04100000000000392
0	164.8, F	0.749	45.420	
0	78.0, F	0.754	45.462	
0	168.9, F	0.141	45.504	
0	172.1, F	0.748	45.545	
0	104.0, F	0.966	45.587	
0	206.9, F	0.602	45.629	
0	341.1, F	0.124	45.671	
0	178.1, F	1.532	45.712	
0	116.0, F	0.456	45.754	
0	129.2, F	0.604	45.796	
0	321.7, F	0.637	45.837	
0	142.7, F	0.935	45.879	
0	203.4, F	0.658	45.921	
0	140.5, F	1.09	45.963	
0	259.9, F	0.314	46.004	
0	218.0, F	0.484	46.046	
0	252.9, F	0.501	46.088	
0	164.3, F	0.891	46.129	
0	126.4, F	0.278	46.171	
0	240.1, F	1.105	46.213	
0	181.0, F	1.462	46.255	
0	304.1, F	0.41	46.296	
0	100.5, F	0.606	46.338	
0	225.5, F	0.862	46.380	
0	177.1, F	0.941	46.421	
0	173.3, F	0.333	46.463	
0	326.4, F	0.351	46.505	
0	195.9, F	0.917	46.547	
0	225.2, F	0.479	46.588	
0	24.0, F	0.473	46.630	
0	230.1, F	1.084	46.672	
0	107.8, F	0.17	46.713	
0	182.8, F	0.799	46.755	
0	333.4, F	0.159	46.797	
0	251.3, F	0.137	46.838	
0	206.0, F	0.334	46.880	
0	228.7, F	0.966	46.922	
0	88.4, F	0.18	46.964	
0	161.8, F	0.321	47.005	
0	176.2, F	0.728	47.047	
0	170.9, F	0.29	47.089	
0	208.9, F	0.583	47.130	
0	214.3, F	1.011	47.172	
0	84.2, F	0.218	47.214	
0	230.3, F	1.327	47.256	
0	214.2, F	0.333	47.297	
0	155.0, F	0.773	47.339	
0	276.3, F	0.86	47.381	
0	199.8, F	0.676	47.422	
0	256.1, F	0.52	47.464	
0	144.0, F	0.482	47.506	
0	190.0, F	0.635	47.547	
0	245.3, F	0.564	47.589	
0	226.6, F	1.132	47.631	
0	333.4, F	0.172	47.673	
0	260.7, F	0.406	47.714	
0	242.0, F	1.151	47.756	
0	143.8, F	1.02	47.798	
0	253.0, F	0.85	47.839	
0	202.2, F	0.475	47.881	
0	270.5, F	1.255	47.923	
0	249.3, F	0.807	47.965	
0	204.2, F	0.744	48.006	
0	271.9, F	0.856	48.048	
0	244.8, F	1.505	48.090	
0	218.2, F	1.04	48.131	
0	181.7, F	0.102	48.173	
0	228.3, F	0.352	48.215	
0	237.3, F	1.367	48.257	
0	291.2, F	0.458	48.298	
0	102.6, F	0.281	48.340	
0	None	0	48.382	0.04100000000000392
0	278.1, F	0.409	48.423	
0	263.5, F	0.702	48.465	
0	204.7, F	0.098	48.507	
0	284.1, F	0.312	48.548	
0	272.3, F	0.721	48.590	
0	None	0	48.632	0.04200000000000159
0	321.4, F	0.298	48.674	
0	315.6, F	0.526	48.715	
0	238.8, F	1.126	48.757	
0	341.7, F	0.405	48.799	
0	322.9, F	0.499	48.840	
0	113.9, F	0.795	48.882	
0	254.2, F	0.42	48.924	
0	316.7, F	0.801	48.966	
0	155.4, F	0.365	49.007	
0	175.9, F	0.255	49.049	
0	336.7, F	0.565	49.091	
0	210.9, F	1.007	49.132	
0	73.4, F	0.34	49.174	
0	269.9, F	0.77	49.216	
0	197.6, F	0.192	49.258	
0	217.7, F	0.239	49.299	
0	205.8, F	0.363	49.341	
0	316.2, F	0.667	49.383	
0	152.5, F	1.171	49.424	
0	240.7, F	0.485	49.466	
0	164.9, F	0.712	49.508	
0	63.2, F	0.222	49.550	
0	254.6, F	0.748	49.591	
0	139.0, F	0.464	49.633	
0	148.0, F	0.502	49.675	
0	291.4, F	0.939	49.716	
0	46.3, F	0.221	49.758	
0	168.7, F	1.02	49.800	
0	109.7, F	0.181	49.841	
0	144.1, F	0.407	49.883	
0	15.1, F	0.319	49.925	
0	22.4, F	0.199	49.967	
0	223.5, F	1.297	50.008	
0	138.5, F	0.163	50.050	
0	145.2, F	0.352	50.092	
0	17.3, F	0.639	50.133	
0	174.6, F	0.633	50.175	
0	15.9, F	0.337	50.217	
0	165.0, F	1.124	50.259	
0	251.3, F	0.656	50.300	
0	34.1, F	0.742	50.342	
0	136.5, F	0.671	50.384	
0	293.3, F	0.714	50.425	
0	156.9, F	0.974	50.467	
0	304.5, F	0.596	50.509	
0	74.4, F	0.577	50.550	
0	282.5, F	0.374	50.592	
0	85.3, F	0.594	50.634	
0	254.6, F	0.355	50.676	
0	227.6, F	0.265	50.717	
0	107.4, F	0.828	50.759	
0	217.3, F	0.248	50.801	
0	210.2, F	0.274	50.842	
0	206.4, F	0.239	50.884	
0	353.0, F	0.751	50.926	
0	191.6, F	0.243	50.968	
0	179.8, F	0.259	51.009	
0	174.8, F	0.233	51.051	
0	357.4, F	0.855	51.093	
0	183.3, F	0.193	51.134	
0	191.2, F	0.128	51.176	
0	187.4, F	0.116	51.218	
0	166.8, F	0.14	51.260	
0	None	0	51.301	
0	None	0	51.343	0.08399999999999608
0	1.5, F	0.928	51.385	
0	None	0	51.426	
0	None	0	51.468	0.08399999999999608
0	179.6, F	0.926	51.510	
0	348.4, F	0.13	51.551	
0	338.3, F	0.154	51.593	
0	345.9, F	0.189	51.635	
0	335.5, F	0.222	51.677	
0	80.4, F	0.899	51.718	
0	319.4, F	0.175	51.760	
0	191.6, F	0.732	51.802	
0	336.3, F	0.424	51.843	
0	338.3, F	0.535	51.885	
0	192.3, F	0.452	51.927	
0	332.6, F	0.539	51.969	
0	124.6, F	0.901	52.010	
0	334.2, F	0.541	52.052	
0	202.3, F	0.622	52.094	
0	330.4, F	0.462	52.135	
0	126.2, F	0.969	52.177	
0	337.8, F	0.42	52.219	
0	343.5, F	0.447	52.261	
0	192.2, F	0.421	52.302	
0	344.9, F	0.415	52.344	
0	190.1, F	0.559	52.386	
0	340.2, F	0.413	52.427	
0	124.5, F	1.016	52.469	
0	339.2, F	0.534	52.511	
0	199.6, F	0.656	52.552	
0	311.3, F	0.327	52.594	
0	310.5, F	0.294	52.636	
0	75.7, F	0.776	52.678	
0	196.3, F	0.807	52.719	
0	320.3, F	0.288	52.761	
0	316.9, F	0.234	52.803	
0	314.5, F	0.221	52.844	
0	81.2, F	0.828	52.886	
0	309.8, F	0.133	52.928	
0	None	0	52.970	0.04100000000000392
0	183.9, F	0.868	53.011	
0	None	0	53.053	
0	None	0	53.095	
0	None	0	53.136	0.125
0	185.0, F	0.092	53.178	
0	188.4, F	0.13	53.220	
0	0.5, F	0.629	53.262	
0	180.1, F	0.423	53.303	
0	181.4, F	0.466	53.345	
0	355.6, F	0.451	53.387	
0	176.9, F	0.678	53.428	
0	30.5, F	0.138	53.470	
0	47.9, F	0.139	53.512	
0	80.2, F	0.183	53.553	
0	90.9, F	0.251	53.595	
0	94.0, F	0.299	53.637	
0	266.9, F	0.625	53.679	
0	109.5, F	0.38	53.720	
0	108.4, F	0.367	53.762	
0	252.3, F	0.69	53.804	
0	116.6, F	0.32	53.845	
0	19.9, F	0.831	53.887	
0	253.0, F	0.736	53.929	
0	128.0, F	0.344	53.971	
0	128.3, F	0.326	54.012	
0	254.1, F	0.791	54.054	
0	13.0, F	0.589	54.096	
0	168.7, F	0.336	54.137	
0	168.3, F	0.345	54.179	
0	2.9, F	0.673	54.221	
0	182.4, F	0.331	54.263	
0	184.3, F	0.33	54.304	
0	354.7, F	0.627	54.346	
0	191.0, F	0.351	54.388	
0	196.7, F	0.443	54.429	
0	329.6, F	0.485	54.471	
0	203.1, F	0.607	54.513	
0	57.3, F	0.799	54.554	
0	299.3, F	0.322	54.596	
0	196.7, F	0.904	54.638	
0	88.5, F	0.709	54.680	
0	277.5, F	0.283	54.721	
0	296.5, F	0.278	54.763	
0	299.9, F	0.212	54.805	
0	83.6, F	0.827	54.846	
0	326.6, F	0.214	54.888	
0	349.5, F	0.373	54.930	
0	181.2, F	0.565	54.972	
0	5.3, F	0.426	55.013	
0	137.4, F	0.532	55.055	
0	24.0, F	0.897	55.097	
0	251.8, F	0.546	55.138	
0	112.6, F	0.438	55.180	
0	254.1, F	0.592	55.222	
0	30.1, F	1.82	55.264	
0	191.6, F	0.337	55.305	
0	201.8, F	0.228	55.347	
0	184.3, F	0.215	55.389	
0	358.5, F	0.847	55.430	
0	217.0, F	0.126	55.472	
0	198.0, F	0.136	55.514	
0	185.1, F	0.191	55.555	
0	172.7, F	0.329	55.597	
0	0.9, F	0.609	55.639	
0	177.9, F	0.455	55.681	
0	196.6, F	0.578	55.722	
0	328.3, F	0.316	55.764	
0	82.3, F	0.813	55.806	
0	308.5, F	0.18	55.847	
0	279.2, F	0.094	55.889	
0	183.0, F	0.93	55.931	
0	None	0	55.973	
0	None	0	56.014	
0	None	0	56.056	0.125
0	143.0, F	0.126	56.098	
0	6.8, F	0.864	56.139	
0	134.4, F	0.2	56.181	
0	130.1, F	0.2	56.223	
0	130.4, F	0.257	56.265	
0	253.8, F	0.748	56.306	
0	131.2, F	0.367	56.348	
0	21.6, F	0.75	56.390	
0	133.0, F	0.387	56.431	
0	248.8, F	0.741	56.473	
0	136.3, F	0.538	56.515	
0	33.5, F	0.676	56.556	
0	235.3, F	0.742	56.598	
0	21.0, F	0.452	56.640	
0	145.8, F	0.554	56.682	
0	298.8, F	0.903	56.723	
0	155.0, F	0.651	56.765	
0	36.5, F	0.448	56.807	
0	158.7, F	0.728	56.848	
0	293.9, F	0.754	56.890	
0	53.8, F	0.356	56.932	
0	70.3, F	0.377	56.974	
0	212.1, F	1.097	57.015	
0	96.1, F	0.413	57.057	
0	123.1, F	0.401	57.099	
0	332.3, F	1.023	57.140	
0	98.6, F	0.668	57.182	
0	233.8, F	0.2	57.224	
0	181.5, F	0.232	57.266	
0	172.3, F	0.284	57.307	
0	14.0, F	0.616	57.349	
0	153.8, F	0.391	57.391	
0	109.3, F	0.194	57.432	
0	71.5, F	0.22	57.474	
0	334.5, F	0.692	57.516	
0	41.8, F	1.2	57.557	
0	2.1, F	0.332	57.599	
0	132.1, F	0.522	57.641	
0	29.5, F	1.171	57.683	
0	323.1, F	0.181	57.724	
0	18.3, F	0.392	57.766	
0	129.4, F	0.484	57.808	
0	31.5, F	1.027	57.849	
0	259.3, F	0.215	57.891	
0	34.9, F	0.182	57.933	
0	61.3, F	0.348	57.975	
0	150.7, F	0.974	58.016	
0	313.3, F	0.356	58.058	
0	86.1, F	0.993	58.100	
0	85.5, F	0.167	58.141	
0	94.6, F	0.2	58.183	
0	263.4, F	0.551	58.225	
0	107.4, F	0.744	58.267	
0	199.2, F	0.395	58.308	
0	1.2, F	0.496	58.350	
0	163.4, F	0.495	58.392	
0	57.3, F	0.429	58.433	
0	149.8, F	1.066	58.475	
0	263.4, F	0.166	58.517	
0	192.8, F	0.217	58.558	
0	160.1, F	0.282	58.600	
0	14.1, F	0.723	58.642	
0	122.2, F	0.298	58.684	
0	F	0.3	58.725	
0	141.8, F	0.475	58.767	
0	310.3, F	0.851	58.809	
0	142.2, F	0.634	58.850	
0	41.5, F	0.526	58.892	
0	221.1, F	0.971	58.934	
0	66.1, F	0.338	58.976	
0	75.4, F	0.267	59.017	
0	272.0, F	0.734	59.059	
0	96.2, F	0.222	59.101	
0	89.0, F	0.176	59.142	
0	77.5, F	0.176	59.184	
0	75.6, F	0.209	59.226	
0	274.1, F	0.831	59.268	
0	39.3, F	0.15	59.309	
0	12.9, F	0.179	59.351	
0	179.9, F	0.739	59.393	
0	343.1, F	0.327	59.434	
0	343.2, F	0.349	59.476	
0	191.0, F	0.447	59.518	
0	345.4, F	0.625	59.559	
0	324.8, F	0.266	59.601	
0	66.0, F	0.735	59.643	
0	311.8, F	0.437	59.685	
0	212.0, F	0.623	59.726	
0	37.8, F	0.741	59.768	
0	247.5, F	0.575	59.810	
0	19.5, F	0.846	59.851	
0	254.7, F	0.767	59.893	
0	178.6, F	0.284	59.935	
0	197.8, F	0.314	59.977	
0	343.5, F	0.541	60.018	
0	211.7, F	0.647	60.060	
0	90.6, F	0.444	60.102	
0	249.4, F	0.562	60.143	
0	136.9, F	0.589	60.185	
0	229.7, F	0.973	60.227	
0	114.4, F	0.361	60.269	
0	142.3, F	0.56	60.310	
0	272.6, F	0.784	60.352	
0	168.0, F	1.243	60.394	
0	100.7, F	0.14	60.435	
0	170.3, F	0.578	60.477	
0	161.3, F	0.841	60.519	
0	301.9, F	0.501	60.560	
0	109.0, F	1.045	60.602	
0	197.2, F	0.601	60.644	
0	24.1, F	0.115	60.686	
0	151.7, F	0.306	60.727	
0	168.9, F	0.755	60.769	
0	105.4, F	0.32	60.811	
0	271.0, F	0.408	60.852	
0	112.9, F	0.985	60.894	
0	180.4, F	0.968	60.936	
0	147.2, F	0.426	60.978	
0	148.7, F	0.466	61.019	
0	286.8, F	0.71	61.061	
0	108.5, F	0.905	61.103	
0	190.1, F	0.662	61.144	
0	None	0	61.186	0.04200000000000159
0	138.6, F	0.558	61.228	
0	145.6, F	1.338	61.270	
0	195.7, F	0.659	61.311	
0	None	0	61.353	0.04200000000000159
0	146.6, F	0.391	61.395	
0	151.6, F	1.014	61.436	
0	102.2, F	0.715	61.478	
0	194.2, F	0.502	61.520	
0	342.8, F	0.237	61.561	
0	172.5, F	1.248	61.603	
0	24.3, F	0.455	61.645	
0	164.4, F	0.772	61.687	
0	88.4, F	0.211	61.728	
0	231.9, F	0.883	61.770	
0	58.2, F	0.275	61.812	
0	167.8, F	1.019	61.853	
0	151.7, F	0.408	61.895	
0	263.1, F	0.986	61.937	
0	193.2, F	0.46	61.979	
0	141.5, F	0.969	62.020	
0	261.0, F	0.415	62.062	
0	226.1, F	1.379	62.104	
0	201.5, F	0.273	62.145	
0	213.5, F	0.941	62.187	
0	114.3, F	0.352	62.229	
0	189.2, F	0.917	62.271	
0	201.0, F	0.316	62.312	
0	211.6, F	0.713	62.354	
0	281.5, F	0.33	62.396	
0	157.7, F	1.059	62.437	
0	255.4, F	0.487	62.479	
0	154.8, F	0.922	62.521	
0	272.5, F	0.44	62.562	
0	141.3, F	1.035	62.604	
0	153.5, F	0.546	62.646	
0	187.9, F	0.676	62.688	
0	109.9, F	0.153	62.729	
0	167.7, F	1.068	62.771	
0	186.6, F	0.586	62.813	
0	90.0, F	0.258	62.854	
0	203.8, F	0.139	62.896	
0	171.9, F	1.497	62.938	
0	172.6, F	0.962	62.980	
0	172.4, F	0.676	63.021	
0	139.3, F	0.554	63.063	
0	142.4, F	1.15	63.105	
0	224.7, F	2.564	63.146	
0	133.8, F	0.471	63.188	
0	216.3, F	1.094	63.230	
0	166.2, F	0.973	63.272	
0	167.0, F	0.52	63.313	
0	105.1, F	0.241	63.355	
0	231.2, F	0.732	63.397	
0	168.4, F	1.67	63.438	
0	94.1, F	0.558	63.480	
0	211.2, F	0.547	63.522	
0	182.2, F	1.15	63.563	
0	158.7, F	1.159	63.605	
0	58.8, F	0.676	63.647	
0	185.2, F	1.225	63.689	
0	132.2, F	1.184	63.730	
0	162.3, F	1.123	63.772	
0	207.7, F	0.752	63.814	
0	102.2, F	0.896	63.855	
0	177.9, F	0.823	63.897	
0	155.6, F	1.101	63.939	
0	179.2, F	0.45	63.981	
0	175.2, F	0.815	64.022	
0	111.0, F	0.672	64.064	
0	132.5, F	1.809	64.106	
0	350.5, F	0.556	64.147	
0	172.4, F	0.827	64.189	
0	83.0, F	0.656	64.231	
0	119.6, F	1.358	64.273	
0	327.4, F	0.254	64.314	
0	129.4, F	1.735	64.356	
0	177.2, F	0.141	64.398	
0	60.2, F	1.208	64.439	
0	159.5, F	0.955	64.481	
0	82.3, F	0.819	64.523	
0	110.5, F	0.174	64.564	
0	111.4, F	1.331	64.606	
0	F	0.965	64.648	
0	16.4, F	0.283	64.690	
0	156.4, F	1.077	64.731	
0	154.0, F	0.676	64.773	
0	63.4, F	1.131	64.815	
0	163.6, F	0.931	64.856	
0	82.3, F	0.756	64.898	
0	130.0, F	1.082	64.940	
0	75.8, F	0.232	64.982	
0	103.6, F	0.742	65.023	
0	137.5, F	0.551	65.065	
0	129.1, F	1.553	65.107	
0	298.3, F	2.645	65.148	
0	109.1, F	1.26	65.190	
0	39.8, F	0.797	65.232	
0	82.4, F	0.922	65.274	
0	163.6, F	1.057	65.315	
0	205.6, F	0.304	65.357	
0	148.1, F	0.269	65.399	
0	135.4, F	2.657	65.440	
0	None	0	65.482	0.04200000000000159
0	226.4, F	0.18	65.524	
0	2.1, F	1.26	65.566	
0	94.5, F	0.717	65.607	
0	212.9, F	0.53	65.649	
0	92.5, F	0.752	65.691	
0	200.4, F	0.459	65.732	
0	215.1, F	1.016	65.774	
0	82.3, F	1.549	65.816	
0	305.0, F	0.426	65.857	
0	217.6, F	0.928	65.899	
0	357.0, F	0.583	65.941	
0	8.4, F	0.342	65.983	
0	205.5, F	0.884	66.024	
0	80.8, F	1.764	66.066	
0	291.6, F	0.399	66.108	
0	273.5, F	0.312	66.149	
0	51.6, F	0.275	66.191	
0	175.0, F	1.073	66.233	
0	301.5, F	0.574	66.275	
0	18.7, F	0.306	66.316	
0	345.2, F	0.262	66.358	
0	27.9, F	0.169	66.400	
0	311.1, F	0.395	66.441	
0	200.0, F	1.84	66.483	
0	12.6, F	1.584	66.525	
0	120.6, F	0.486	66.566	
0	239.6, F	0.303	66.608	
0	221.8, F	0.365	66.650	
0	222.3, F	0.419	66.692	
0	111.0, F	1.391	66.733	
0	214.2, F	0.331	66.775	
0	208.6, F	0.321	66.817	
0	112.5, F	0.369	66.858	
0	20.1, F	1.304	66.900	
0	171.9, F	0.719	66.942	
0	162.2, F	0.771	66.984	
0	64.4, F	0.442	67.025	
0	320.2, F	0.422	67.067	
0	182.9, F	1.406	67.109	
0	11.8, F	0.392	67.150	
0	60.0, F	0.354	67.192	
0	78.7, F	0.484	67.234	
0	102.5, F	0.775	67.276	
0	103.9, F	0.563	67.317	
0	225.7, F	0.653	67.359	
0	97.8, F	1.115	67.401	
0	154.2, F	0.228	67.442	
0	231.1, F	0.494	67.484	
0	13.7, F	0.792	67.526	
0	169.6, F	0.861	67.567	
0	33.6, F	0.542	67.609	
0	185.4, F	1.07	67.651	
0	356.5, F	0.362	67.693	
0	13.7, F	0.165	67.734	
0	None	0	67.776	0.04200000000000159
0	231.2, F	0.297	67.818	
0	163.6, F	0.348	67.859	
0	214.4, F	0.766	67.901	
0	203.3, F	0.761	67.943	
0	320.0, F	0.664	67.985	
0	147.1, F	1.145	68.026	
0	291.2, F	0.867	68.068	
0	93.3, F	0.382	68.110	
0	264.6, F	1.274	68.151	
0	113.2, F	0.699	68.193	
0	172.0, F	0.496	68.235	
0	201.9, F	0.207	68.277	
0	197.4, F	0.535	68.318	
0	194.8, F	0.59	68.360	
0	351.5, F	0.475	68.402	
0	182.0, F	1.209	68.443	
0	43.8, F	0.536	68.485	
0	241.6, F	0.156	68.527	
0	204.3, F	0.212	68.569	
0	117.2, F	0.197	68.610	
0	143.2, F	0.336	68.652	
0	130.1, F	0.334	68.694	
0	132.2, F	0.53	68.735	
0	226.2, F	0.982	68.777	
0	60.6, F	0.848	68.819	
0	299.8, F	0.6	68.860	
0	138.5, F	1.179	68.902	
0	297.5, F	0.375	68.944	
0	296.0, F	0.235	68.986	
0	87.6, F	1.123	69.027	
0	266.8, F	0.8	69.069	
0	202.5, F	0.144	69.111	
0	178.1, F	0.123	69.152	
0	176.1, F	0.145	69.194	
0	153.8, F	0.131	69.236	
0	354.4, F	0.163	69.278	
0	189.8, F	0.234	69.319	
0	None	0	69.361	
0	None	0	69.403	
0	None	0	69.444	
0	None	0	69.486	
0	None	0	69.528	0.2079999999999984
0	217.6, F	0.225	69.569	
0	219.3, F	0.256	69.611	
0	88.1, F	0.95	69.653	
0	242.1, F	0.334	69.695	
0	227.0, F	0.384	69.736	
0	233.4, F	0.33	69.778	
0	56.0, F	1.039	69.820	
0	211.8, F	0.754	69.861	
0	319.8, F	0.91	69.903	
0	136.3, F	0.84	69.945	
0	309.9, F	0.701	69.987	
0	146.7, F	0.988	70.028	
0	305.5, F	0.731	70.070	
0	61.3, F	0.619	70.112	
0	213.3, F	1.256	70.153	
0	61.3, F	0.613	70.195	
0	286.8, F	0.791	70.237	
0	70.5, F	0.564	70.279	
0	65.7, F	0.457	70.320	
0	215.4, F	1.602	70.362	
0	34.6, F	0.729	70.404	
0	67.1, F	0.54	70.445	
0	278.2, F	0.847	70.487	
0	75.9, F	0.443	70.529	
0	69.2, F	0.51	70.570	
0	216.9, F	1.866	70.612	
0	27.0, F	0.587	70.654	
0	62.5, F	0.343	70.696	
0	70.4, F	0.277	70.737	
0	275.1, F	1.261	70.779	
0	77.5, F	0.794	70.821	
0	69.1, F	0.249	70.862	
0	66.2, F	0.266	70.904	
0	276.8, F	1.19	70.946	
0	81.3, F	0.848	70.988	
0	171.3, F	1.435	71.029	
0	291.3, F	1.315	71.071	
0	77.3, F	0.876	71.113	
0	69.3, F	0.235	71.154	
0	84.2, F	0.219	71.196	
0	275.7, F	1.197	71.238	
0	75.2, F	0.764	71.280	
0	52.0, F	0.323	71.321	
0	69.0, F	0.17	71.363	
0	280.3, F	1.252	71.405	
0	154.9, F	1.443	71.446	
0	2.4, F	0.747	71.488	
0	42.3, F	0.122	71.530	
0	28.7, F	0.181	71.572	
0	42.5, F	0.148	71.613	
0	178.9, F	1.352	71.655	
0	1.4, F	0.551	71.697	
0	None	0	71.738	0.04200000000000159
0	183.9, F	0.162	71.780	
0	189.2, F	0.187	71.822	
0	350.0, F	0.253	71.863	
0	192.3, F	0.259	71.905	
0	325.5, F	0.171	71.947	
0	318.5, F	0.198	71.989	
0	204.7, F	0.336	72.030	
0	338.5, F	0.286	72.072	
0	205.4, F	0.531	72.114	
0	101.8, F	0.221	72.155	
0	258.0, F	0.279	72.197	
0	127.8, F	0.237	72.239	
0	239.9, F	0.209	72.281	
0	118.4, F	0.28	72.322	
0	223.5, F	0.219	72.364	
0	350.0, F	1.273	72.406	
0	162.0, F	0.583	72.447	
0	111.8, F	0.337	72.489	
0	227.0, F	0.221	72.531	
0	207.1, F	0.34	72.572	
0	96.7, F	0.187	72.614	
0	295.9, F	0.332	72.656	
0	101.1, F	0.114	72.698	
0	127.0, F	0.096	72.739	
0	304.0, F	0.443	72.781	
0	4.0, F	0.376	72.823	
0	358.9, F	0.412	72.864	
0	None	0	72.906	
0	None	0	72.948	
0	None	0	72.990	0.125
0	356.1, F	0.104	73.031	
0	347.4, F	0.096	73.073	
0	None	0	73.115	0.04100000000001103
0	275.5, F	0.116	73.156	
0	None	0	73.198	
0	None	0	73.240	
0	None	0	73.282	
0	None	0	73.323	
0	None	0	73.365	0.20900000000000318
0	20.8, F	0.166	73.407	
0	None	0	73.448	0.04200000000000159
0	46.6, F	0.226	73.490	
0	44.2, F	0.244	73.532	
0	177.6, F	1.322	73.573	
0	359.5, F	0.683	73.615	
0	35.7, F	0.206	73.657	
0	31.7, F	0.2	73.699	
0	283.7, F	0.338	73.740	
0	46.7, F	0.168	73.782	
0	15.7, F	0.222	73.824	
0	181.8, F	1.223	73.865	
0	2.6, F	0.629	73.907	
0	30.7, F	0.215	73.949	
0	329.3, F	0.28	73.991	
0	172.6, F	1.058	74.032	
0	351.2, F	0.886	74.074	
0	39.6, F	0.477	74.116	
0	185.2, F	0.962	74.157	
0	351.0, F	0.478	74.199	
0	352.5, F	0.472	74.241	
0	162.8, F	0.809	74.283	
0	343.3, F	0.585	74.324	
0	342.9, F	0.566	74.366	
0	156.7, F	0.691	74.408	
0	350.1, F	0.604	74.449	
0	192.8, F	0.729	74.491	
0	17.9, F	0.661	74.533	
0	194.1, F	0.704	74.575	
0	17.0, F	0.67	74.616	
0	192.1, F	0.776	74.658	
0	14.0, F	0.669	74.700	
0	196.4, F	0.678	74.741	
0	21.6, F	0.716	74.783	
0	191.4, F	0.618	74.825	
0	353.3, F	0.766	74.866	
0	140.2, F	0.475	74.908	
0	181.8, F	0.386	74.950	
0	354.8, F	1.016	74.992	
0	187.0, F	0.277	75.033	
0	177.1, F	0.237	75.075	
0	201.4, F	0.326	75.117	
0	353.2, F	1.024	75.158	
0	111.0, F	0.344	75.200	
0	199.3, F	0.254	75.242	
0	218.5, F	0.239	75.284	
0	91.6, F	0.348	75.325	
0	221.2, F	0.194	75.367	
0	221.8, F	0.177	75.409	
0	244.3, F	0.154	75.450	
0	7.2, F	1.436	75.492	
0	206.7, F	0.686	75.534	
0	102.8, F	0.199	75.575	
0	256.5, F	0.308	75.617	
0	66.7, F	0.142	75.659	
0	None	0	75.701	
0	None	0	75.742	0.08300000000001262
0	195.3, F	0.11	75.784	
0	None	0	75.826	
0	None	0	75.867	
0	None	0	75.909	
0	None	0	75.951	
0	None	0	75.993	0.20800000000001262
0	210.0, F	0.126	76.034	
0	212.1, F	0.13	76.076	
0	217.7, F	0.139	76.118	
0	227.2, F	0.187	76.159	
0	226.1, F	0.283	76.201	
0	238.7, F	0.275	76.243	
0	344.8, F	1.088	76.285	
0	106.4, F	1.001	76.326	
0	211.4, F	0.513	76.368	
0	207.3, F	0.539	76.410	
0	348.7, F	0.737	76.451	
0	191.7, F	0.551	76.493	
0	351.0, F	0.682	76.535	
0	121.6, F	1.378	76.576	
0	299.2, F	0.924	76.618	
0	185.4, F	0.815	76.660	
0	346.4, F	0.471	76.702	
0	189.4, F	0.948	76.743	
0	77.4, F	1.251	76.785	
0	287.0, F	0.734	76.827	
0	329.4, F	0.244	76.868	
0	332.4, F	0.182	76.910	
0	320.0, F	0.193	76.952	
0	188.0, F	1.46	76.994	
0	72.7, F	1.059	77.035	
0	324.7, F	0.451	77.077	
0	226.4, F	0.472	77.119	
0	296.0, F	0.381	77.160	
0	116.8, F	0.817	77.202	
0	271.0, F	0.41	77.244	
0	248.7, F	0.57	77.286	
0	101.4, F	0.631	77.327	
0	247.8, F	0.662	77.369	
0	114.6, F	0.452	77.411	
0	242.3, F	0.914	77.452	
0	25.9, F	0.822	77.494	
0	152.4, F	0.607	77.536	
0	301.6, F	1.218	77.578	
0	135.4, F	1.153	77.619	
0	22.9, F	0.416	77.661	
0	39.4, F	0.29	77.703	
0	226.6, F	1.665	77.744	
0	76.8, F	0.613	77.786	
0	77.1, F	0.193	77.828	
0	124.8, F	0.163	77.869	
0	145.5, F	0.221	77.911	
0	38.1, F	0.182	77.953	
0	252.7, F	1.379	77.995	
0	80.0, F	0.606	78.036	
0	62.9, F	0.18	78.078	
0	68.6, F	0.168	78.120	
0	88.6, F	0.119	78.161	
0	43.1, F	0.127	78.203	
0	187.8, F	0.52	78.245	
0	232.5, F	0.108	78.287	
0	222.8, F	0.316	78.328	
0	225.7, F	0.216	78.370	
0	230.0, F	0.229	78.412	
0	343.9, F	1.226	78.453	
0	173.1, F	0.735	78.495	
0	None	0	78.537	
0	None	0	78.578	0.08299999999999841
0	261.3, F	0.815	78.620	
0	223.8, F	0.277	78.662	
0	344.6, F	1.117	78.704	
0	132.9, F	1.018	78.745	
0	249.9, F	0.52	78.787	
0	119.4, F	0.375	78.829	
0	324.9, F	1.278	78.870	
0	167.4, F	0.898	78.912	
0	114.8, F	0.243	78.954	
0	131.5, F	0.196	78.996	
0	310.6, F	1.833	79.037	
0	147.4, F	0.926	79.079	
0	220.5, F	0.1	79.121	
0	248.9, F	0.236	79.162	
0	113.5, F	0.203	79.204	
0	257.0, F	0.271	79.246	
0	145.0, F	0.176	79.288	
0	1.4, F	1.281	79.329	
0	210.6, F	0.685	79.371	
0	45.7, F	0.117	79.413	
0	5.7, F	0.21	79.454	
0	346.7, F	0.27	79.496	
0	202.2, F	0.291	79.538	
0	346.0, F	0.373	79.579	
0	273.4, F	0.239	79.621	
0	301.7, F	0.368	79.663	
0	72.4, F	0.606	79.705	
0	309.3, F	0.597	79.746	
0	308.1, F	0.736	79.788	
0	156.0, F	0.741	79.830	
0	39.2, F	0.697	79.871	
0	237.3, F	1.028	79.913	
0	23.8, F	0.744	79.955	
0	147.1, F	0.311	79.997	
0	132.2, F	0.261	80.038	
0	319.6, F	1.615	80.080	
0	123.4, F	0.985	80.122	
0	42.8, F	0.217	80.163	
0	41.0, F	0.245	80.205	
0	254.8, F	1.156	80.247	
0	21.6, F	0.448	80.289	
0	137.7, F	0.165	80.330	
0	91.5, F	0.148	80.372	
0	69.7, F	0.181	80.414	
0	56.7, F	0.306	80.455	
0	62.1, F	0.329	80.497	
0	283.9, F	0.784	80.539	
0	64.3, F	0.374	80.581	
0	63.7, F	0.463	80.622	
0	301.4, F	0.659	80.664	
0	147.7, F	0.764	80.706	
0	42.0, F	0.529	80.747	
0	216.4, F	0.91	80.789	
0	45.7, F	0.583	80.831	
0	310.6, F	0.668	80.872	
0	141.8, F	0.706	80.914	
0	316.0, F	0.78	80.956	
0	131.8, F	0.626	80.998	
0	320.3, F	0.798	81.039	
0	135.5, F	0.653	81.081	
0	319.6, F	0.694	81.123	
0	139.7, F	0.679	81.164	
0	317.3, F	0.677	81.206	
0	147.1, F	0.772	81.248	
0	43.8, F	0.588	81.290	
0	222.9, F	0.876	81.331	
0	40.8, F	0.552	81.373	
0	301.2, F	0.948	81.415	
0	160.9, F	0.614	81.456	
0	29.2, F	0.5	81.498	
0	169.8, F	0.6	81.540	
0	14.9, F	0.521	81.581	
0	253.2, F	1.465	81.623	
0	43.6, F	0.779	81.665	
0	186.1, F	0.505	81.707	
0	0.6, F	0.492	81.748	
0	184.8, F	0.518	81.790	
0	9.8, F	0.501	81.832	
0	178.5, F	0.546	81.873	
0	15.6, F	0.502	81.915	
0	169.1, F	0.592	81.957	
0	29.0, F	0.483	81.999	
0	162.2, F	0.592	82.040	
0	34.8, F	0.509	82.082	
0	298.6, F	0.913	82.124	
0	156.1, F	0.727	82.165	
0	40.4, F	0.614	82.207	
0	157.2, F	0.857	82.249	
0	300.1, F	0.848	82.291	
0	42.0, F	0.68	82.332	
0	226.6, F	1.081	82.374	
0	40.0, F	0.701	82.416	
0	130.5, F	0.538	82.457	
0	306.3, F	0.959	82.499	
0	134.8, F	0.488	82.541	
0	123.7, F	0.431	82.582	
0	315.9, F	1.187	82.624	
0	106.7, F	0.394	82.666	
0	92.3, F	0.369	82.708	
0	87.5, F	0.301	82.749	
0	277.5, F	1.174	82.791	
0	67.3, F	0.316	82.833	
0	68.4, F	0.25	82.874	
0	62.2, F	0.287	82.916	
0	133.2, F	0.288	82.958	
0	295.3, F	1.286	83.000	
0	99.4, F	0.951	83.041	
0	112.0, F	0.393	83.083	
0	261.4, F	0.508	83.125	
0	41.3, F	0.808	83.166	
0	255.8, F	0.497	83.208	
0	98.1, F	0.491	83.250	
0	237.3, F	0.37	83.292	
0	95.9, F	0.779	83.333	
0	254.6, F	0.106	83.375	
0	None	0	83.417	
0	None	0	83.458	
0	None	0	83.500	0.125
0	23.2, F	0.107	83.542	
0	14.7, F	0.193	83.584	
0	None	0	83.625	
0	None	0	83.667	0.08400000000000318
0	26.6, F	0.096	83.709	
0	None	0	83.750	0.04200000000000159
0	145.2, F	0.096	83.792	
0	None	0	83.834	
0	None	0	83.875	0.08299999999999841
0	329.6, F	0.166	83.917	
0	333.4, F	0.364	83.959	
0	201.1, F	0.815	84.001	
0	324.0, F	0.377	84.042	
0	311.3, F	0.395	84.084	
0	155.4, F	0.976	84.126	
0	297.8, F	0.764	84.167	
0	37.9, F	0.484	84.209	
0	56.0, F	0.351	84.251	
0	224.8, F	1.327	84.293	
0	41.5, F	0.403	84.334	
0	46.1, F	0.407	84.376	
0	51.3, F	0.369	84.418	
0	287.3, F	1.075	84.459	
0	172.5, F	0.855	84.501	
0	17.4, F	0.321	84.543	
0	3.7, F	0.283	84.584	
0	348.7, F	0.3	84.626	
0	196.7, F	0.682	84.668	
0	340.9, F	0.409	84.710	
0	161.6, F	0.636	84.751	
0	327.5, F	0.556	84.793	
0	20.5, F	0.501	84.835	
0	177.3, F	0.493	84.876	
0	356.0, F	0.444	84.918	
0	199.4, F	0.419	84.960	
0	343.8, F	0.501	85.002	
0	197.5, F	0.587	85.043	
0	344.7, F	0.405	85.085	
0	188.1, F	0.492	85.127	
0	1.9, F	0.382	85.168	
0	179.3, F	0.788	85.210	
0	10.4, F	0.326	85.252	
0	22.7, F	0.21	85.294	
0	49.6, F	0.167	85.335	
0	57.3, F	0.15	85.377	
0	172.9, F	1.412	85.419	
0	22.4, F	0.495	85.460	
0	221.0, F	0.367	85.502	
0	34.5, F	0.475	85.544	
0	203.4, F	0.313	85.585	
0	334.4, F	0.16	85.627	
0	135.5, F	0.6	85.669	
0	349.5, F	0.159	85.711	
0	324.8, F	0.104	85.752	
0	322.9, F	0.118	85.794	
0	None	0	85.836	0.04099999999999682
0	187.1, F	0.725	85.877	
0	None	0	85.919	
0	None	0	85.961	0.08400000000000318
0	67.5, F	0.094	86.003	
0	None	0	86.044	
0	None	0	86.086	0.08400000000000318
0	295.4, F	0.158	86.128	
0	273.6, F	0.348	86.169	
0	38.4, F	0.179	86.211	
0	3.7, F	0.249	86.253	
0	209.1, F	0.358	86.295	
0	341.6, F	0.333	86.336	
0	221.8, F	0.302	86.378	
0	323.7, F	0.441	86.420	
0	238.0, F	0.442	86.461	
0	70.7, F	0.755	86.503	
0	227.3, F	0.449	86.545	
0	315.2, F	0.416	86.587	
0	111.6, F	0.771	86.628	
0	307.6, F	0.408	86.670	
0	230.4, F	0.565	86.712	
0	73.0, F	0.647	86.753	
0	276.9, F	0.495	86.795	
0	221.6, F	0.802	86.837	
0	96.8, F	0.629	86.878	
0	266.5, F	0.453	86.920	
0	95.6, F	0.623	86.962	
0	260.3, F	0.42	87.004	
0	96.7, F	0.661	87.045	
0	266.2, F	0.389	87.087	
0	263.9, F	0.311	87.129	
0	87.9, F	0.811	87.170	
0	298.4, F	0.367	87.212	
0	308.6, F	0.411	87.254	
0	315.3, F	0.402	87.296	
0	80.5, F	0.906	87.337	
0	313.1, F	0.345	87.379	
0	227.5, F	0.434	87.421	
0	353.9, F	0.215	87.462	
0	148.6, F	0.117	87.504	
0	107.7, F	0.151	87.546	
0	20.3, F	0.691	87.587	
0	63.4, F	0.646	87.629	
0	25.5, F	0.256	87.671	
0	170.6, F	0.672	87.713	
0	30.2, F	0.603	87.754	
0	30.1, F	1.307	87.796	
0	196.2, F	0.892	87.838	
0	94.7, F	1.151	87.879	
0	272.5, F	0.523	87.921	
0	44.7, F	0.431	87.963	
0	57.3, F	0.536	88.005	
0	348.9, F	0.426	88.046	
0	None	0	88.088	0.04200000000000159
0	35.7, F	0.206	88.130	
0	41.4, F	0.222	88.171	
0	29.1, F	0.292	88.213	
0	31.4, F	0.268	88.255	
0	28.7, F	0.435	88.297	
0	236.3, F	1.338	88.338	
0	63.6, F	0.888	88.380	
0	24.0, F	0.376	88.422	
0	146.8, F	0.433	88.463	
0	304.9, F	1.123	88.505	
0	129.4, F	0.377	88.547	
0	111.4, F	0.337	88.588	
0	131.1, F	0.345	88.630	
0	252.3, F	0.838	88.672	
0	31.7, F	0.962	88.714	
0	96.2, F	0.543	88.755	
0	275.0, F	0.346	88.797	
0	86.8, F	0.704	88.839	
0	273.9, F	0.249	88.880	
0	278.7, F	0.323	88.922	
0	308.3, F	0.496	88.964	
0	62.8, F	0.644	89.006	
0	248.6, F	0.499	89.047	
0	109.7, F	0.565	89.089	
0	291.2, F	0.702	89.131	
0	125.0, F	0.717	89.172	
0	300.2, F	0.39	89.214	
0	77.6, F	0.831	89.256	
0	191.7, F	0.625	89.298	
0	290.2, F	0.113	89.339	
0	348.1, F	0.102	89.381	
0	102.7, F	0.159	89.423	
0	103.3, F	0.336	89.464	
0	100.6, F	0.543	89.506	
0	None	0	89.548	0.04200000000000159
0	97.6, F	0.204	89.590	
0	94.7, F	0.363	89.631	
0	272.5, F	0.723	89.673	
0	102.5, F	0.336	89.715	
0	83.2, F	0.312	89.756	
0	287.9, F	0.409	89.798	
0	86.5, F	0.803	89.840	
0	300.3, F	0.145	89.881	
0	302.9, F	0.101	89.923	
0	None	0	89.965	
0	None	0	90.007	
0	None	0	90.048	0.125
0	66.7, F	0.172	90.090	
0	80.7, F	0.291	90.132	
0	88.5, F	0.271	90.173	
0	273.5, F	0.178	90.215	
0	78.2, F	0.498	90.257	
0	190.0, F	0.573	90.299	
0	302.2, F	0.099	90.340	
0	None	0	90.382	
0	None	0	90.424	
0	None	0	90.465	
0	None	0	90.507	0.1670000000000016
0	73.5, F	0.13	90.549	
0	78.7, F	0.102	90.590	
0	88.5, F	0.156	90.632	
0	50.4, F	0.143	90.674	
0	46.5, F	0.139	90.716	
0	62.5, F	0.162	90.757	
0	278.0, F	1.129	90.799	
0	71.4, F	0.728	90.841	
0	170.0, F	0.334	90.882	
0	23.1, F	0.239	90.924	
0	174.2, F	0.217	90.966	
0	19.1, F	0.369	91.008	
0	158.9, F	0.244	91.049	
0	168.2, F	0.23	91.091	
0	293.6, F	1.294	91.133	
0	84.5, F	0.702	91.174	
0	None	0	91.216	0.04200000000000159
0	8.2, F	0.133	91.258	
0	339.2, F	0.169	91.300	
0	353.1, F	0.332	91.341	
0	192.6, F	0.69	91.383	
0	357.2, F	0.672	91.425	
0	217.5, F	0.384	91.466	
0	339.8, F	0.918	91.508	
0	115.2, F	0.27	91.550	
0	251.5, F	0.344	91.591	
0	18.7, F	0.243	91.633	
0	343.2, F	0.197	91.675	
0	337.9, F	0.481	91.717	
0	227.3, F	0.348	91.758	
0	334.7, F	0.858	91.800	
0	68.5, F	0.763	91.842	
0	217.8, F	1.069	91.883	
0	60.0, F	0.553	91.925	
0	300.3, F	0.856	91.967	
0	28.1, F	0.565	92.009	
0	153.0, F	0.383	92.050	
0	243.8, F	1.089	92.092	
0	1.5, F	0.75	92.134	
0	192.4, F	0.331	92.175	
0	356.2, F	0.764	92.217	
0	190.5, F	0.335	92.259	
0	205.2, F	0.328	92.301	
0	119.5, F	0.406	92.342	
0	340.6, F	1.029	92.384	
0	138.1, F	0.196	92.426	
0	248.5, F	0.55	92.467	
0	222.3, F	0.21	92.509	
0	235.6, F	0.191	92.551	
0	240.6, F	0.334	92.593	
0	92.9, F	0.603	92.634	
0	256.3, F	0.611	92.676	
0	20.8, F	1.007	92.718	
0	254.3, F	0.719	92.759	
0	161.6, F	0.228	92.801	
0	192.2, F	0.199	92.843	
0	202.6, F	0.359	92.884	
0	347.0, F	0.765	92.926	
0	230.9, F	0.577	92.968	
0	163.2, F	0.395	93.010	
0	14.7, F	0.566	93.051	
0	229.9, F	0.803	93.093	
0	348.5, F	0.462	93.135	
0	191.6, F	0.71	93.176	
0	337.7, F	0.264	93.218	
0	338.7, F	0.253	93.260	
0	197.7, F	0.973	93.302	
0	75.2, F	0.932	93.343	
0	293.3, F	0.304	93.385	
0	283.8, F	0.315	93.427	
0	263.8, F	0.437	93.468	
0	87.7, F	0.576	93.510	
0	261.8, F	0.635	93.552	
0	100.4, F	0.34	93.593	
0	100.0, F	0.265	93.635	
0	258.5, F	0.952	93.677	
0	141.0, F	0.235	93.719	
0	183.0, F	0.308	93.760	
0	328.9, F	0.174	93.802	
0	340.1, F	0.194	93.844	
0	201.3, F	0.455	93.885	
0	286.4, F	0.22	93.927	
0	66.5, F	0.183	93.969	
0	265.1, F	0.443	94.011	
0	62.1, F	0.098	94.052	
0	None	0	94.094	0.04200000000000159
0	161.6, F	0.152	94.136	
0	174.0, F	0.181	94.177	
0	201.4, F	0.219	94.219	
0	206.2, F	0.301	94.261	
0	217.6, F	0.382	94.303	
0	345.6, F	0.994	94.344	
0	223.7, F	0.41	94.386	
0	111.9, F	0.765	94.428	
0	241.7, F	0.664	94.469	
0	16.4, F	0.921	94.511	
0	258.0, F	1.07	94.553	
0	172.3, F	0.203	94.594	
0	218.5, F	0.276	94.636	
0	124.6, F	0.183	94.678	
0	339.9, F	1.38	94.720	
0	191.1, F	0.499	94.761	
0	266.8, F	0.616	94.803	
0	6.9, F	1.413	94.845	
0	214.6, F	1.817	94.886	
0	359.0, F	0.556	94.928	
0	288.1, F	0.283	94.970	
0	38.4, F	0.227	95.012	
0	4.8, F	0.261	95.053	
0	345.3, F	0.377	95.095	
0	197.1, F	0.777	95.137	
0	344.9, F	0.366	95.178	
0	340.7, F	0.3	95.220	
0	346.6, F	0.263	95.262	
0	184.7, F	1.07	95.304	
0	2.5, F	0.16	95.345	
0	349.3, F	0.146	95.387	
0	350.8, F	0.187	95.429	
0	340.7, F	0.151	95.470	
0	348.9, F	0.136	95.512	
0	4.2, F	0.177	95.554	
0	188.8, F	0.946	95.596	
0	346.5, F	0.111	95.637	
0	344.5, F	0.135	95.679	
0	341.7, F	0.137	95.721	
0	85.5, F	1.211	95.762	
0	280.1, F	0.605	95.804	
0	None	0	95.846	0.04099999999999682
0	59.9, F	0.124	95.887	
0	67.3, F	0.212	95.929	
0	69.5, F	0.28	95.971	
0	284.7, F	0.269	96.013	
0	160.5, F	1.046	96.054	
0	325.0, F	0.138	96.096	
0	11.6, F	0.114	96.138	
0	25.0, F	0.199	96.179	
0	29.2, F	0.207	96.221	
0	41.8, F	0.282	96.263	
0	55.0, F	0.394	96.305	
0	168.5, F	0.994	96.346	
0	277.6, F	0.887	96.388	
0	57.8, F	0.349	96.430	
0	71.1, F	0.384	96.471	
0	78.3, F	0.41	96.513	
0	264.3, F	0.654	96.555	
0	90.1, F	0.528	96.596	
0	258.5, F	0.405	96.638	
0	84.2, F	0.623	96.680	
0	265.8, F	0.298	96.722	
0	264.2, F	0.298	96.763	
0	97.5, F	0.824	96.805	
0	249.6, F	0.255	96.847	
0	249.2, F	0.222	96.888	
0	242.5, F	0.158	96.930	
0	228.9, F	0.23	96.972	
0	82.4, F	1.206	97.014	
0	256.7, F	0.918	97.055	
0	336.6, F	0.33	97.097	
0	210.8, F	0.187	97.139	
0	104.4, F	1.122	97.180	
0	288.3, F	0.814	97.222	
0	220.8, F	0.243	97.264	
0	349.2, F	0.251	97.306	
0	187.9, F	0.176	97.347	
0	355.4, F	0.321	97.389	
0	180.6, F	0.182	97.431	
0	192.8, F	0.203	97.472	
0	80.9, F	1.315	97.514	
0	250.7, F	0.803	97.556	
0	0.9, F	0.373	97.597	
0	239.7, F	0.194	97.639	
0	244.8, F	0.148	97.681	
0	239.4, F	0.236	97.723	
0	339.7, F	0.429	97.764	
0	91.7, F	0.768	97.806	
0	247.9, F	0.292	97.848	
0	240.2, F	0.296	97.889	
0	247.5, F	0.251	97.931	
0	57.8, F	1.106	97.973	
0	254.6, F	0.589	98.015	
0	259.6, F	0.483	98.056	
0	101.4, F	0.45	98.098	
0	238.5, F	0.644	98.140	
0	51.5, F	0.723	98.181	
0	253.5, F	0.55	98.223	
0	105.2, F	0.545	98.265	
0	256.1, F	0.404	98.307	
0	77.7, F	1.06	98.348	
0	237.7, F	0.232	98.390	
0	234.0, F	0.167	98.432	
0	8.3, F	0.318	98.473	
0	141.5, F	0.162	98.515	
0	126.8, F	0.159	98.557	
0	131.5, F	0.172	98.599	
0	10.9, F	0.538	98.640	
0	255.9, F	0.783	98.682	
0	None	0	98.724	0.04099999999999682
0	252.5, F	0.139	98.765	
0	268.3, F	0.306	98.807	
0	88.2, F	0.702	98.849	
0	270.3, F	0.367	98.890	
0	265.5, F	0.418	98.932	
0	88.5, F	0.558	98.974	
0	267.0, F	0.503	99.016	
0	82.8, F	0.405	99.057	
0	267.9, F	0.603	99.099	
0	101.7, F	0.458	99.141	
0	100.3, F	0.463	99.182	
0	238.3, F	0.597	99.224	
0	61.8, F	0.641	99.266	
0	287.3, F	0.443	99.308	
0	220.0, F	0.63	99.349	
0	73.9, F	0.702	99.391	
0	283.9, F	0.378	99.433	
0	82.8, F	0.693	99.474	
0	212.0, F	0.711	99.516	
0	287.2, F	0.339	99.558	
0	80.9, F	0.804	99.599	
0	245.7, F	0.192	99.641	
0	241.2, F	0.158	99.683	
0	None	0	99.725	
0	None	0	99.766	0.08300000000001262
0	103.1, F	0.137	99.808	
0	103.6, F	0.263	99.850	
0	100.4, F	0.371	99.891	
0	243.2, F	0.319	99.933	
0	90.9, F	0.59	99.975	
0	243.8, F	0.138	100.017	
0	230.9, F	0.097	100.058	
0	249.0, F	0.115	100.100	
0	354.4, F	0.664	100.142	
0	225.0, F	0.28	100.183	
0	112.3, F	0.519	100.225	
0	221.2, F	0.34	100.267	
0	194.4, F	0.362	100.309	
0	1.1, F	0.477	100.350	
0	170.8, F	0.37	100.392	
0	10.9, F	0.353	100.434	
0	171.3, F	0.529	100.475	
0	10.3, F	0.382	100.517	
0	14.0, F	0.31	100.559	
0	166.4, F	0.711	100.600	
0	40.9, F	0.347	100.642	
0	55.5, F	0.355	100.684	
0	206.0, F	1.209	100.726	
0	19.1, F	1.256	100.767	
0	145.3, F	0.895	100.809	
0	303.8, F	0.419	100.851	
0	317.2, F	0.282	100.892	
0	80.8, F	1.177	100.934	
0	197.5, F	1.156	100.976	
0	16.8, F	0.868	101.018	
0	268.6, F	0.405	101.059	
0	89.7, F	0.387	101.101	
0	85.1, F	0.496	101.143	
0	286.1, F	0.133	101.184	
0	None	0	101.226	
0	None	0	101.268	0.08400000000000318
0	106.4, F	0.106	101.310	
0	101.4, F	0.147	101.351	
0	122.3, F	0.236	101.393	
0	111.0, F	0.265	101.435	
0	247.6, F	0.662	101.476	
0	110.6, F	0.525	101.518	
0	107.3, F	0.539	101.560	
0	242.5, F	0.483	101.602	
0	70.9, F	0.863	101.643	
0	224.2, F	0.392	101.685	
0	310.4, F	0.364	101.727	
0	219.2, F	0.392	101.768	
0	71.8, F	0.902	101.810	
0	220.0, F	0.363	101.852	
0	328.5, F	0.372	101.893	
0	246.6, F	0.227	101.935	
0	335.4, F	0.48	101.977	
0	247.3, F	0.283	102.019	
0	90.2, F	0.807	102.060	
0	261.8, F	0.253	102.102	
0	258.2, F	0.253	102.144	
0	277.3, F	0.197	102.185	
0	86.9, F	0.835	102.227	
0	260.1, F	0.309	102.269	
0	259.3, F	0.436	102.311	
0	94.5, F	0.458	102.352	
0	251.5, F	0.657	102.394	
0	38.8, F	0.501	102.436	
0	264.6, F	0.984	102.477	
0	None	0	102.519	
0	None	0	102.561	
0	None	0	102.602	
0	None	0	102.644	
0	None	0	102.686	
0	None	0	102.728	
0	None	0	102.769	
0	None	0	102.811	
0	None	0	102.853	
0	None	0	102.894	
0	None	0	102.936	0.458999999999989
0	21.9, F	0.11	102.978	
0	7.5, F	0.16	103.020	
0	349.8, F	0.152	103.061	
0	337.8, F	0.159	103.103	
0	334.0, F	0.174	103.145	
0	337.5, F	0.162	103.186	
0	187.6, F	0.943	103.228	
0	310.2, F	0.262	103.270	
0	311.1, F	0.289	103.312	
0	67.4, F	0.418	103.353	
0	295.0, F	0.364	103.395	
0	57.4, F	0.286	103.437	
0	195.6, F	1.17	103.478	
0	12.4, F	0.955	103.520	
0	272.4, F	0.495	103.562	
0	51.4, F	0.165	103.603	
0	69.5, F	0.148	103.645	
0	40.1, F	0.157	103.687	
0	172.7, F	1.068	103.729	
0	273.4, F	0.517	103.770	
0	61.0, F	0.192	103.812	
0	43.4, F	0.156	103.854	
0	35.0, F	0.11	103.895	
0	None	0	103.937	
0	None	0	103.979	
0	None	0	104.021	0.125
0	295.9, F	0.11	104.062	
0	283.0, F	0.195	104.104	
0	248.1, F	0.274	104.146	
0	250.0, F	0.289	104.187	
0	97.5, F	0.695	104.229	
0	255.4, F	0.297	104.271	
0	240.8, F	0.289	104.313	
0	236.8, F	0.269	104.354	
0	65.5, F	0.906	104.396	
0	238.2, F	0.353	104.438	
0	254.2, F	0.298	104.479	
0	241.2, F	0.33	104.521	
0	61.8, F	1.025	104.563	
0	244.4, F	0.308	104.605	
0	261.5, F	0.264	104.646	
0	267.3, F	0.25	104.688	
0	87.9, F	0.776	104.730	
0	270.4, F	0.306	104.771	
0	266.8, F	0.251	104.813	
0	275.9, F	0.312	104.855	
0	80.6, F	0.635	104.896	
0	280.4, F	0.382	104.938	
0	274.0, F	0.375	104.980	
0	80.7, F	0.569	105.022	
0	288.3, F	0.385	105.063	
0	70.0, F	0.526	105.105	
0	279.1, F	0.526	105.147	
0	76.7, F	0.505	105.188	
0	204.1, F	1.117	105.230	
0	69.1, F	0.493	105.272	
0	296.9, F	0.609	105.314	
0	67.0, F	0.552	105.355	
0	294.5, F	0.623	105.397	
0	60.9, F	0.514	105.439	
0	223.2, F	0.785	105.480	
0	45.0, F	0.566	105.522	
0	232.2, F	0.797	105.564	
0	35.5, F	0.652	105.605	
0	141.8, F	0.536	105.647	
0	314.5, F	0.854	105.689	
0	145.8, F	0.549	105.731	
0	34.9, F	0.677	105.772	
0	234.0, F	0.771	105.814	
0	39.7, F	0.647	105.856	
0	227.1, F	0.781	105.897	
0	40.1, F	0.663	105.939	
0	148.2, F	0.587	105.981	
0	308.8, F	0.787	106.023	
0	143.6, F	0.541	106.064	
0	41.1, F	0.686	106.106	
0	228.7, F	0.777	106.148	
0	41.5, F	0.713	106.189	
0	229.9, F	0.733	106.231	
0	136.8, F	0.576	106.273	
0	320.8, F	0.909	106.315	
0	135.1, F	0.605	106.356	
0	35.8, F	0.749	106.398	
0	232.1, F	0.672	106.440	
0	135.9, F	0.601	106.481	
0	323.7, F	0.962	106.523	
0	127.3, F	0.564	106.565	
0	229.4, F	0.623	106.606	
0	29.7, F	0.946	106.648	
0	235.2, F	0.641	106.690	
0	126.1, F	0.632	106.732	
0	329.3, F	0.886	106.773	
0	128.1, F	0.573	106.815	
0	234.2, F	0.586	106.857	
0	34.5, F	1.038	106.898	
0	235.0, F	0.558	106.940	
0	115.1, F	0.537	106.982	
0	239.2, F	0.5	107.024	
0	28.9, F	1.013	107.065	
0	244.4, F	0.611	107.107	
0	126.6, F	0.487	107.149	
0	244.9, F	0.687	107.190	
0	27.9, F	0.903	107.232	
0	245.7, F	0.809	107.274	
0	136.3, F	0.44	107.316	
0	134.9, F	0.411	107.357	
0	16.3, F	0.889	107.399	
0	251.7, F	1.005	107.441	
0	171.6, F	0.383	107.482	
0	359.8, F	0.686	107.524	
0	188.0, F	0.258	107.566	
0	182.4, F	0.291	107.608	
0	186.0, F	0.344	107.649	
0	0.4, F	0.764	107.691	
0	183.2, F	0.305	107.733	
0	174.1, F	0.214	107.774	
0	1.9, F	0.767	107.816	
0	164.4, F	0.201	107.858	
0	163.5, F	0.243	107.899	
0	150.6, F	0.232	107.941	
0	130.5, F	0.18	107.983	
0	14.6, F	1.033	108.025	
0	112.1, F	0.258	108.066	
0	261.9, F	0.806	108.108	
0	123.8, F	0.255	108.150	
0	112.5, F	0.287	108.191	
0	118.3, F	0.234	108.233	
0	121.7, F	0.236	108.275	
0	264.9, F	1.043	108.317	
0	130.7, F	0.19	108.358	
0	133.5, F	0.212	108.400	
0	5.1, F	1.059	108.442	
0	129.7, F	0.175	108.483	
0	129.5, F	0.206	108.525	
0	116.7, F	0.25	108.567	
0	268.1, F	0.766	108.608	
0	90.4, F	0.3	108.650	
0	77.6, F	0.327	108.692	
0	76.3, F	0.291	108.734	
0	275.4, F	0.708	108.775	
0	87.6, F	0.338	108.817	
0	99.5, F	0.393	108.859	
0	252.0, F	0.6	108.900	
0	112.5, F	0.485	108.942	
0	252.7, F	0.528	108.984	
0	108.3, F	0.669	109.026	
0	244.5, F	0.513	109.067	
0	39.4, F	1.089	109.109	
0	229.1, F	0.692	109.151	
0	142.9, F	0.63	109.192	
0	311.1, F	0.652	109.234	
0	146.7, F	0.716	109.276	
0	298.6, F	0.664	109.318	
0	55.7, F	0.489	109.359	
0	154.0, F	0.849	109.401	
0	280.3, F	0.74	109.443	
0	81.6, F	0.337	109.484	
0	99.5, F	0.237	109.526	
0	263.7, F	0.703	109.568	
0	95.7, F	0.281	109.609	
0	106.6, F	0.409	109.651	
0	248.1, F	0.709	109.693	
0	40.1, F	0.632	109.735	
0	127.4, F	0.389	109.776	
0	241.7, F	0.73	109.818	
0	62.5, F	0.397	109.860	
0	145.5, F	0.609	109.901	
0	280.9, F	0.609	109.943	
0	90.3, F	0.42	109.985	
0	265.5, F	0.563	110.027	
0	99.8, F	0.486	110.068	
0	263.3, F	0.49	110.110	
0	113.4, F	0.52	110.152	
0	246.9, F	0.562	110.193	
0	115.1, F	0.597	110.235	
0	325.0, F	0.904	110.277	
0	129.3, F	0.682	110.319	
0	227.8, F	0.61	110.360	
0	44.6, F	0.862	110.402	
0	219.0, F	0.692	110.444	
0	58.0, F	0.716	110.485	
0	210.5, F	0.743	110.527	
0	67.1, F	0.73	110.569	
0	310.0, F	0.507	110.611	
0	197.3, F	0.79	110.652	
0	319.7, F	0.407	110.694	
0	68.6, F	1.108	110.736	
0	184.2, F	0.724	110.777	
0	6.2, F	0.167	110.819	
0	47.6, F	0.185	110.861	
0	38.6, F	0.252	110.902	
0	291.4, F	0.491	110.944	
0	162.2, F	0.862	110.986	
0	52.8, F	0.326	111.028	
0	313.6, F	0.355	111.069	
0	64.4, F	0.527	111.111	
0	16.0, F	0.304	111.153	
0	171.4, F	0.647	111.194	
0	1.5, F	0.453	111.236	
0	174.9, F	0.54	111.278	
0	348.5, F	0.497	111.320	
0	341.4, F	0.591	111.361	
0	201.7, F	0.398	111.403	
0	198.5, F	0.331	111.445	
0	352.5, F	0.818	111.486	
0	117.4, F	0.768	111.528	
0	183.7, F	0.373	111.570	
0	359.1, F	0.627	111.611	
0	167.3, F	0.413	111.653	
0	160.1, F	0.373	111.695	
0	16.1, F	0.618	111.737	
0	147.5, F	0.508	111.778	
0	307.1, F	0.74	111.820	
0	148.5, F	0.656	111.862	
0	310.5, F	0.647	111.903	
0	140.9, F	0.686	111.945	
0	56.8, F	0.619	111.987	
0	211.9, F	0.683	112.029	
0	318.1, F	0.563	112.070	
0	68.7, F	0.688	112.112	
0	205.1, F	0.611	112.154	
0	316.7, F	0.5	112.195	
0	70.3, F	0.74	112.237	
0	200.1, F	0.574	112.279	
0	336.8, F	0.704	112.321	
0	117.9, F	1.027	112.362	
0	340.4, F	0.64	112.404	
0	193.0, F	0.418	112.446	
0	178.6, F	0.287	112.487	
0	1.0, F	0.901	112.529	
0	148.3, F	0.347	112.571	
0	141.4, F	0.255	112.612	
0	131.3, F	0.229	112.654	
0	252.1, F	0.299	112.696	
0	12.9, F	1.219	112.738	
0	194.1, F	0.892	112.779	
0	115.7, F	0.318	112.821	
0	273.0, F	0.32	112.863	
0	143.9, F	0.314	112.904	
0	332.2, F	0.953	112.946	
0	114.1, F	0.287	112.988	
0	119.7, F	0.309	113.030	
0	256.4, F	0.344	113.071	
0	101.0, F	0.304	113.113	
0	264.4, F	0.225	113.155	
0	91.2, F	0.521	113.196	
0	231.2, F	0.124	113.238	
0	230.2, F	0.109	113.280	
0	224.0, F	0.117	113.322	
0	203.0, F	0.197	113.363	
0	350.6, F	0.75	113.405	
0	110.7, F	0.639	113.447	
0	191.3, F	0.241	113.488	
0	184.4, F	0.194	113.530	
0	358.5, F	0.977	113.572	
0	180.6, F	0.178	113.614	
0	176.3, F	0.248	113.655	
0	181.6, F	0.252	113.697	
0	187.8, F	0.258	113.739	
0	355.8, F	0.787	113.780	
0	188.8, F	0.308	113.822	
0	187.6, F	0.311	113.864	
0	189.7, F	0.278	113.905	
0	356.4, F	0.709	113.947	
0	199.9, F	0.333	113.989	
0	191.4, F	0.319	114.031	
0	44.0, F	0.959	114.072	
0	202.8, F	0.448	114.114	
0	199.8, F	0.378	114.156	
0	346.0, F	0.65	114.197	
0	196.7, F	0.449	114.239	
0	199.5, F	0.442	114.281	
0	31.1, F	0.779	114.323	
0	223.1, F	0.524	114.364	
0	7.4, F	0.738	114.406	
0	234.4, F	0.661	114.448	
0	197.7, F	0.345	114.489	
0	341.3, F	0.874	114.531	
0	234.6, F	0.53	114.573	
0	114.0, F	0.728	114.614	
0	246.7, F	0.797	114.656	
0	31.3, F	0.862	114.698	
0	248.6, F	0.837	114.740	
0	150.6, F	0.504	114.781	
0	21.8, F	0.852	114.823	
0	174.8, F	0.65	114.865	
0	177.6, F	0.633	114.906	
0	357.2, F	0.367	114.948	
0	None	0	114.990	0.04200000000000159
0	226.1, F	0.214	115.032	
0	209.3, F	0.396	115.073	
0	185.0, F	0.617	115.115	
0	195.2, F	0.409	115.157	
0	178.2, F	0.63	115.198	
0	22.1, F	0.191	115.240	
0	None	0	115.282	0.04200000000000159
0	125.5, F	0.511	115.324	
0	184.6, F	1.383	115.365	
0	165.4, F	0.389	115.407	
0	14.5, F	0.548	115.449	
0	222.0, F	1.51	115.490	
0	87.1, F	0.1	115.532	
0	136.7, F	0.143	115.574	
0	183.1, F	0.347	115.615	
0	248.8, F	0.119	115.657	
0	243.5, F	0.276	115.699	
0	123.4, F	0.344	115.741	
0	219.8, F	0.535	115.782	
0	22.2, F	0.315	115.824	
0	190.8, F	0.867	115.866	
0	314.5, F	0.25	115.907	
0	274.6, F	0.373	115.949	
0	266.7, F	0.584	115.991	
0	100.8, F	0.325	116.033	
0	165.0, F	0.154	116.074	
0	267.8, F	1.185	116.116	
0	97.7, F	0.478	116.158	
0	None	0	116.199	0.04200000000000159
0	248.5, F	0.096	116.241	
0	234.8, F	0.203	116.283	
0	135.4, F	0.444	116.325	
0	298.4, F	0.284	116.366	
0	292.0, F	0.318	116.408	
0	94.1, F	0.445	116.450	
0	195.9, F	0.444	116.491	
0	182.9, F	0.592	116.533	
0	28.1, F	0.342	116.575	
0	157.5, F	1.272	116.617	
0	94.2, F	0.546	116.658	
0	232.4, F	0.595	116.700	
0	76.2, F	0.837	116.742	
0	289.6, F	0.188	116.783	
0	193.3, F	0.256	116.825	
0	182.9, F	0.337	116.867	
0	186.0, F	0.404	116.908	
0	10.4, F	0.466	116.950	
0	206.7, F	0.629	116.992	
0	3.1, F	0.423	117.034	
0	197.2, F	0.714	117.075	
0	76.4, F	1.342	117.117	
0	282.2, F	0.822	117.159	
0	200.4, F	0.816	117.200	
0	285.8, F	0.36	117.242	
0	82.0, F	0.711	117.284	
0	281.3, F	0.409	117.326	
0	292.8, F	0.48	117.367	
0	73.6, F	0.609	117.409	
0	305.2, F	0.46	117.451	
0	150.9, F	0.846	117.492	
0	303.7, F	0.513	117.534	
0	69.1, F	0.671	117.576	
0	286.9, F	0.462	117.617	
0	201.7, F	1.027	117.659	
0	79.5, F	0.99	117.701	
0	287.0, F	0.178	117.743	
0	279.5, F	0.229	117.784	
0	266.9, F	0.222	117.826	
0	86.1, F	1.117	117.868	
0	274.9, F	0.803	117.909	
0	279.8, F	0.211	117.951	
0	280.0, F	0.168	117.993	
0	84.6, F	1.276	118.035	
0	279.8, F	0.631	118.076	
0	306.2, F	0.157	118.118	
0	None	0	118.160	0.04099999999999682
0	354.4, F	0.184	118.201	
0	180.2, F	0.908	118.243	
0	354.1, F	0.214	118.285	
0	348.9, F	0.244	118.327	
0	343.5, F	0.331	118.368	
0	186.8, F	0.588	118.410	
0	342.9, F	0.375	118.452	
0	1.5, F	0.448	118.493	
0	172.6, F	0.44	118.535	
0	0.3, F	0.493	118.577	
0	175.4, F	0.384	118.618	
0	357.0, F	0.733	118.660	
0	186.6, F	0.271	118.702	
0	175.2, F	0.229	118.744	
0	182.3, F	0.276	118.785	
0	4.7, F	0.941	118.827	
0	173.4, F	0.183	118.869	
0	169.7, F	0.162	118.910	
0	164.4, F	0.167	118.952	
0	168.2, F	0.239	118.994	
0	153.2, F	0.292	119.036	
0	16.7, F	0.871	119.077	
0	129.2, F	0.337	119.119	
0	122.7, F	0.333	119.161	
0	256.4, F	0.153	119.202	
0	258.4, F	0.209	119.244	
0	95.3, F	0.273	119.286	
0	299.1, F	0.412	119.328	
0	54.2, F	0.155	119.369	
0	66.4, F	0.128	119.411	
0	297.6, F	0.457	119.453	
0	15.1, F	0.496	119.494	
0	121.6, F	0.18	119.536	
0	117.7, F	0.178	119.578	
0	288.1, F	0.406	119.620	
0	47.1, F	0.332	119.661	
0	20.5, F	0.414	119.703	
0	321.3, F	0.68	119.745	
0	154.6, F	0.426	119.786	
0	19.4, F	0.929	119.828	
0	238.0, F	0.179	119.870	
0	113.8, F	0.325	119.911	
0	267.9, F	0.193	119.953	
0	316.3, F	0.311	119.995	
0	52.5, F	0.459	120.037	
0	189.2, F	0.243	120.078	
0	6.4, F	0.539	120.120	
0	102.2, F	0.308	120.162	
0	90.2, F	0.548	120.203	
0	296.0, F	0.326	120.245	
0	75.3, F	1.21	120.287	
0	63.1, F	0.359	120.329	
0	352.6, F	0.445	120.370	
0	160.7, F	0.545	120.412	
0	56.2, F	0.615	120.454	
0	111.6, F	1.451	120.495	
0	330.2, F	0.686	120.537	
0	148.6, F	0.812	120.579	
0	43.4, F	0.523	120.621	
0	73.3, F	1.423	120.662	
0	211.4, F	0.694	120.704	
0	67.0, F	0.868	120.746	
0	164.6, F	0.529	120.787	
0	70.7, F	1.3	120.829	
0	5.6, F	0.381	120.871	
0	158.4, F	0.63	120.912	
0	351.5, F	0.57	120.954	
0	130.0, F	0.998	120.996	
0	57.9, F	1.388	121.038	
0	194.3, F	0.553	121.079	
0	8.7, F	1.072	121.121	
0	186.6, F	0.315	121.163	
0	128.7, F	0.764	121.204	
0	124.4, F	0.549	121.246	
0	338.4, F	1.129	121.288	
0	85.4, F	1.204	121.330	
0	182.0, F	0.512	121.371	
0	16.8, F	1.15	121.413	
0	57.5, F	0.554	121.455	
0	103.7, F	1.224	121.496	
0	256.4, F	0.387	121.538	
0	5.8, F	0.697	121.580	
0	14.7, F	0.65	121.621	
0	100.1, F	1.046	121.663	
0	69.7, F	0.675	121.705	
0	334.3, F	0.826	121.747	
0	92.0, F	1.307	121.788	
0	70.8, F	0.323	121.830	
0	354.3, F	0.495	121.872	
0	43.9, F	0.424	121.913	
0	120.1, F	0.66	121.955	
0	355.5, F	1.176	121.997	
0	109.2, F	1.602	122.039	
0	303.8, F	0.221	122.080	
0	330.3, F	0.147	122.122	
0	88.7, F	0.49	122.164	
0	104.8, F	0.786	122.205	
0	196.7, F	0.094	122.247	
0	114.4, F	0.199	122.289	
0	104.6, F	0.782	122.331	
0	121.0, F	0.541	122.372	
0	44.7, F	1.158	122.414	
0	172.8, F	0.345	122.456	
0	118.8, F	1.164	122.497	
0	57.3, F	0.692	122.539	
0	188.2, F	0.465	122.581	
0	23.6, F	0.425	122.623	
0	123.4, F	1.403	122.664	
0	55.3, F	0.737	122.706	
0	358.7, F	0.27	122.748	
0	148.9, F	0.605	122.789	
0	68.4, F	1.429	122.831	
