8	None	0	0.042	
8	None	0	0.083	0.08299999999999999
8	38.6, F	0.127	0.125	
8	12.5, F	0.166	0.167	
8	2.2, F	0.234	0.209	
8	171.8, F	0.413	0.250	
8	338.4, F	0.334	0.292	
8	340.8, F	0.291	0.334	
8	191.5, F	0.437	0.375	
8	68.0, F	0.663	0.417	
8	207.6, F	0.411	0.459	
8	317.2, F	0.444	0.500	
8	308.3, F	0.473	0.542	
8	125.1, F	0.6	0.584	
8	306.5, F	0.62	0.626	
8	125.1, F	0.397	0.667	
8	251.0, F	0.581	0.709	
8	30.8, F	0.573	0.751	
8	126.0, F	0.486	0.792	
8	249.3, F	0.751	0.834	
8	9.4, F	0.399	0.876	
8	172.8, F	0.389	0.918	
8	1.7, F	0.436	0.959	
8	119.5, F	0.215	1.001	
8	326.3, F	0.685	1.043	
8	240.9, F	0.484	1.084	
8	144.8, F	0.493	1.126	
8	288.5, F	0.179	1.168	
8	21.7, F	0.57	1.210	
8	258.1, F	0.299	1.251	
8	271.0, F	0.28	1.293	
8	91.1, F	0.591	1.335	
8	271.1, F	0.32	1.376	
8	274.9, F	0.268	1.418	
8	85.6, F	0.616	1.460	
8	268.1, F	0.269	1.502	
8	295.3, F	0.234	1.543	
8	86.8, F	0.618	1.585	
8	335.2, F	0.227	1.627	
8	196.6, F	0.865	1.668	
8	331.1, F	0.375	1.710	
8	58.9, F	0.869	1.752	
8	344.1, F	0.41	1.793	
8	196.0, F	0.601	1.835	
8	345.6, F	0.366	1.877	
8	195.9, F	0.431	1.919	
8	345.8, F	0.478	1.960	
8	188.3, F	0.352	2.002	
8	348.8, F	0.676	2.044	
8	115.9, F	0.679	2.085	
8	209.3, F	0.259	2.127	
8	351.2, F	0.696	2.169	
8	217.5, F	0.178	2.211	
8	211.1, F	0.227	2.252	
8	219.6, F	0.166	2.294	
8	108.4, F	0.591	2.336	
8	285.9, F	0.116	2.377	
8	None	0	2.419	
8	None	0	2.461	0.08299999999999974
8	277.9, F	0.152	2.502	
8	304.9, F	0.226	2.544	
8	283.3, F	0.191	2.586	
8	78.6, F	0.542	2.628	
8	276.0, F	0.372	2.669	
8	303.1, F	0.395	2.711	
8	62.7, F	0.406	2.753	
8	295.2, F	0.338	2.794	
8	60.5, F	0.38	2.836	
8	218.6, F	0.63	2.878	
8	42.9, F	0.448	2.920	
8	42.4, F	0.493	2.961	
8	207.4, F	0.367	3.003	
8	218.7, F	0.233	3.045	
8	47.6, F	0.796	3.086	
8	216.1, F	0.141	3.128	
8	178.8, F	0.098	3.170	
8	None	0	3.212	0.040999999999999925
8	111.8, F	0.232	3.253	
8	127.8, F	0.295	3.295	
8	24.8, F	0.467	3.337	
8	251.7, F	0.586	3.378	
8	126.0, F	0.702	3.420	
8	300.9, F	0.861	3.462	
8	129.9, F	0.735	3.503	
8	41.6, F	0.542	3.545	
8	274.0, F	0.245	3.587	
8	301.6, F	0.339	3.629	
8	95.5, F	0.849	3.670	
8	341.3, F	0.289	3.712	
8	4.4, F	0.297	3.754	
8	35.0, F	0.474	3.795	
8	132.8, F	0.797	3.837	
8	339.3, F	1.054	3.879	
8	72.5, F	0.332	3.921	
8	0.9, F	0.331	3.962	
8	134.7, F	0.594	4.004	
8	10.6, F	0.401	4.046	
8	134.9, F	0.663	4.087	
8	17.4, F	1.061	4.129	
8	347.6, F	0.743	4.171	
8	131.6, F	0.713	4.213	
8	356.4, F	1.389	4.254	
8	141.4, F	0.871	4.296	
8	326.1, F	0.761	4.338	
8	350.3, F	0.458	4.379	
8	347.5, F	0.942	4.421	
8	139.4, F	1.184	4.463	
8	345.6, F	0.83	4.505	
8	190.4, F	0.365	4.546	
8	6.3, F	0.155	4.588	
8	14.5, F	0.39	4.630	
8	23.0, F	0.414	4.671	
8	45.0, F	0.767	4.713	
8	349.9, F	0.907	4.755	
8	81.8, F	1.173	4.796	
8	305.0, F	0.377	4.838	
8	61.0, F	1.166	4.880	
8	57.3, F	0.67	4.922	
8	343.4, F	0.671	4.963	
8	79.9, F	0.252	5.005	
8	8.5, F	1.278	5.047	
8	6.4, F	0.711	5.088	
8	105.9, F	0.16	5.130	
8	119.7, F	0.163	5.172	
8	311.3, F	0.447	5.214	
8	52.9, F	0.476	5.255	
8	328.6, F	0.647	5.297	
8	67.3, F	0.303	5.339	
8	334.5, F	0.513	5.380	
8	105.2, F	0.688	5.422	
8	0.6, F	1.399	5.464	
8	142.5, F	0.173	5.505	
8	11.8, F	0.455	5.547	
8	F	0.712	5.589	
8	8.5, F	0.236	5.631	
8	11.1, F	0.498	5.672	
8	11.5, F	1.438	5.714	
8	268.4, F	0.669	5.756	
8	45.8, F	0.374	5.797	
8	31.0, F	0.442	5.839	
8	325.4, F	1.028	5.881	
8	67.6, F	0.326	5.923	
8	29.7, F	0.454	5.964	
8	135.9, F	0.354	6.006	
8	312.4, F	0.371	6.048	
8	69.5, F	1.279	6.089	
8	320.4, F	0.886	6.131	
8	358.7, F	0.524	6.173	
8	114.6, F	0.484	6.215	
8	355.8, F	1.154	6.256	
8	82.2, F	1.076	6.298	
8	267.3, F	0.512	6.340	
8	65.0, F	1.27	6.381	
8	6.2, F	0.681	6.423	
8	124.4, F	0.441	6.465	
8	352.6, F	0.218	6.506	
8	17.0, F	0.669	6.548	
8	20.2, F	0.803	6.590	
8	64.9, F	0.379	6.632	
8	52.3, F	0.69	6.673	
8	250.7, F	0.46	6.715	
8	76.0, F	0.822	6.757	
8	331.0, F	0.483	6.798	
8	352.1, F	0.741	6.840	
8	11.1, F	0.715	6.882	
8	100.1, F	0.166	6.924	
8	69.2, F	0.394	6.965	
8	320.2, F	0.541	7.007	
8	24.5, F	1.362	7.049	
8	345.1, F	0.838	7.090	
8	21.2, F	0.119	7.132	
8	10.3, F	0.64	7.174	
8	49.8, F	0.52	7.216	
8	43.2, F	0.637	7.257	
8	221.0, F	0.191	7.299	
8	76.8, F	1.142	7.341	
8	326.9, F	0.577	7.382	
8	33.4, F	1.183	7.424	
8	340.0, F	0.425	7.466	
8	160.9, F	0.202	7.507	
8	63.9, F	0.468	7.549	
8	51.6, F	0.752	7.591	
8	340.3, F	0.947	7.633	
8	341.4, F	0.418	7.674	
8	88.5, F	1.263	7.716	
8	292.8, F	0.703	7.758	
8	25.4, F	0.444	7.799	
8	27.3, F	0.598	7.841	
8	57.3, F	0.459	7.883	
8	351.1, F	0.989	7.925	
8	171.6, F	0.157	7.966	
8	89.1, F	0.197	8.008	
8	22.9, F	0.862	8.050	
8	80.9, F	0.372	8.091	
8	322.5, F	0.643	8.133	
8	39.8, F	0.841	8.175	
8	342.5, F	0.534	8.217	
8	352.2, F	0.592	8.258	
8	13.9, F	0.898	8.300	
8	42.4, F	0.573	8.342	
8	7.4, F	1.632	8.383	
8	81.9, F	0.271	8.425	
8	294.9, F	0.782	8.467	
8	33.9, F	0.428	8.508	
8	120.1, F	0.323	8.550	
8	15.7, F	0.923	8.592	
8	256.9, F	0.541	8.634	
8	67.6, F	0.361	8.675	
8	331.1, F	0.372	8.717	
8	141.5, F	0.834	8.759	
8	359.5, F	0.471	8.800	
8	13.4, F	0.271	8.842	
8	174.3, F	0.283	8.884	
8	13.3, F	0.605	8.926	
8	126.5, F	0.195	8.967	
8	119.6, F	0.257	9.009	
8	130.4, F	0.184	9.051	
8	249.7, F	1.33	9.092	
8	75.6, F	0.584	9.134	
8	306.3, F	0.265	9.176	
8	204.4, F	1.02	9.218	
8	104.8, F	0.172	9.259	
8	88.5, F	0.151	9.301	
8	262.6, F	0.722	9.343	
8	340.8, F	0.941	9.384	
8	239.6, F	0.208	9.426	
8	111.2, F	0.581	9.468	
8	239.0, F	0.349	9.509	
8	255.3, F	0.515	9.551	
8	122.6, F	0.295	9.593	
8	134.8, F	0.179	9.635	
8	308.9, F	0.918	9.676	
8	154.7, F	0.475	9.718	
8	153.2, F	0.368	9.760	
8	14.8, F	0.587	9.801	
8	149.4, F	0.31	9.843	
8	137.3, F	0.416	9.885	
8	316.9, F	0.961	9.927	
8	134.7, F	0.494	9.968	
8	136.0, F	0.514	10.010	
8	88.5, F	19.162	10.052	
8	170.7, F	0.887	10.093	
8	71.0, F	1.321	10.135	
8	159.5, F	1.502	10.177	
8	224.6, F	0.792	10.219	
8	9.9, F	0.77	10.260	
8	112.9, F	0.283	10.302	
8	144.9, F	2.578	10.344	
8	207.5, F	1.088	10.385	
8	144.0, F	2.575	10.427	
8	288.4, F	0.177	10.469	
8	148.9, F	3.127	10.511	
8	127.1, F	0.772	10.552	
8	142.7, F	1.858	10.594	
8	144.9, F	0.506	10.636	
8	158.4, F	1.59	10.677	
8	92.8, F	0.646	10.719	
8	220.5, F	0.964	10.761	
8	146.7, F	1.97	10.802	
8	170.5, F	0.533	10.844	
8	148.3, F	1.629	10.886	
8	158.2, F	1.389	10.928	
8	193.6, F	1.561	10.969	
8	90.0, F	1.71	11.011	
8	167.2, F	1.531	11.053	
8	248.5, F	0.978	11.094	
8	110.2, F	1.568	11.136	
8	192.8, F	1.928	11.178	
8	85.7, F	1.518	11.220	
8	182.7, F	1.621	11.261	
8	208.7, F	1.101	11.303	
8	94.9, F	1.323	11.345	
8	180.2, F	1.918	11.386	
8	71.8, F	0.377	11.428	
8	152.1, F	2.104	11.470	
8	36.8, F	0.628	11.511	
8	179.6, F	1.959	11.553	
8	152.9, F	1.047	11.595	
8	124.8, F	0.92	11.637	
8	157.8, F	1.185	11.678	
8	100.8, F	0.818	11.720	
8	160.0, F	0.707	11.762	
8	166.2, F	1.448	11.803	
8	354.7, F	0.227	11.845	
8	128.8, F	1.036	11.887	
8	149.3, F	1.557	11.929	
8	154.2, F	0.133	11.970	
8	149.9, F	0.827	12.012	
8	165.3, F	1.787	12.054	
8	115.1, F	0.883	12.095	
8	174.6, F	1.592	12.137	
8	71.5, F	0.425	12.179	
8	135.3, F	0.771	12.221	
8	151.3, F	1.6	12.262	
8	138.9, F	0.502	12.304	
8	118.5, F	0.715	12.346	
8	137.7, F	0.983	12.387	
8	168.7, F	1.217	12.429	
8	201.7, F	1.023	12.471	
8	112.9, F	0.79	12.512	
8	166.9, F	1.161	12.554	
8	163.6, F	0.738	12.596	
8	268.8, F	0.247	12.638	
8	140.8, F	0.582	12.679	
8	171.3, F	1.779	12.721	
8	103.7, F	0.313	12.763	
8	157.0, F	0.826	12.804	
8	199.8, F	1.064	12.846	
8	122.0, F	1.212	12.888	
8	170.3, F	1.453	12.930	
8	115.3, F	0.229	12.971	
8	213.3, F	0.578	13.013	
8	160.3, F	1.602	13.055	
8	13.9, F	0.278	13.096	
8	91.0, F	0.221	13.138	
8	137.1, F	0.419	13.180	
8	147.6, F	0.865	13.222	
8	258.1, F	0.441	13.263	
8	125.8, F	0.729	13.305	
8	200.3, F	0.737	13.347	
8	179.8, F	0.884	13.388	
8	138.3, F	0.43	13.430	
8	163.9, F	1.004	13.472	
8	117.9, F	0.894	13.513	
8	167.2, F	1.858	13.555	
8	189.3, F	0.723	13.597	
8	100.7, F	0.761	13.639	
8	169.7, F	0.657	13.680	
8	104.2, F	0.466	13.722	
8	222.9, F	0.382	13.764	
8	200.6, F	0.332	13.805	
8	148.0, F	1.002	13.847	
8	None	0	13.889	0.041999999999999815
8	164.4, F	0.443	13.931	
8	55.9, F	0.287	13.972	
8	85.5, F	0.295	14.014	
8	226.3, F	0.885	14.056	
8	137.8, F	0.362	14.097	
8	182.4, F	0.264	14.139	
8	103.5, F	0.141	14.181	
8	190.4, F	0.992	14.223	
8	29.0, F	0.456	14.264	
8	184.6, F	1.355	14.306	
8	7.6, F	0.324	14.348	
8	2.1, F	1.105	14.389	
8	189.3, F	8.301	14.431	
8	194.0, F	0.604	14.473	
8	223.9, F	0.231	14.514	
8	196.6, F	1.143	14.556	
8	141.0, F	0.919	14.598	
8	258.2, F	0.259	14.640	
8	202.2, F	0.71	14.681	
8	152.0, F	1.766	14.723	
8	None	0	14.765	0.04099999999999859
8	145.3, F	0.476	14.806	
8	215.4, F	1.279	14.848	
8	171.4, F	1.204	14.890	
8	33.1, F	0.611	14.932	
8	170.9, F	0.915	14.973	
8	193.8, F	0.525	15.015	
8	229.0, F	1.44	15.057	
8	112.2, F	0.294	15.098	
8	208.9, F	1.441	15.140	
8	250.6, F	0.219	15.182	
8	224.4, F	0.259	15.224	
8	214.0, F	0.87	15.265	
8	99.7, F	0.458	15.307	
8	346.5, F	0.283	15.349	
8	175.1, F	1.51	15.390	
8	287.0, F	1.088	15.432	
8	53.4, F	0.893	15.474	
8	182.8, F	0.87	15.515	
8	230.6, F	0.389	15.557	
8	223.9, F	0.683	15.599	
8	113.0, F	2.262	15.641	
8	305.0, F	0.431	15.682	
8	52.9, F	1.137	15.724	
8	192.1, F	0.401	15.766	
8	190.9, F	0.438	15.807	
8	270.0, F	0.685	15.849	
8	168.7, F	1.086	15.891	
8	238.5, F	1.434	15.933	
8	299.5, F	0.167	15.974	
8	178.3, F	0.798	16.016	
8	193.9, F	0.436	16.058	
8	70.8, F	0.722	16.099	
8	240.6, F	1.287	16.141	
8	31.0, F	1.287	16.183	
8	140.2, F	0.709	16.225	
8	210.1, F	0.557	16.266	
8	197.3, F	0.601	16.308	
8	317.9, F	0.372	16.350	
8	74.3, F	1.121	16.391	
8	315.2, F	0.233	16.433	
8	188.4, F	1.0	16.475	
8	288.4, F	0.152	16.517	
8	70.1, F	0.215	16.558	
8	174.3, F	0.42	16.600	
8	63.3, F	1.028	16.642	
8	16.4, F	0.827	16.683	
8	193.1, F	0.571	16.725	
8	229.3, F	1.608	16.767	
8	41.8, F	0.36	16.808	
8	None	0	16.850	
8	None	0	16.892	0.08399999999999963
8	194.4, F	0.31	16.934	
8	117.6, F	0.144	16.975	
8	124.5, F	0.186	17.017	
8	113.3, F	0.346	17.059	
8	324.9, F	0.874	17.100	
8	110.8, F	0.606	17.142	
8	226.2, F	0.455	17.184	
8	119.8, F	1.017	17.226	
8	350.4, F	0.661	17.267	
8	186.9, F	0.391	17.309	
8	7.5, F	0.501	17.351	
8	164.5, F	0.468	17.392	
8	34.7, F	0.411	17.434	
8	155.1, F	0.522	17.476	
8	304.3, F	0.679	17.517	
8	131.4, F	0.626	17.559	
8	315.7, F	0.488	17.601	
8	130.2, F	0.988	17.643	
8	318.3, F	0.329	17.684	
8	330.8, F	0.172	17.726	
8	332.6, F	0.176	17.768	
8	185.8, F	0.889	17.809	
8	80.5, F	0.831	17.851	
8	None	0	17.893	0.04199999999999804
8	190.2, F	0.181	17.935	
8	195.3, F	0.151	17.976	
8	181.5, F	0.26	18.018	
8	355.7, F	0.373	18.060	
8	173.0, F	0.56	18.101	
8	14.8, F	0.31	18.143	
8	26.4, F	0.243	18.185	
8	173.4, F	0.857	18.227	
8	25.7, F	0.341	18.268	
8	287.9, F	0.674	18.310	
8	45.7, F	0.511	18.352	
8	113.3, F	0.607	18.393	
8	345.8, F	0.949	18.435	
8	234.6, F	0.19	18.477	
8	None	0	18.518	0.04199999999999804
8	142.1, F	0.114	18.560	
8	135.9, F	0.181	18.602	
8	142.7, F	0.233	18.644	
8	123.2, F	0.214	18.685	
8	124.5, F	0.229	18.727	
8	120.1, F	0.272	18.769	
8	23.5, F	0.773	18.810	
8	250.8, F	0.69	18.852	
8	77.4, F	0.589	18.894	
8	287.7, F	0.262	18.936	
8	78.8, F	0.683	18.977	
8	310.2, F	0.16	19.019	
8	None	0	19.061	0.04100000000000037
8	82.6, F	0.109	19.102	
8	97.1, F	0.193	19.144	
8	83.0, F	0.272	19.186	
8	290.3, F	0.573	19.228	
8	153.7, F	1.026	19.269	
8	301.2, F	0.482	19.311	
8	75.8, F	0.569	19.353	
8	322.1, F	0.469	19.394	
8	61.5, F	0.76	19.436	
8	195.6, F	0.578	19.478	
8	330.5, F	0.455	19.520	
8	190.0, F	0.356	19.561	
8	357.1, F	0.643	19.603	
8	176.5, F	0.264	19.645	
8	175.1, F	0.221	19.686	
8	6.0, F	0.827	19.728	
8	147.3, F	0.122	19.770	
8	144.8, F	0.146	19.811	
8	103.4, F	0.138	19.853	
8	93.0, F	0.153	19.895	
8	100.2, F	0.152	19.937	
8	77.7, F	0.226	19.978	
8	135.3, F	18.189	20.020	
8	97.8, F	0.259	20.062	
8	162.9, F	0.34	20.103	
8	350.9, F	0.264	20.145	
8	287.5, F	0.179	20.187	
8	None	0	20.229	0.04100000000000037
8	186.0, F	1.162	20.270	
8	7.5, F	1.042	20.312	
8	19.8, F	0.821	20.354	
8	69.2, F	0.242	20.395	
8	213.4, F	0.663	20.437	
8	174.6, F	0.307	20.479	
8	14.8, F	0.322	20.520	
8	194.4, F	1.088	20.562	
8	223.7, F	0.19	20.604	
8	339.0, F	0.527	20.646	
8	112.3, F	0.401	20.687	
8	86.4, F	0.484	20.729	
8	263.1, F	0.125	20.771	
8	48.2, F	0.488	20.812	
8	292.8, F	0.302	20.854	
8	22.5, F	0.753	20.896	
8	307.5, F	0.21	20.938	
8	246.2, F	0.573	20.979	
8	132.8, F	0.357	21.021	
8	250.5, F	0.53	21.063	
8	100.0, F	0.346	21.104	
8	268.8, F	0.625	21.146	
8	95.3, F	0.42	21.188	
8	69.5, F	0.446	21.230	
8	275.4, F	0.487	21.271	
8	92.5, F	0.161	21.313	
8	352.9, F	0.735	21.355	
8	187.2, F	0.288	21.396	
8	189.6, F	0.257	21.438	
8	50.0, F	1.193	21.480	
8	193.8, F	0.239	21.521	
8	209.7, F	0.18	21.563	
8	96.5, F	27.298	21.605	
8	69.8, F	1.343	21.647	
8	101.8, F	0.988	21.688	
8	109.9, F	1.549	21.730	
8	255.0, F	0.209	21.772	
8	56.9, F	1.479	21.813	
8	171.2, F	1.021	21.855	
8	84.3, F	1.768	21.897	
8	104.6, F	1.211	21.939	
8	214.2, F	0.533	21.980	
8	85.5, F	0.781	22.022	
8	83.1, F	0.914	22.064	
8	96.0, F	1.532	22.105	
8	30.0, F	0.461	22.147	
8	210.9, F	0.671	22.189	
8	120.3, F	1.928	22.231	
8	67.4, F	0.747	22.272	
8	143.5, F	1.188	22.314	
8	132.5, F	0.646	22.356	
8	147.2, F	1.854	22.397	
8	150.8, F	1.853	22.439	
8	2.2, F	1.749	22.481	
8	111.8, F	0.89	22.523	
8	125.9, F	2.332	22.564	
8	133.9, F	0.407	22.606	
8	140.4, F	1.14	22.648	
8	125.4, F	0.102	22.689	
8	102.8, F	1.585	22.731	
8	None	0	22.773	0.04100000000000037
8	154.5, F	1.203	22.814	
8	62.1, F	1.618	22.856	
8	97.6, F	1.922	22.898	
8	128.8, F	0.723	22.940	
8	50.3, F	0.413	22.981	
8	118.8, F	1.233	23.023	
8	80.9, F	1.762	23.065	
8	144.6, F	0.207	23.106	
8	83.2, F	1.35	23.148	
8	246.2, F	0.28	23.190	
8	93.5, F	2.252	23.232	
8	150.9, F	0.479	23.273	
8	119.1, F	0.923	23.315	
8	129.0, F	0.753	23.357	
8	79.1, F	1.813	23.398	
8	47.1, F	0.438	23.440	
8	125.5, F	1.043	23.482	
8	57.0, F	1.164	23.523	
8	113.9, F	0.834	23.565	
8	104.3, F	0.733	23.607	
8	146.6, F	2.143	23.649	
8	84.1, F	1.045	23.690	
8	87.6, F	1.582	23.732	
8	156.2, F	0.28	23.774	
8	92.7, F	1.835	23.815	
8	115.7, F	0.415	23.857	
8	124.1, F	0.649	23.899	
8	73.0, F	1.299	23.941	
8	109.5, F	1.409	23.982	
8	7.9, F	0.565	24.024	
8	90.5, F	1.941	24.066	
8	86.1, F	0.545	24.107	
8	82.2, F	1.631	24.149	
8	47.1, F	0.323	24.191	
8	76.5, F	1.918	24.233	
8	98.1, F	1.089	24.274	
8	109.9, F	0.769	24.316	
8	33.9, F	0.922	24.358	
8	88.8, F	2.268	24.399	
8	46.7, F	0.354	24.441	
8	87.1, F	0.705	24.483	
8	124.0, F	0.792	24.524	
8	67.3, F	2.458	24.566	
8	137.1, F	0.137	24.608	
8	82.4, F	1.04	24.650	
8	80.6, F	0.897	24.691	
8	76.5, F	1.713	24.733	
8	100.3, F	1.754	24.775	
8	28.2, F	0.76	24.816	
8	84.1, F	1.412	24.858	
8	48.7, F	0.836	24.900	
8	88.8, F	1.632	24.942	
8	66.4, F	0.36	24.983	
8	53.2, F	0.687	25.025	
8	36.9, F	1.984	25.067	
8	69.5, F	0.653	25.108	
8	23.6, F	0.668	25.150	
8	62.3, F	1.358	25.192	
8	52.4, F	2.264	25.234	
8	89.1, F	0.428	25.275	
8	63.2, F	1.106	25.317	
8	34.4, F	1.176	25.359	
8	61.4, F	1.36	25.400	
8	79.8, F	0.755	25.442	
8	46.3, F	0.658	25.484	
8	52.8, F	1.446	25.525	
8	47.1, F	0.57	25.567	
8	93.9, F	1.306	25.609	
8	69.7, F	0.861	25.651	
8	49.4, F	1.014	25.692	
8	73.5, F	1.569	25.734	
8	55.6, F	1.771	25.776	
8	42.9, F	0.563	25.817	
8	54.5, F	1.568	25.859	
8	72.6, F	2.097	25.901	
8	75.6, F	0.814	25.943	
8	52.2, F	0.84	25.984	
8	87.0, F	0.417	26.026	
8	66.9, F	1.848	26.068	
8	24.7, F	1.182	26.109	
8	16.4, F	0.946	26.151	
8	40.4, F	1.113	26.193	
8	43.5, F	1.548	26.235	
8	43.6, F	1.309	26.276	
8	77.8, F	1.629	26.318	
8	65.4, F	0.374	26.360	
8	46.0, F	2.446	26.401	
8	60.7, F	0.546	26.443	
8	9.3, F	0.905	26.485	
8	62.9, F	0.996	26.526	
8	43.2, F	1.925	26.568	
8	99.0, F	1.037	26.610	
8	32.1, F	1.506	26.652	
8	121.6, F	0.336	26.693	
8	51.0, F	2.359	26.735	
8	73.5, F	0.587	26.777	
8	62.0, F	1.495	26.818	
8	19.1, F	0.254	26.860	
8	49.0, F	2.154	26.902	
8	21.1, F	0.934	26.944	
8	71.1, F	1.263	26.985	
8	77.1, F	0.867	27.027	
8	46.4, F	1.783	27.069	
8	49.9, F	1.283	27.110	
8	54.0, F	0.558	27.152	
8	24.6, F	0.57	27.194	
8	67.9, F	1.41	27.236	
8	30.3, F	1.555	27.277	
8	76.4, F	0.515	27.319	
8	74.6, F	1.196	27.361	
8	15.2, F	1.903	27.402	
8	77.1, F	1.31	27.444	
8	52.3, F	1.339	27.486	
8	42.3, F	0.762	27.527	
8	51.0, F	1.216	27.569	
8	19.0, F	1.606	27.611	
8	95.6, F	0.929	27.653	
8	68.4, F	0.671	27.694	
8	33.8, F	1.578	27.736	
8	29.0, F	0.983	27.778	
8	90.6, F	1.03	27.819	
8	53.2, F	1.13	27.861	
8	69.8, F	1.292	27.903	
8	30.5, F	1.464	27.945	
8	115.2, F	0.727	27.986	
8	17.2, F	1.164	28.028	
8	60.0, F	2.263	28.070	
8	118.4, F	0.587	28.111	
8	12.6, F	1.075	28.153	
8	61.4, F	1.085	28.195	
8	77.5, F	1.638	28.237	
8	59.2, F	1.301	28.278	
8	307.7, F	0.431	28.320	
8	61.5, F	1.465	28.362	
8	10.6, F	1.33	28.403	
8	57.8, F	1.194	28.445	
8	46.2, F	0.584	28.487	
8	56.9, F	1.514	28.528	
8	44.1, F	1.954	28.570	
8	356.0, F	0.984	28.612	
8	30.1, F	0.85	28.654	
8	89.7, F	1.026	28.695	
8	42.8, F	1.732	28.737	
8	30.6, F	1.366	28.779	
8	123.0, F	0.491	28.820	
8	0.1, F	1.001	28.862	
8	57.2, F	1.697	28.904	
8	57.5, F	1.168	28.946	
8	95.8, F	0.556	28.987	
8	95.0, F	1.295	29.029	
8	19.0, F	1.924	29.071	
8	90.1, F	1.324	29.112	
8	21.1, F	0.568	29.154	
8	28.9, F	1.484	29.196	
8	47.8, F	1.779	29.238	
8	98.8, F	0.925	29.279	
8	15.4, F	1.469	29.321	
8	97.9, F	1.287	29.363	
8	37.9, F	1.028	29.404	
8	43.4, F	1.523	29.446	
8	106.2, F	0.651	29.488	
8	3.9, F	1.284	29.529	
8	75.9, F	1.328	29.571	
8	25.0, F	1.684	29.613	
8	104.6, F	0.369	29.655	
8	25.4, F	2.079	29.696	
8	65.3, F	1.677	29.738	
8	354.0, F	0.523	29.780	
8	60.5, F	0.613	29.821	
8	57.6, F	1.473	29.863	
8	66.4, F	1.558	29.905	
8	355.4, F	1.428	29.947	
8	98.6, F	0.269	29.988	
8	72.1, F	1.039	30.030	
8	43.0, F	1.859	30.072	
8	59.6, F	1.278	30.113	
8	68.6, F	0.751	30.155	
8	38.5, F	0.938	30.197	
8	44.6, F	1.233	30.239	
8	81.2, F	0.676	30.280	
8	65.7, F	1.589	30.322	
8	45.6, F	0.192	30.364	
8	56.3, F	1.789	30.405	
8	58.9, F	1.339	30.447	
8	23.8, F	1.336	30.489	
8	125.6, F	0.204	30.530	
8	80.5, F	1.47	30.572	
8	358.6, F	0.954	30.614	
8	43.8, F	0.59	30.656	
8	22.3, F	1.458	30.697	
8	57.1, F	2.13	30.739	
8	89.1, F	0.464	30.781	
8	27.4, F	0.541	30.822	
8	22.9, F	1.167	30.864	
8	50.7, F	2.064	30.906	
8	114.7, F	0.192	30.948	
8	22.4, F	1.735	30.989	
8	93.9, F	0.266	31.031	
8	64.7, F	1.737	31.073	
8	26.2, F	0.397	31.114	
8	232.6, F	6.301	31.156	
8	48.2, F	1.341	31.198	
8	63.3, F	1.344	31.240	
8	90.1, F	0.814	31.281	
8	2.9, F	0.824	31.323	
8	113.0, F	0.628	31.365	
8	54.2, F	2.423	31.406	
8	81.3, F	0.95	31.448	
8	60.9, F	0.709	31.490	
8	0.3, F	1.21	31.531	
8	57.9, F	1.286	31.573	
8	102.7, F	0.723	31.615	
8	49.9, F	0.378	31.657	
8	69.0, F	0.834	31.698	
8	3.7, F	0.706	31.740	
8	39.7, F	0.968	31.782	
8	0.6, F	0.413	31.823	
8	12.2, F	0.763	31.865	
8	57.0, F	0.969	31.907	
8	None	0	31.949	0.04099999999999682
8	41.2, F	0.33	31.990	
8	39.9, F	0.772	32.032	
8	70.0, F	0.974	32.074	
8	0.6, F	0.807	32.115	
8	36.7, F	0.211	32.157	
8	37.6, F	0.446	32.199	
8	344.8, F	0.9	32.241	
8	94.3, F	0.871	32.282	
8	40.5, F	0.18	32.324	
8	33.3, F	0.364	32.366	
8	354.1, F	0.83	32.407	
8	91.1, F	0.862	32.449	
8	66.3, F	3.067	32.491	
8	92.8, F	0.124	32.532	
8	114.8, F	0.217	32.574	
8	15.0, F	0.803	32.616	
8	243.2, F	1.181	32.658	
8	78.9, F	0.76	32.699	
8	262.5, F	0.284	32.741	
8	90.6, F	0.684	32.783	
8	325.7, F	0.107	32.824	
8	228.8, F	1.198	32.866	
8	60.1, F	0.185	32.908	
8	80.1, F	0.163	32.950	
8	87.0, F	0.27	32.991	
8	108.2, F	0.199	33.033	
8	253.9, F	0.586	33.075	
8	103.2, F	0.506	33.116	
8	104.7, F	0.594	33.158	
8	226.6, F	0.33	33.200	
8	0.5, F	0.44	33.242	
8	188.4, F	0.582	33.283	
8	4.1, F	0.223	33.325	
8	169.7, F	0.8	33.367	
8	65.3, F	0.28	33.408	
8	93.6, F	0.316	33.450	
8	102.5, F	0.328	33.492	
8	246.0, F	0.539	33.533	
8	112.6, F	0.81	33.575	
8	349.8, F	0.73	33.617	
8	190.9, F	0.385	33.659	
8	155.0, F	0.322	33.700	
8	63.6, F	0.939	33.742	
8	205.9, F	0.417	33.784	
8	9.8, F	0.786	33.825	
8	98.4, F	0.348	33.867	
8	92.5, F	0.766	33.909	
8	12.4, F	0.237	33.951	
8	9.3, F	0.65	33.992	
8	113.5, F	0.397	34.034	
8	84.0, F	0.871	34.076	
8	12.7, F	0.291	34.117	
8	35.2, F	0.57	34.159	
8	240.0, F	0.461	34.201	
8	42.3, F	1.472	34.243	
8	30.8, F	0.228	34.284	
8	149.7, F	0.551	34.326	
8	328.2, F	0.768	34.368	
8	88.7, F	1.013	34.409	
8	62.1, F	0.216	34.451	
8	53.5, F	0.519	34.493	
8	310.8, F	0.364	34.535	
8	193.6, F	0.475	34.576	
8	57.7, F	1.239	34.618	
8	248.3, F	0.734	34.660	
8	32.8, F	0.906	34.701	
8	106.7, F	0.808	34.743	
8	191.1, F	0.156	34.785	
8	153.1, F	0.219	34.826	
8	97.8, F	0.421	34.868	
8	297.0, F	0.163	34.910	
8	86.0, F	0.993	34.952	
8	58.8, F	0.24	34.993	
8	290.6, F	0.404	35.035	
8	88.6, F	1.053	35.077	
8	95.4, F	0.354	35.118	
8	238.2, F	0.469	35.160	
8	110.6, F	0.963	35.202	
8	70.9, F	0.838	35.244	
8	176.4, F	0.693	35.285	
8	54.7, F	0.462	35.327	
8	85.0, F	0.696	35.369	
8	69.5, F	0.379	35.410	
8	93.1, F	0.75	35.452	
8	71.0, F	0.166	35.494	
8	91.0, F	0.697	35.535	
8	82.9, F	0.734	35.577	
8	155.0, F	0.601	35.619	
8	61.5, F	0.895	35.661	
8	6.9, F	0.766	35.702	
8	74.3, F	1.22	35.744	
8	45.7, F	1.037	35.786	
8	39.2, F	0.264	35.827	
8	48.3, F	0.853	35.869	
8	64.1, F	0.733	35.911	
8	59.3, F	1.524	35.953	
8	334.1, F	0.225	35.994	
8	37.6, F	0.749	36.036	
8	75.1, F	1.34	36.078	
8	49.4, F	1.104	36.119	
8	86.8, F	0.325	36.161	
8	84.2, F	0.811	36.203	
8	60.2, F	0.819	36.245	
8	10.6, F	0.646	36.286	
8	114.8, F	0.541	36.328	
8	None	0	36.370	0.04100000000000392
8	66.9, F	1.052	36.411	
8	34.1, F	0.649	36.453	
8	118.7, F	0.957	36.495	
8	25.2, F	0.821	36.536	
8	96.4, F	1.445	36.578	
8	None	0	36.620	0.04200000000000159
8	75.6, F	0.735	36.662	
8	88.3, F	1.195	36.703	
8	90.8, F	1.53	36.745	
8	59.7, F	0.273	36.787	
8	82.9, F	0.922	36.828	
8	78.7, F	0.57	36.870	
8	109.1, F	0.805	36.912	
8	54.7, F	1.725	36.954	
8	328.5, F	0.203	36.995	
8	57.9, F	0.751	37.037	
8	93.4, F	1.978	37.079	
8	87.7, F	0.515	37.120	
8	31.3, F	0.437	37.162	
8	52.8, F	1.089	37.204	
8	61.0, F	1.175	37.246	
8	41.5, F	1.092	37.287	
8	50.4, F	0.414	37.329	
8	52.5, F	1.061	37.371	
8	58.9, F	1.141	37.412	
8	88.8, F	0.575	37.454	
8	73.9, F	1.237	37.496	
8	338.7, F	0.545	37.538	
8	92.2, F	1.951	37.579	
8	21.1, F	1.076	37.621	
8	8.8, F	0.169	37.663	
8	122.4, F	0.78	37.704	
8	55.9, F	2.074	37.746	
8	34.2, F	0.534	37.788	
8	104.4, F	1.027	37.829	
8	91.3, F	0.71	37.871	
8	71.4, F	1.105	37.913	
8	54.5, F	1.031	37.955	
8	124.5, F	0.636	37.996	
8	13.8, F	0.867	38.038	
8	89.5, F	1.776	38.080	
8	61.0, F	0.509	38.121	
8	71.9, F	1.086	38.163	
8	116.5, F	0.765	38.205	
8	46.0, F	1.383	38.247	
8	93.7, F	0.694	38.288	
8	83.6, F	1.159	38.330	
8	315.9, F	0.401	38.372	
8	96.6, F	1.834	38.413	
8	21.2, F	1.223	38.455	
8	183.2, F	0.527	38.497	
8	27.9, F	0.96	38.538	
8	83.6, F	1.762	38.580	
8	23.8, F	0.764	38.622	
8	91.9, F	0.913	38.664	
8	57.5, F	0.474	38.705	
8	62.8, F	1.798	38.747	
8	77.8, F	0.146	38.789	
8	78.8, F	0.851	38.830	
8	48.5, F	0.47	38.872	
8	65.0, F	1.56	38.914	
8	104.2, F	0.142	38.956	
8	80.1, F	0.782	38.997	
8	72.2, F	0.235	39.039	
8	92.4, F	0.961	39.081	
8	95.2, F	0.552	39.122	
8	96.6, F	0.926	39.164	
8	110.8, F	0.565	39.206	
8	91.2, F	0.64	39.248	
8	79.7, F	1.297	39.289	
8	17.4, F	0.154	39.331	
8	84.1, F	0.661	39.373	
8	104.0, F	2.318	39.414	
8	236.4, F	0.312	39.456	
8	46.9, F	0.693	39.498	
8	138.7, F	0.232	39.539	
8	2.3, F	3.691	39.581	
8	29.9, F	1.154	39.623	
8	136.7, F	9.465	39.665	
8	104.0, F	4.033	39.706	
8	113.0, F	5.432	39.748	
8	65.7, F	8.008	39.790	
8	265.4, F	0.714	39.831	
8	117.8, F	2.929	39.873	
8	345.9, F	3.159	39.915	
8	141.4, F	2.078	39.957	
8	174.3, F	0.322	39.998	
8	88.0, F	0.98	40.040	
8	68.0, F	3.201	40.082	
8	46.3, F	1.342	40.123	
8	94.8, F	0.593	40.165	
8	100.3, F	0.953	40.207	
8	92.5, F	1.282	40.249	
8	60.8, F	0.221	40.290	
8	89.8, F	0.795	40.332	
8	86.9, F	1.733	40.374	
8	101.1, F	0.854	40.415	
8	118.2, F	0.305	40.457	
8	104.6, F	1.022	40.499	
8	129.0, F	0.532	40.541	
8	82.7, F	1.53	40.582	
8	173.9, F	0.133	40.624	
8	112.2, F	0.506	40.666	
8	120.0, F	1.139	40.707	
8	138.4, F	1.495	40.749	
8	240.1, F	0.662	40.791	
8	65.4, F	1.099	40.832	
8	159.8, F	0.966	40.874	
8	96.7, F	1.404	40.916	
8	17.6, F	1.009	40.958	
8	156.4, F	0.557	40.999	
8	110.0, F	1.089	41.041	
8	126.3, F	1.089	41.083	
8	83.8, F	0.404	41.124	
8	72.5, F	1.613	41.166	
8	177.3, F	0.519	41.208	
8	80.9, F	1.008	41.250	
8	278.2, F	10.846	41.291	
8	94.9, F	0.201	41.333	
8	92.7, F	0.887	41.375	
8	105.2, F	1.237	41.416	
8	101.7, F	0.832	41.458	
8	314.3, F	0.185	41.500	
8	150.5, F	1.109	41.541	
8	82.8, F	2.096	41.583	
8	193.3, F	0.937	41.625	
8	63.9, F	0.763	41.667	
8	183.4, F	0.301	41.708	
8	178.5, F	1.886	41.750	
8	78.2, F	1.108	41.792	
8	85.6, F	0.771	41.833	
8	194.5, F	0.734	41.875	
8	169.3, F	2.187	41.917	
8	95.2, F	1.207	41.959	
8	56.9, F	0.981	42.000	
8	173.4, F	0.948	42.042	
8	129.1, F	1.005	42.084	
8	264.8, F	6.503	42.125	
8	110.4, F	0.676	42.167	
8	171.9, F	0.687	42.209	
8	82.5, F	0.93	42.251	
8	90.2, F	0.635	42.292	
8	209.7, F	0.25	42.334	
8	92.7, F	1.728	42.376	
8	122.1, F	0.86	42.417	
8	34.4, F	0.142	42.459	
8	87.0, F	0.781	42.501	
8	140.1, F	0.439	42.542	
8	121.2, F	1.207	42.584	
8	105.0, F	0.673	42.626	
8	200.7, F	0.268	42.668	
8	155.9, F	0.458	42.709	
8	138.2, F	1.344	42.751	
8	166.3, F	0.578	42.793	
8	36.7, F	1.221	42.834	
8	184.7, F	0.615	42.876	
8	84.9, F	0.602	42.918	
8	133.1, F	1.072	42.960	
8	175.9, F	1.05	43.001	
8	90.5, F	0.733	43.043	
8	120.3, F	1.062	43.085	
8	186.1, F	1.374	43.126	
8	164.5, F	0.874	43.168	
8	186.4, F	0.189	43.210	
8	160.8, F	1.468	43.252	
8	99.7, F	0.843	43.293	
8	191.3, F	0.558	43.335	
8	165.1, F	1.186	43.377	
8	149.4, F	1.531	43.418	
8	313.5, F	0.105	43.460	
8	173.3, F	0.698	43.502	
8	157.0, F	0.926	43.544	
8	138.8, F	1.109	43.585	
8	195.2, F	0.386	43.627	
8	178.4, F	0.66	43.669	
8	91.2, F	0.233	43.710	
8	116.4, F	0.955	43.752	
8	127.1, F	0.227	43.794	
8	86.6, F	0.601	43.835	
8	212.9, F	0.699	43.877	
8	149.6, F	1.828	43.919	
8	24.7, F	0.409	43.961	
8	201.8, F	0.849	44.002	
8	174.5, F	0.969	44.044	
8	88.1, F	1.077	44.086	
8	164.9, F	0.479	44.127	
8	277.8, F	0.904	44.169	
8	126.3, F	0.368	44.211	
8	176.1, F	1.071	44.253	
8	164.5, F	0.508	44.294	
8	175.9, F	0.789	44.336	
8	166.9, F	0.221	44.378	
8	181.0, F	1.17	44.419	
8	184.8, F	0.639	44.461	
8	204.5, F	0.137	44.503	
8	202.4, F	0.594	44.544	
8	198.0, F	0.459	44.586	
8	195.3, F	0.896	44.628	
8	232.8, F	0.223	44.670	
8	122.8, F	0.789	44.711	
8	319.2, F	0.411	44.753	
8	198.3, F	0.742	44.795	
8	317.3, F	0.173	44.836	
8	98.7, F	0.91	44.878	
8	170.4, F	0.694	44.920	
8	27.4, F	0.211	44.962	
8	278.6, F	0.468	45.003	
8	147.5, F	1.346	45.045	
8	28.8, F	0.365	45.087	
8	152.5, F	0.955	45.128	
8	84.9, F	0.762	45.170	
8	126.1, F	0.2	45.212	
8	123.0, F	0.985	45.254	
8	58.3, F	0.156	45.295	
8	78.7, F	0.614	45.337	
8	142.3, F	0.188	45.379	
8	109.2, F	1.123	45.420	
8	166.2, F	0.661	45.462	
8	62.3, F	0.841	45.504	
8	170.9, F	0.941	45.545	
8	102.1, F	0.844	45.587	
8	175.9, F	0.297	45.629	
8	47.2, F	0.462	45.671	
8	131.0, F	1.229	45.712	
8	98.0, F	0.621	45.754	
8	218.4, F	0.153	45.796	
8	154.1, F	0.32	45.837	
8	40.6, F	0.708	45.879	
8	117.4, F	1.205	45.921	
8	52.1, F	0.502	45.963	
8	207.5, F	0.598	46.004	
8	6.0, F	0.2	46.046	
8	105.0, F	0.676	46.088	
8	103.0, F	0.886	46.129	
8	142.6, F	0.277	46.171	
8	126.8, F	0.663	46.213	
8	9.2, F	0.564	46.255	
8	140.6, F	0.978	46.296	
8	79.6, F	1.004	46.338	
8	55.9, F	0.489	46.380	
8	176.8, F	0.735	46.421	
8	39.4, F	0.492	46.463	
8	61.7, F	0.717	46.505	
8	197.5, F	0.46	46.547	
8	15.0, F	0.985	46.588	
8	73.0, F	0.517	46.630	
8	59.2, F	0.694	46.672	
8	208.2, F	0.311	46.713	
8	12.6, F	1.135	46.755	
8	33.4, F	1.116	46.797	
8	332.0, F	0.211	46.838	
8	17.2, F	0.396	46.880	
8	74.4, F	0.389	46.922	
8	80.4, F	0.461	46.964	
8	285.0, F	0.486	47.005	
8	82.2, F	0.635	47.047	
8	315.8, F	0.317	47.089	
8	325.6, F	0.373	47.130	
8	129.8, F	0.932	47.172	
8	328.5, F	0.48	47.214	
8	236.7, F	0.548	47.256	
8	34.3, F	0.789	47.297	
8	250.8, F	0.653	47.339	
8	115.8, F	0.377	47.381	
8	261.3, F	0.865	47.422	
8	6.3, F	0.796	47.464	
8	165.7, F	0.158	47.506	
8	171.2, F	0.131	47.547	
8	269.4, F	0.194	47.589	
8	241.9, F	0.212	47.631	
8	89.5, F	0.663	47.673	
8	272.5, F	0.385	47.714	
8	276.2, F	0.473	47.756	
8	81.7, F	0.424	47.798	
8	273.8, F	0.593	47.839	
8	77.9, F	0.249	47.881	
8	109.4, F	0.187	47.923	
8	144.6, F	0.174	47.965	
8	260.1, F	0.898	48.006	
8	145.8, F	0.158	48.048	
8	209.1, F	0.269	48.090	
8	347.3, F	0.766	48.131	
8	113.8, F	0.862	48.173	
8	225.7, F	0.327	48.215	
8	227.9, F	0.394	48.257	
8	336.3, F	0.716	48.298	
8	118.9, F	0.781	48.340	
8	221.0, F	0.453	48.382	
8	332.6, F	0.679	48.423	
8	216.0, F	0.456	48.465	
8	49.4, F	0.873	48.507	
8	217.7, F	0.499	48.548	
8	211.6, F	0.581	48.590	
8	62.8, F	0.871	48.632	
8	212.8, F	0.541	48.674	
8	330.2, F	0.588	48.715	
8	201.9, F	0.626	48.757	
8	69.8, F	0.697	48.799	
8	297.5, F	0.383	48.840	
8	317.4, F	0.423	48.882	
8	130.1, F	1.052	48.924	
8	327.9, F	0.345	48.966	
8	325.0, F	0.309	49.007	
8	194.5, F	0.748	49.049	
8	316.6, F	0.224	49.091	
8	88.0, F	0.818	49.132	
8	297.9, F	0.192	49.174	
8	272.6, F	0.176	49.216	
8	None	0	49.258	
8	None	0	49.299	0.08299999999999841
8	155.9, F	0.103	49.341	
8	150.6, F	0.126	49.383	
8	143.8, F	0.281	49.424	
8	157.1, F	0.301	49.466	
8	7.3, F	0.661	49.508	
8	159.6, F	0.507	49.550	
8	142.7, F	0.691	49.591	
8	307.1, F	0.685	49.633	
8	48.6, F	0.658	49.675	
8	217.6, F	0.828	49.716	
8	71.1, F	0.657	49.758	
8	293.8, F	0.347	49.800	
8	200.0, F	0.844	49.841	
8	85.1, F	0.697	49.883	
8	249.3, F	0.28	49.925	
8	246.2, F	0.27	49.967	
8	226.5, F	0.289	50.008	
8	48.9, F	1.044	50.050	
8	185.4, F	0.503	50.092	
8	194.8, F	0.497	50.133	
8	4.8, F	0.409	50.175	
8	170.1, F	0.585	50.217	
8	51.1, F	0.379	50.259	
8	60.4, F	0.438	50.300	
8	290.9, F	0.539	50.342	
8	149.8, F	1.142	50.384	
8	276.0, F	0.289	50.425	
8	252.6, F	0.264	50.467	
8	94.5, F	0.764	50.509	
8	345.1, F	0.853	50.550	
8	214.4, F	0.342	50.592	
8	217.0, F	0.342	50.634	
8	114.1, F	0.851	50.676	
8	356.0, F	0.484	50.717	
8	177.2, F	0.594	50.759	
8	7.0, F	0.426	50.801	
8	175.6, F	0.688	50.842	
8	14.2, F	0.367	50.884	
8	22.3, F	0.303	50.926	
8	171.4, F	0.795	50.968	
8	283.9, F	0.843	51.009	
8	41.4, F	0.271	51.051	
8	33.1, F	0.319	51.093	
8	166.2, F	0.818	51.134	
8	43.4, F	0.359	51.176	
8	287.0, F	0.784	51.218	
8	58.9, F	0.354	51.260	
8	57.5, F	0.359	51.301	
8	149.9, F	0.833	51.343	
8	295.8, F	0.623	51.385	
8	55.3, F	0.5	51.426	
8	303.9, F	0.626	51.468	
8	145.7, F	0.808	51.510	
8	306.4, F	0.645	51.551	
8	149.2, F	0.991	51.593	
8	288.0, F	0.49	51.635	
8	53.4, F	0.618	51.677	
8	284.5, F	0.497	51.718	
8	59.6, F	0.561	51.760	
8	208.3, F	0.974	51.802	
8	68.6, F	0.635	51.843	
8	308.3, F	0.442	51.885	
8	68.1, F	0.656	51.927	
8	300.7, F	0.423	51.969	
8	204.8, F	0.843	52.010	
8	71.8, F	0.688	52.052	
8	304.2, F	0.351	52.094	
8	302.4, F	0.321	52.135	
8	137.7, F	1.156	52.177	
8	295.5, F	0.214	52.219	
8	335.5, F	0.188	52.261	
8	341.4, F	0.216	52.302	
8	337.8, F	0.159	52.344	
8	334.0, F	0.174	52.386	
8	310.0, F	0.106	52.427	
8	183.8, F	0.899	52.469	
8	336.3, F	0.214	52.511	
8	313.1, F	0.17	52.552	
8	91.6, F	0.802	52.594	
8	261.2, F	0.19	52.636	
8	265.0, F	0.151	52.678	
8	263.7, F	0.147	52.719	
8	285.5, F	0.138	52.761	
8	257.5, F	0.166	52.803	
8	92.7, F	0.858	52.844	
8	251.8, F	0.144	52.886	
8	229.4, F	0.14	52.928	
8	241.4, F	0.125	52.970	
8	249.6, F	0.1	53.011	
8	234.3, F	0.206	53.053	
8	348.7, F	0.809	53.095	
8	100.6, F	0.814	53.136	
8	218.0, F	0.306	53.178	
8	220.2, F	0.335	53.220	
8	187.7, F	0.576	53.262	
8	337.2, F	0.357	53.303	
8	328.9, F	0.329	53.345	
8	194.7, F	0.707	53.387	
8	73.3, F	0.861	53.428	
8	307.6, F	0.246	53.470	
8	290.4, F	0.221	53.512	
8	261.9, F	0.207	53.553	
8	263.1, F	0.226	53.595	
8	95.8, F	0.77	53.637	
8	252.3, F	0.237	53.679	
8	235.5, F	0.354	53.720	
8	226.9, F	0.37	53.762	
8	121.7, F	0.724	53.804	
8	330.8, F	0.811	53.845	
8	224.3, F	0.544	53.887	
8	125.1, F	0.881	53.929	
8	329.7, F	0.556	53.971	
8	224.1, F	0.653	54.012	
8	34.1, F	0.854	54.054	
8	206.6, F	0.839	54.096	
8	64.0, F	0.662	54.137	
8	302.9, F	0.504	54.179	
8	140.6, F	0.893	54.221	
8	311.0, F	0.678	54.263	
8	46.7, F	0.588	54.304	
8	222.2, F	0.858	54.346	
8	50.9, F	0.554	54.388	
8	219.6, F	1.007	54.429	
8	60.9, F	0.357	54.471	
8	61.4, F	0.341	54.513	
8	283.5, F	0.73	54.554	
8	85.4, F	0.251	54.596	
8	93.8, F	0.195	54.638	
8	123.3, F	0.178	54.680	
8	265.8, F	0.864	54.721	
8	114.7, F	0.122	54.763	
8	149.8, F	0.149	54.805	
8	166.7, F	0.196	54.846	
8	168.3, F	0.162	54.888	
8	181.8, F	0.217	54.930	
8	358.7, F	0.697	54.972	
8	187.8, F	0.43	55.013	
8	191.8, F	0.353	55.055	
8	353.2, F	0.657	55.097	
8	199.8, F	0.372	55.138	
8	210.7, F	0.442	55.180	
8	56.2, F	0.885	55.222	
8	226.2, F	0.487	55.264	
8	334.5, F	0.767	55.305	
8	104.8, F	0.68	55.347	
8	233.7, F	0.436	55.389	
8	237.3, F	0.4	55.430	
8	39.4, F	1.066	55.472	
8	237.3, F	0.389	55.514	
8	235.2, F	0.352	55.555	
8	106.8, F	0.682	55.597	
8	242.5, F	0.411	55.639	
8	244.0, F	0.418	55.681	
8	37.4, F	0.99	55.722	
8	246.8, F	0.542	55.764	
8	F	0.553	55.806	
8	104.4, F	0.481	55.847	
8	107.6, F	0.454	55.889	
8	329.6, F	1.072	55.931	
8	99.0, F	0.404	55.973	
8	265.2, F	0.621	56.014	
8	103.6, F	0.311	56.056	
8	116.4, F	0.25	56.098	
8	261.4, F	0.752	56.139	
8	108.7, F	0.268	56.181	
8	106.9, F	0.251	56.223	
8	115.3, F	0.231	56.265	
8	260.0, F	0.816	56.306	
8	149.1, F	0.275	56.348	
8	8.1, F	0.728	56.390	
8	164.9, F	0.254	56.431	
8	173.1, F	0.29	56.473	
8	358.4, F	0.527	56.515	
8	179.3, F	0.434	56.556	
8	202.9, F	0.462	56.598	
8	349.3, F	0.494	56.640	
8	199.8, F	0.467	56.682	
8	347.7, F	0.499	56.723	
8	204.7, F	0.492	56.765	
8	54.7, F	0.946	56.807	
8	212.5, F	0.532	56.848	
8	331.8, F	0.64	56.890	
8	220.6, F	0.547	56.932	
8	46.9, F	0.853	56.974	
8	225.4, F	0.608	57.015	
8	126.2, F	0.594	57.057	
8	315.2, F	0.897	57.099	
8	131.9, F	0.49	57.140	
8	240.3, F	0.705	57.182	
8	30.7, F	0.742	57.224	
8	147.7, F	0.444	57.266	
8	244.4, F	0.931	57.307	
8	9.2, F	0.591	57.349	
8	182.9, F	0.411	57.391	
8	348.7, F	0.605	57.432	
8	194.9, F	0.478	57.474	
8	346.6, F	0.632	57.516	
8	114.3, F	0.852	57.557	
8	219.7, F	0.428	57.599	
8	335.4, F	0.742	57.641	
8	238.4, F	0.439	57.683	
8	111.6, F	0.633	57.724	
8	241.8, F	0.48	57.766	
8	29.9, F	1.03	57.808	
8	253.1, F	0.483	57.849	
8	255.6, F	0.463	57.891	
8	93.3, F	0.502	57.933	
8	268.5, F	0.485	57.975	
8	78.8, F	0.488	58.016	
8	272.9, F	0.528	58.058	
8	91.1, F	0.428	58.100	
8	90.1, F	0.427	58.141	
8	270.2, F	0.601	58.183	
8	95.6, F	0.388	58.225	
8	267.1, F	0.631	58.267	
8	105.4, F	0.267	58.308	
8	111.8, F	0.219	58.350	
8	266.6, F	0.77	58.392	
8	106.3, F	0.235	58.433	
8	111.4, F	0.23	58.475	
8	115.0, F	0.213	58.517	
8	130.0, F	0.235	58.558	
8	313.6, F	1.132	58.600	
8	126.9, F	0.25	58.642	
8	114.4, F	0.213	58.684	
8	100.3, F	0.202	58.725	
8	126.9, F	0.245	58.767	
8	258.9, F	0.823	58.809	
8	129.9, F	0.246	58.850	
8	11.1, F	0.872	58.892	
8	134.5, F	0.233	58.934	
8	150.2, F	0.275	58.976	
8	151.6, F	0.252	59.017	
8	159.2, F	0.344	59.059	
8	304.1, F	0.999	59.101	
8	157.1, F	0.466	59.142	
8	22.9, F	0.62	59.184	
8	144.2, F	0.566	59.226	
8	210.8, F	0.809	59.268	
8	64.4, F	0.578	59.309	
8	301.2, F	0.459	59.351	
8	72.6, F	0.671	59.393	
8	190.8, F	0.919	59.434	
8	None	0	59.476	
8	None	0	59.518	
8	None	0	59.559	0.125
8	81.2, F	0.249	59.601	
8	79.1, F	0.243	59.643	
8	96.1, F	0.246	59.685	
8	105.6, F	0.212	59.726	
8	270.9, F	0.874	59.768	
8	60.7, F	0.123	59.810	
8	None	0	59.851	
8	None	0	59.893	0.08400000000000318
8	249.0, F	0.207	59.935	
8	259.3, F	0.29	59.977	
8	95.3, F	0.672	60.018	
8	264.2, F	0.407	60.060	
8	270.7, F	0.621	60.102	
8	85.2, F	0.288	60.143	
8	76.3, F	0.233	60.185	
8	278.8, F	0.768	60.227	
8	53.0, F	0.369	60.269	
8	41.1, F	0.482	60.310	
8	45.5, F	0.441	60.352	
8	221.9, F	0.875	60.394	
8	56.8, F	0.675	60.435	
8	319.8, F	0.454	60.477	
8	130.7, F	0.976	60.519	
8	339.4, F	0.452	60.560	
8	197.4, F	0.371	60.602	
8	351.7, F	0.669	60.644	
8	180.9, F	0.365	60.686	
8	2.5, F	0.727	60.727	
8	149.9, F	0.206	60.769	
8	129.2, F	0.168	60.811	
8	124.6, F	0.164	60.852	
8	120.1, F	0.184	60.894	
8	128.0, F	0.162	60.936	
8	264.4, F	0.829	60.978	
8	67.2, F	0.266	61.019	
8	65.0, F	0.357	61.061	
8	74.2, F	0.415	61.103	
8	279.5, F	0.604	61.144	
8	73.7, F	0.402	61.186	
8	72.7, F	0.4	61.228	
8	281.9, F	0.589	61.270	
8	79.2, F	0.432	61.311	
8	277.9, F	0.538	61.353	
8	86.7, F	0.536	61.395	
8	204.9, F	0.916	61.436	
8	75.9, F	0.687	61.478	
8	295.6, F	0.308	61.520	
8	321.7, F	0.31	61.561	
8	306.1, F	0.178	61.603	
8	81.4, F	0.861	61.645	
8	321.5, F	0.226	61.687	
8	187.1, F	0.854	61.728	
8	351.0, F	0.148	61.770	
8	358.4, F	0.107	61.812	
8	3.9, F	0.116	61.853	
8	None	0	61.895	0.041999999999994486
8	117.4, F	0.159	61.937	
8	125.6, F	0.156	61.979	
8	136.1, F	0.179	62.020	
8	144.3, F	0.193	62.062	
8	258.9, F	0.916	62.104	
8	149.9, F	0.184	62.145	
8	5.3, F	0.807	62.187	
8	173.6, F	0.271	62.229	
8	176.3, F	0.341	62.271	
8	174.5, F	0.293	62.312	
8	4.9, F	0.705	62.354	
8	185.4, F	0.374	62.396	
8	183.4, F	0.353	62.437	
8	359.0, F	0.602	62.479	
8	180.5, F	0.428	62.521	
8	9.6, F	0.5	62.562	
8	169.3, F	0.531	62.604	
8	19.1, F	0.483	62.646	
8	155.2, F	0.566	62.688	
8	23.1, F	0.502	62.729	
8	234.1, F	0.94	62.771	
8	29.8, F	0.497	62.813	
8	150.9, F	0.587	62.854	
8	40.6, F	0.586	62.896	
8	220.5, F	0.639	62.938	
8	56.0, F	0.934	62.980	
8	200.0, F	0.558	63.021	
8	346.1, F	0.488	63.063	
8	198.1, F	0.448	63.105	
8	345.7, F	0.569	63.146	
8	190.4, F	0.3	63.188	
8	359.7, F	0.606	63.230	
8	171.1, F	0.375	63.272	
8	166.6, F	0.447	63.313	
8	11.4, F	0.524	63.355	
8	161.6, F	0.386	63.397	
8	25.4, F	0.6	63.438	
8	142.0, F	0.474	63.480	
8	123.5, F	0.501	63.522	
8	329.6, F	0.701	63.563	
8	220.3, F	0.353	63.605	
8	103.1, F	0.792	63.647	
8	344.4, F	0.78	63.689	
8	233.9, F	0.175	63.730	
8	239.6, F	0.166	63.772	
8	233.5, F	0.177	63.814	
8	93.5, F	0.791	63.855	
8	259.1, F	0.233	63.897	
8	263.6, F	0.244	63.939	
8	254.2, F	0.232	63.981	
8	300.0, F	0.226	64.022	
8	88.5, F	0.798	64.064	
8	315.0, F	0.161	64.106	
8	345.1, F	0.234	64.147	
8	4.1, F	0.279	64.189	
8	10.6, F	0.348	64.231	
8	174.4, F	0.484	64.273	
8	8.4, F	0.514	64.314	
8	174.5, F	0.479	64.356	
8	18.4, F	0.519	64.398	
8	191.8, F	0.293	64.439	
8	208.3, F	0.327	64.481	
8	343.9, F	0.78	64.523	
8	235.5, F	0.33	64.564	
8	270.6, F	0.269	64.606	
8	82.8, F	0.771	64.648	
8	331.7, F	0.261	64.690	
8	342.4, F	0.344	64.731	
8	178.3, F	0.697	64.773	
8	15.5, F	0.453	64.815	
8	7.2, F	0.564	64.856	
8	167.1, F	0.357	64.898	
8	16.0, F	0.642	64.940	
8	135.4, F	0.402	64.982	
8	246.9, F	0.591	65.023	
8	118.0, F	0.722	65.065	
8	352.5, F	0.65	65.107	
8	184.4, F	9.956	65.148	
8	130.0, F	0.451	65.190	
8	73.1, F	0.22	65.232	
8	109.8, F	0.856	65.274	
8	181.9, F	0.611	65.315	
8	181.2, F	1.526	65.357	
8	17.5, F	0.747	65.399	
8	166.6, F	1.255	65.440	
8	232.4, F	0.192	65.482	
8	149.4, F	0.375	65.524	
8	234.0, F	0.145	65.566	
8	166.5, F	1.654	65.607	
8	274.1, F	0.152	65.649	
8	195.9, F	0.656	65.691	
8	151.1, F	0.717	65.732	
8	185.0, F	1.286	65.774	
8	136.6, F	0.451	65.816	
8	78.5, F	0.609	65.857	
8	209.6, F	2.044	65.899	
8	75.4, F	0.582	65.941	
8	164.2, F	0.934	65.983	
8	22.4, F	0.746	66.024	
8	192.7, F	1.823	66.066	
8	57.9, F	0.814	66.108	
8	109.7, F	1.248	66.149	
8	199.1, F	0.824	66.191	
8	128.4, F	0.542	66.233	
8	153.9, F	0.114	66.275	
8	177.0, F	0.788	66.316	
8	126.4, F	0.738	66.358	
8	103.0, F	0.68	66.400	
8	160.3, F	1.282	66.441	
8	115.6, F	0.649	66.483	
8	181.0, F	0.164	66.525	
8	138.6, F	0.446	66.566	
8	140.9, F	1.495	66.608	
8	189.5, F	0.605	66.650	
8	None	0	66.692	0.04100000000001103
8	140.4, F	0.317	66.733	
8	154.0, F	1.002	66.775	
8	191.4, F	0.411	66.817	
8	13.8, F	0.268	66.858	
8	166.9, F	1.362	66.900	
8	68.0, F	0.658	66.942	
8	191.4, F	1.285	66.984	
8	52.7, F	0.891	67.025	
8	183.4, F	1.074	67.067	
8	171.6, F	0.929	67.109	
8	158.9, F	0.402	67.150	
8	167.2, F	0.984	67.192	
8	232.3, F	0.656	67.234	
8	152.0, F	0.863	67.276	
8	110.6, F	0.463	67.317	
8	196.6, F	0.895	67.359	
8	227.7, F	0.212	67.401	
8	153.2, F	1.672	67.442	
8	194.4, F	0.689	67.484	
8	189.3, F	0.298	67.526	
8	178.4, F	0.571	67.567	
8	166.5, F	0.561	67.609	
8	181.4, F	1.209	67.651	
8	10.0, F	0.334	67.693	
8	175.8, F	1.178	67.734	
8	162.4, F	1.142	67.776	
8	234.1, F	0.573	67.818	
8	94.0, F	0.442	67.859	
8	202.3, F	0.702	67.901	
8	159.6, F	2.223	67.943	
8	354.2, F	0.394	67.985	
8	177.7, F	1.271	68.026	
8	175.9, F	0.558	68.068	
8	161.5, F	0.641	68.110	
8	94.6, F	0.187	68.151	
8	235.2, F	1.017	68.193	
8	166.5, F	0.777	68.235	
8	175.9, F	0.339	68.277	
8	190.0, F	0.81	68.318	
8	239.2, F	0.265	68.360	
8	218.5, F	0.453	68.402	
8	42.4, F	0.246	68.443	
8	186.8, F	0.857	68.485	
8	218.7, F	0.174	68.527	
8	224.8, F	0.528	68.569	
8	236.9, F	0.873	68.610	
8	129.4, F	0.329	68.652	
8	172.3, F	0.665	68.694	
8	187.9, F	0.102	68.735	
8	178.6, F	1.181	68.777	
8	193.8, F	0.466	68.819	
8	279.6, F	0.222	68.860	
8	233.8, F	0.686	68.902	
8	221.6, F	1.317	68.944	
8	319.8, F	0.209	68.986	
8	239.0, F	0.303	69.027	
8	132.0, F	0.712	69.069	
8	244.2, F	0.97	69.111	
8	181.6, F	0.626	69.152	
8	152.5, F	0.219	69.194	
8	196.5, F	0.317	69.236	
8	191.9, F	0.745	69.278	
8	221.4, F	0.363	69.319	
8	232.4, F	0.483	69.361	
8	58.0, F	0.525	69.403	
8	200.3, F	1.131	69.444	
8	147.9, F	0.387	69.486	
8	24.3, F	0.721	69.528	
8	226.0, F	0.751	69.569	
8	44.8, F	0.471	69.611	
8	213.2, F	0.944	69.653	
8	102.5, F	0.283	69.695	
8	62.8, F	0.245	69.736	
8	291.3, F	0.534	69.778	
8	83.8, F	0.271	69.820	
8	78.0, F	0.292	69.861	
8	282.6, F	0.466	69.903	
8	87.4, F	0.378	69.945	
8	92.0, F	0.372	69.987	
8	273.7, F	0.291	70.028	
8	272.6, F	0.281	70.070	
8	140.5, F	0.9	70.112	
8	319.8, F	0.127	70.153	
8	None	0	70.195	
8	None	0	70.237	0.08400000000000318
8	74.7, F	0.234	70.279	
8	45.8, F	0.293	70.320	
8	74.6, F	0.359	70.362	
8	55.5, F	0.51	70.404	
8	209.2, F	0.661	70.445	
8	331.5, F	0.251	70.487	
8	72.8, F	0.963	70.529	
8	179.4, F	0.481	70.570	
8	18.9, F	0.204	70.612	
8	None	0	70.654	0.04200000000000159
8	139.6, F	0.14	70.696	
8	242.3, F	0.441	70.737	
8	130.7, F	0.586	70.779	
8	208.8, F	0.342	70.821	
8	90.6, F	0.604	70.862	
8	281.5, F	0.165	70.904	
8	182.6, F	0.559	70.946	
8	173.4, F	0.91	70.988	
8	175.3, F	0.341	71.029	
8	5.9, F	0.27	71.071	
8	170.6, F	1.433	71.113	
8	60.8, F	0.211	71.154	
8	152.9, F	0.356	71.196	
8	215.8, F	1.112	71.238	
8	156.9, F	0.47	71.280	
8	169.5, F	0.73	71.321	
8	157.5, F	0.293	71.363	
8	156.1, F	0.389	71.405	
8	250.0, F	0.788	71.446	
8	197.1, F	0.364	71.488	
8	185.4, F	0.69	71.530	
8	None	0	71.572	0.04099999999999682
8	193.7, F	0.613	71.613	
8	138.1, F	0.763	71.655	
8	262.2, F	0.311	71.697	
8	225.6, F	0.364	71.738	
8	147.7, F	0.907	71.780	
8	201.5, F	0.377	71.822	
8	205.3, F	0.554	71.863	
8	64.8, F	0.749	71.905	
8	228.4, F	0.369	71.947	
8	207.3, F	0.33	71.989	
8	209.8, F	0.695	72.030	
8	83.9, F	0.472	72.072	
8	215.3, F	1.184	72.114	
8	182.1, F	0.322	72.155	
8	184.2, F	0.758	72.197	
8	217.0, F	0.394	72.239	
8	198.3, F	1.295	72.281	
8	137.3, F	0.536	72.322	
8	272.8, F	0.831	72.364	
8	168.8, F	0.288	72.406	
8	183.7, F	0.928	72.447	
8	227.0, F	0.405	72.489	
8	208.2, F	0.804	72.531	
8	149.3, F	0.405	72.572	
8	240.4, F	1.015	72.614	
8	None	0	72.656	0.04199999999998738
8	212.5, F	0.505	72.698	
8	158.3, F	0.826	72.739	
8	235.1, F	0.891	72.781	
8	169.5, F	0.615	72.823	
8	286.2, F	0.111	72.864	
8	194.3, F	0.52	72.906	
8	188.9, F	1.427	72.948	
8	268.2, F	0.354	72.990	
8	140.2, F	0.703	73.031	
8	202.6, F	1.337	73.073	
8	145.2, F	0.417	73.115	
8	169.0, F	0.809	73.156	
8	237.4, F	0.84	73.198	
8	164.5, F	0.801	73.240	
8	173.5, F	0.533	73.282	
8	None	0	73.323	0.04200000000000159
8	215.4, F	0.25	73.365	
8	207.8, F	0.369	73.407	
8	197.2, F	1.147	73.448	
8	267.5, F	0.536	73.490	
8	137.0, F	0.158	73.532	
8	180.4, F	0.267	73.573	
8	301.2, F	0.511	73.615	
8	224.0, F	0.879	73.657	
8	None	0	73.699	0.04099999999999682
8	255.0, F	0.412	73.740	
8	263.0, F	1.356	73.782	
8	180.4, F	0.402	73.824	
8	313.8, F	0.517	73.865	
8	237.4, F	1.232	73.907	
8	271.6, F	0.806	73.949	
8	213.7, F	0.162	73.991	
8	255.4, F	0.645	74.032	
8	207.8, F	0.144	74.074	
8	261.6, F	1.085	74.116	
8	246.6, F	0.898	74.157	
8	339.0, F	0.59	74.199	
8	248.3, F	0.805	74.241	
8	281.1, F	0.773	74.283	
8	249.0, F	1.467	74.324	
8	49.0, F	0.363	74.366	
8	273.4, F	1.156	74.408	
8	236.8, F	0.44	74.449	
8	266.9, F	1.08	74.491	
8	248.0, F	0.636	74.533	
8	212.9, F	0.537	74.575	
8	273.3, F	1.761	74.616	
8	196.1, F	0.708	74.658	
8	286.5, F	0.834	74.700	
8	302.5, F	0.553	74.741	
8	273.0, F	1.488	74.783	
8	232.0, F	0.192	74.825	
8	284.5, F	0.777	74.866	
8	186.1, F	0.953	74.908	
8	287.6, F	1.24	74.950	
8	284.1, F	0.634	74.992	
8	279.5, F	1.09	75.033	
8	320.6, F	0.449	75.075	
8	259.4, F	0.434	75.117	
8	268.0, F	1.178	75.158	
8	324.9, F	0.591	75.200	
8	350.6, F	0.725	75.242	
8	287.4, F	1.292	75.284	
8	313.2, F	1.079	75.325	
8	265.0, F	0.416	75.367	
8	286.6, F	1.225	75.409	
8	311.2, F	1.575	75.450	
8	30.9, F	0.136	75.492	
8	325.6, F	0.795	75.534	
8	277.7, F	0.826	75.575	
8	283.4, F	1.506	75.617	
8	321.7, F	1.057	75.659	
8	254.4, F	0.443	75.701	
8	277.2, F	0.865	75.742	
8	290.0, F	1.112	75.784	
8	284.1, F	0.657	75.826	
8	344.8, F	0.374	75.867	
8	314.9, F	1.086	75.909	
8	276.9, F	1.502	75.951	
8	302.0, F	0.969	75.993	
8	268.4, F	0.442	76.034	
8	328.9, F	0.318	76.076	
8	295.6, F	1.701	76.118	
8	298.7, F	0.973	76.159	
8	326.9, F	0.777	76.201	
8	144.8, F	0.092	76.243	
8	291.1, F	1.906	76.285	
8	5.8, F	1.319	76.326	
8	216.4, F	0.452	76.368	
8	323.3, F	1.239	76.410	
8	338.0, F	0.854	76.451	
8	309.0, F	0.51	76.493	
8	355.7, F	0.872	76.535	
8	324.9, F	0.487	76.576	
8	301.6, F	1.059	76.618	
8	346.2, F	0.93	76.660	
8	321.5, F	0.538	76.702	
8	115.8, F	0.305	76.743	
8	327.2, F	1.937	76.785	
8	286.9, F	0.406	76.827	
8	12.4, F	0.549	76.868	
8	219.3, F	0.237	76.910	
8	340.0, F	1.488	76.952	
8	252.5, F	1.148	76.994	
8	253.9, F	0.527	77.035	
8	358.4, F	0.939	77.077	
8	297.7, F	0.701	77.119	
8	146.9, F	0.673	77.160	
8	303.0, F	1.011	77.202	
8	264.0, F	0.562	77.244	
8	None	0	77.286	0.04099999999999682
8	296.4, F	0.375	77.327	
8	307.8, F	0.403	77.369	
8	295.8, F	0.681	77.411	
8	13.7, F	0.531	77.452	
8	193.4, F	0.897	77.494	
8	None	0	77.536	
8	None	0	77.578	0.08299999999999841
8	188.6, F	0.1	77.619	
8	211.2, F	0.365	77.661	
8	200.3, F	0.6	77.703	
8	296.9, F	0.161	77.744	
8	77.8, F	0.722	77.786	
8	250.8, F	0.225	77.828	
8	238.4, F	0.269	77.869	
8	222.3, F	0.441	77.911	
8	126.8, F	0.802	77.953	
8	289.9, F	0.303	77.995	
8	293.5, F	0.364	78.036	
8	69.8, F	0.603	78.078	
8	224.6, F	1.001	78.120	
8	62.2, F	0.362	78.161	
8	288.2, F	0.759	78.203	
8	44.1, F	0.135	78.245	
8	322.1, F	0.172	78.287	
8	201.5, F	0.63	78.328	
8	310.4, F	0.411	78.370	
8	59.6, F	0.625	78.412	
8	217.2, F	0.847	78.453	
8	36.5, F	0.417	78.495	
8	288.1, F	0.762	78.537	
8	182.5, F	0.461	78.578	
8	313.9, F	0.306	78.620	
8	295.6, F	0.531	78.662	
8	151.3, F	0.614	78.704	
8	15.5, F	0.329	78.745	
8	285.0, F	0.894	78.787	
8	183.4, F	0.633	78.829	
8	302.7, F	0.3	78.870	
8	56.9, F	0.554	78.912	
8	296.5, F	0.729	78.954	
8	184.3, F	0.252	78.996	
8	328.8, F	0.388	79.037	
8	200.6, F	0.478	79.079	
8	328.9, F	0.583	79.121	
8	117.2, F	0.835	79.162	
8	318.4, F	0.605	79.204	
8	224.7, F	0.483	79.246	
8	128.5, F	0.805	79.288	
8	314.5, F	0.642	79.329	
8	317.6, F	0.68	79.371	
8	117.6, F	0.606	79.413	
8	235.9, F	0.534	79.454	
8	18.1, F	0.496	79.496	
8	116.9, F	0.276	79.538	
8	267.2, F	0.629	79.579	
8	30.6, F	0.102	79.621	
8	336.5, F	0.143	79.663	
8	328.4, F	0.299	79.705	
8	321.1, F	0.449	79.746	
8	224.7, F	0.37	79.788	
8	31.4, F	0.667	79.830	
8	266.1, F	0.415	79.871	
8	86.5, F	0.349	79.913	
8	283.0, F	0.705	79.955	
8	48.3, F	0.183	79.997	
8	29.2, F	0.221	80.038	
8	13.4, F	0.345	80.080	
8	159.2, F	0.273	80.122	
8	356.9, F	0.657	80.163	
8	None	0	80.205	
8	None	0	80.247	0.08400000000000318
8	1.8, F	0.227	80.289	
8	359.6, F	0.27	80.330	
8	359.3, F	0.255	80.372	
8	170.9, F	0.36	80.414	
8	25.7, F	0.306	80.455	
8	247.0, F	0.686	80.497	
8	23.1, F	0.458	80.539	
8	140.1, F	0.343	80.581	
8	117.4, F	0.332	80.622	
8	322.8, F	1.09	80.664	
8	96.1, F	0.272	80.706	
8	96.3, F	0.292	80.747	
8	271.0, F	0.601	80.789	
8	100.5, F	0.279	80.831	
8	97.6, F	0.271	80.872	
8	276.8, F	0.583	80.914	
8	55.5, F	0.26	80.956	
8	60.7, F	0.256	80.998	
8	58.3, F	0.225	81.039	
8	217.7, F	0.967	81.081	
8	50.5, F	0.214	81.123	
8	37.3, F	0.233	81.164	
8	51.5, F	0.175	81.206	
8	35.2, F	0.141	81.248	
8	50.6, F	0.129	81.290	
8	280.8, F	0.863	81.331	
8	175.5, F	0.648	81.373	
8	302.4, F	0.192	81.415	
8	307.6, F	0.308	81.456	
8	79.6, F	0.574	81.498	
8	294.9, F	0.362	81.540	
8	205.5, F	0.649	81.581	
8	77.2, F	0.405	81.623	
8	287.2, F	0.61	81.665	
8	72.5, F	0.219	81.707	
8	72.4, F	0.249	81.748	
8	282.5, F	0.661	81.790	
8	78.5, F	0.335	81.832	
8	158.9, F	0.851	81.873	
8	284.9, F	0.584	81.915	
8	84.9, F	0.347	81.957	
8	88.4, F	0.395	81.999	
8	280.2, F	0.486	82.040	
8	88.2, F	0.502	82.082	
8	264.1, F	0.351	82.124	
8	102.9, F	0.482	82.165	
8	267.1, F	0.36	82.207	
8	247.3, F	0.42	82.249	
8	90.0, F	0.54	82.291	
8	280.0, F	0.444	82.332	
8	97.8, F	0.484	82.374	
8	290.0, F	0.449	82.416	
8	69.2, F	0.425	82.457	
8	301.4, F	0.499	82.499	
8	65.2, F	0.515	82.541	
8	234.6, F	0.595	82.582	
8	33.8, F	0.808	82.624	
8	229.7, F	1.434	82.666	
8	74.5, F	0.775	82.708	
8	313.5, F	0.536	82.749	
8	301.0, F	0.497	82.791	
8	90.3, F	0.41	82.833	
8	139.0, F	0.184	82.874	
8	138.3, F	0.161	82.916	
8	7.4, F	1.31	82.958	
8	160.1, F	0.511	83.000	
8	289.9, F	0.747	83.041	
8	148.6, F	0.698	83.083	
8	54.4, F	0.591	83.125	
8	316.8, F	0.596	83.166	
8	128.8, F	0.742	83.208	
8	312.3, F	0.52	83.250	
8	122.3, F	0.921	83.292	
8	342.2, F	0.379	83.333	
8	355.1, F	0.371	83.375	
8	175.8, F	0.257	83.417	
8	157.5, F	0.248	83.458	
8	13.5, F	0.398	83.500	
8	154.3, F	0.214	83.542	
8	143.3, F	0.172	83.584	
8	307.9, F	1.16	83.625	
8	137.4, F	0.207	83.667	
8	150.5, F	0.159	83.709	
8	186.1, F	0.17	83.750	
8	180.2, F	0.239	83.792	
8	346.7, F	0.606	83.834	
8	224.0, F	0.17	83.875	
8	239.4, F	0.179	83.917	
8	89.4, F	0.606	83.959	
8	277.3, F	0.355	84.001	
8	280.9, F	0.396	84.042	
8	93.6, F	0.323	84.084	
8	269.1, F	0.67	84.126	
8	81.5, F	0.143	84.167	
8	None	0	84.209	
8	None	0	84.251	0.08400000000000318
8	203.6, F	0.165	84.293	
8	None	0	84.334	0.04200000000000159
8	219.3, F	0.144	84.376	
8	208.2, F	0.112	84.418	
8	346.1, F	0.704	84.459	
8	249.7, F	0.259	84.501	
8	108.5, F	0.554	84.543	
8	262.2, F	0.432	84.584	
8	264.3, F	0.533	84.626	
8	113.3, F	0.304	84.668	
8	94.0, F	0.227	84.710	
8	99.7, F	0.107	84.751	
8	272.4, F	0.992	84.793	
8	None	0	84.835	0.04100000000001103
8	304.7, F	0.126	84.876	
8	243.4, F	0.136	84.918	
8	90.4, F	0.66	84.960	
8	273.6, F	0.256	85.002	
8	259.7, F	0.162	85.043	
8	277.5, F	0.169	85.085	
8	95.6, F	0.712	85.127	
8	254.0, F	0.098	85.168	
8	173.1, F	0.117	85.210	
8	2.6, F	0.559	85.252	
8	163.5, F	0.317	85.294	
8	148.0, F	0.343	85.335	
8	24.5, F	0.352	85.377	
8	232.2, F	0.823	85.419	
8	72.4, F	0.251	85.460	
8	88.0, F	0.381	85.502	
8	277.2, F	0.43	85.544	
8	96.0, F	0.516	85.585	
8	232.0, F	0.18	85.627	
8	102.0, F	0.66	85.669	
8	234.8, F	0.187	85.711	
8	214.2, F	0.166	85.752	
8	199.4, F	0.234	85.794	
8	189.2, F	0.214	85.836	
8	348.2, F	0.434	85.877	
8	148.7, F	0.275	85.919	
8	140.6, F	0.317	85.961	
8	20.3, F	0.406	86.003	
8	144.6, F	0.254	86.044	
8	165.9, F	0.27	86.086	
8	344.6, F	0.417	86.128	
8	213.8, F	0.306	86.169	
8	326.7, F	0.606	86.211	
8	250.9, F	0.446	86.253	
8	108.3, F	0.302	86.295	
8	267.1, F	0.629	86.336	
8	115.1, F	0.259	86.378	
8	121.1, F	0.112	86.420	
8	359.0, F	0.655	86.461	
8	169.6, F	0.116	86.503	
8	148.5, F	0.119	86.545	
8	163.4, F	0.22	86.587	
8	144.5, F	0.274	86.628	
8	304.3, F	0.879	86.670	
8	153.6, F	0.29	86.712	
8	162.3, F	0.31	86.753	
8	13.1, F	0.383	86.795	
8	156.9, F	0.316	86.837	
8	163.1, F	0.491	86.878	
8	18.7, F	0.324	86.920	
8	297.1, F	0.726	86.962	
8	133.8, F	0.643	87.004	
8	58.4, F	0.646	87.045	
8	203.4, F	0.552	87.087	
8	343.6, F	0.33	87.129	
8	354.3, F	0.273	87.170	
8	168.7, F	0.41	87.212	
8	6.7, F	0.457	87.254	
8	155.6, F	0.494	87.296	
8	29.6, F	0.376	87.337	
8	162.9, F	0.678	87.379	
8	41.2, F	0.287	87.421	
8	284.4, F	0.467	87.462	
8	79.8, F	0.484	87.504	
8	276.7, F	0.384	87.546	
8	91.1, F	0.583	87.587	
8	288.1, F	0.174	87.629	
8	217.0, F	0.138	87.671	
8	101.3, F	0.855	87.713	
8	242.0, F	0.164	87.754	
8	None	0	87.796	0.04199999999998738
8	119.7, F	0.113	87.838	
8	100.8, F	0.181	87.879	
8	109.4, F	0.286	87.921	
8	282.4, F	0.451	87.963	
8	77.5, F	0.706	88.005	
8	323.5, F	0.292	88.046	
8	328.7, F	0.223	88.088	
8	178.5, F	0.485	88.130	
8	349.8, F	0.389	88.171	
8	184.9, F	0.387	88.213	
8	354.4, F	0.387	88.255	
8	168.1, F	0.394	88.297	
8	9.7, F	0.437	88.338	
8	163.4, F	0.438	88.380	
8	8.2, F	0.392	88.422	
8	137.2, F	0.372	88.463	
8	17.6, F	0.429	88.505	
8	133.1, F	0.281	88.547	
8	320.7, F	1.062	88.588	
8	131.8, F	0.29	88.630	
8	115.2, F	0.331	88.672	
8	85.9, F	0.432	88.714	
8	299.1, F	0.395	88.755	
8	52.5, F	0.842	88.797	
8	201.0, F	0.46	88.839	
8	336.4, F	0.557	88.880	
8	207.7, F	0.426	88.922	
8	338.2, F	0.971	88.964	
8	79.0, F	0.579	89.006	
8	294.7, F	0.443	89.047	
8	140.6, F	0.843	89.089	
8	302.9, F	0.566	89.131	
8	62.1, F	0.585	89.172	
8	196.0, F	0.793	89.214	
8	338.6, F	0.36	89.256	
8	20.0, F	0.225	89.298	
8	35.8, F	0.297	89.339	
8	150.4, F	0.697	89.381	
8	83.0, F	0.444	89.423	
8	284.5, F	0.116	89.464	
8	93.9, F	1.009	89.506	
8	126.7, F	0.234	89.548	
8	245.1, F	0.491	89.590	
8	118.4, F	0.809	89.631	
8	345.1, F	0.421	89.673	
8	178.2, F	0.555	89.715	
8	25.9, F	0.32	89.756	
8	80.5, F	0.447	89.798	
8	85.3, F	0.5	89.840	
8	194.9, F	1.093	89.881	
8	348.2, F	0.614	89.923	
8	174.2, F	0.237	89.965	
8	160.8, F	0.448	90.007	
8	24.2, F	0.447	90.048	
8	147.8, F	0.56	90.090	
8	56.8, F	0.574	90.132	
8	204.6, F	0.805	90.173	
8	83.0, F	0.602	90.215	
8	329.6, F	0.312	90.257	
8	354.6, F	0.365	90.299	
8	174.9, F	0.461	90.340	
8	12.4, F	0.476	90.382	
8	173.4, F	0.367	90.424	
8	8.9, F	0.526	90.465	
8	133.9, F	0.298	90.507	
8	108.2, F	0.256	90.549	
8	17.1, F	0.708	90.590	
8	272.9, F	0.563	90.632	
8	58.6, F	0.334	90.674	
8	64.1, F	0.293	90.716	
8	283.8, F	0.655	90.757	
8	160.4, F	0.838	90.799	
8	31.1, F	0.377	90.841	
8	36.2, F	0.343	90.882	
8	298.0, F	0.754	90.924	
8	152.9, F	0.389	90.966	
8	14.9, F	0.409	91.008	
8	165.0, F	0.405	91.049	
8	359.9, F	0.464	91.091	
8	188.5, F	0.237	91.133	
8	208.3, F	0.249	91.174	
8	346.0, F	0.691	91.216	
8	227.4, F	0.2	91.258	
8	279.5, F	0.189	91.300	
8	303.6, F	0.334	91.341	
8	80.2, F	0.518	91.383	
8	306.7, F	0.48	91.425	
8	230.5, F	0.656	91.466	
8	21.4, F	0.438	91.508	
8	139.0, F	0.281	91.550	
8	3.1, F	0.739	91.591	
8	332.8, F	0.262	91.633	
8	313.1, F	0.348	91.675	
8	206.9, F	0.62	91.717	
8	306.1, F	0.56	91.758	
8	30.5, F	0.508	91.800	
8	257.6, F	0.808	91.842	
8	150.0, F	0.27	91.883	
8	3.7, F	0.643	91.925	
8	None	0	91.967	0.04200000000000159
8	285.8, F	0.198	92.009	
8	287.9, F	0.247	92.050	
8	280.4, F	0.299	92.092	
8	76.6, F	0.447	92.134	
8	291.6, F	0.572	92.175	
8	158.6, F	0.966	92.217	
8	44.8, F	0.221	92.259	
8	289.1, F	0.98	92.301	
8	1.0, F	0.288	92.342	
8	329.7, F	0.339	92.384	
8	199.1, F	0.58	92.426	
8	46.0, F	0.504	92.467	
8	237.0, F	0.695	92.509	
8	15.8, F	0.407	92.551	
8	176.3, F	0.292	92.593	
8	337.3, F	0.741	92.634	
8	233.4, F	0.322	92.676	
8	240.1, F	0.448	92.718	
8	127.5, F	0.532	92.759	
8	304.8, F	1.099	92.801	
8	154.6, F	0.238	92.843	
8	180.9, F	0.267	92.884	
8	333.0, F	0.494	92.926	
8	221.4, F	0.511	92.968	
8	46.6, F	0.519	93.010	
8	231.8, F	0.647	93.051	
8	35.4, F	0.435	93.093	
8	238.9, F	0.924	93.135	
8	357.5, F	0.322	93.176	
8	180.8, F	0.752	93.218	
8	331.3, F	0.308	93.260	
8	306.5, F	0.292	93.302	
8	80.9, F	0.593	93.343	
8	297.1, F	0.349	93.385	
8	276.4, F	0.387	93.427	
8	166.4, F	1.356	93.468	
8	319.6, F	1.09	93.510	
8	134.2, F	0.301	93.552	
8	151.9, F	0.319	93.593	
8	173.4, F	0.254	93.635	
8	348.3, F	0.494	93.677	
8	196.2, F	0.409	93.719	
8	316.6, F	0.442	93.760	
8	210.3, F	0.757	93.802	
8	54.0, F	0.446	93.844	
8	297.9, F	0.67	93.885	
8	158.9, F	0.884	93.927	
8	0.5, F	0.21	93.969	
8	309.0, F	0.148	94.011	
8	294.2, F	0.188	94.052	
8	274.4, F	0.198	94.094	
8	257.0, F	0.328	94.136	
8	233.5, F	0.335	94.177	
8	112.6, F	0.541	94.219	
8	244.5, F	0.518	94.261	
8	31.3, F	0.57	94.303	
8	241.1, F	0.619	94.344	
8	141.8, F	0.577	94.386	
8	48.0, F	0.404	94.428	
8	220.0, F	0.728	94.469	
8	51.9, F	0.502	94.511	
8	309.9, F	0.54	94.553	
8	145.6, F	0.914	94.594	
8	309.6, F	0.47	94.636	
8	73.2, F	0.52	94.678	
8	302.4, F	0.334	94.720	
8	301.3, F	0.306	94.761	
8	144.7, F	1.139	94.803	
8	309.1, F	0.358	94.845	
8	305.4, F	0.313	94.886	
8	305.7, F	0.312	94.928	
8	74.8, F	0.629	94.970	
8	320.7, F	0.311	95.012	
8	190.8, F	0.789	95.053	
8	324.5, F	0.334	95.095	
8	82.6, F	0.849	95.137	
8	22.5, F	0.12	95.178	
8	None	0	95.220	
8	None	0	95.262	
8	None	0	95.304	0.125
8	145.3, F	0.167	95.345	
8	260.7, F	1.03	95.387	
8	None	0	95.429	0.04099999999999682
8	141.5, F	0.143	95.470	
8	133.2, F	0.111	95.512	
8	None	0	95.554	
8	None	0	95.596	
8	None	0	95.637	
8	None	0	95.679	0.1670000000000016
8	213.5, F	0.103	95.721	
8	220.7, F	0.094	95.762	
8	None	0	95.804	0.04200000000000159
8	189.1, F	0.146	95.846	
8	357.7, F	0.652	95.887	
8	138.6, F	0.236	95.929	
8	137.3, F	0.242	95.971	
8	145.8, F	0.253	96.013	
8	19.4, F	0.669	96.054	
8	121.4, F	0.301	96.096	
8	263.1, F	0.569	96.138	
8	94.3, F	0.321	96.179	
8	95.9, F	0.342	96.221	
8	267.8, F	0.447	96.263	
8	106.8, F	0.466	96.305	
8	239.6, F	0.381	96.346	
8	37.2, F	0.669	96.388	
8	238.0, F	0.366	96.430	
8	115.2, F	0.537	96.471	
8	227.8, F	0.436	96.513	
8	330.5, F	0.701	96.555	
8	119.5, F	0.649	96.596	
8	216.2, F	0.337	96.638	
8	337.7, F	0.633	96.680	
8	119.2, F	0.712	96.722	
8	205.5, F	0.352	96.763	
8	337.1, F	0.435	96.805	
8	186.2, F	0.436	96.847	
8	353.8, F	0.484	96.888	
8	180.4, F	0.429	96.930	
8	358.8, F	0.461	96.972	
8	176.3, F	0.48	97.014	
8	353.9, F	0.385	97.055	
8	175.8, F	0.419	97.097	
8	353.8, F	0.396	97.139	
8	173.6, F	0.469	97.180	
8	352.7, F	0.378	97.222	
8	3.7, F	0.399	97.264	
8	166.9, F	0.591	97.306	
8	17.1, F	0.364	97.347	
8	162.5, F	0.525	97.389	
8	10.3, F	0.386	97.431	
8	165.6, F	0.504	97.472	
8	9.1, F	0.328	97.514	
8	359.9, F	0.399	97.556	
8	172.2, F	0.454	97.597	
8	347.0, F	0.387	97.639	
8	186.6, F	0.478	97.681	
8	345.9, F	0.369	97.723	
8	189.9, F	0.49	97.764	
8	343.7, F	0.391	97.806	
8	330.2, F	0.34	97.848	
8	189.2, F	0.602	97.889	
8	318.6, F	0.308	97.931	
8	64.4, F	0.619	97.973	
8	202.8, F	0.705	98.015	
8	301.9, F	0.545	98.056	
8	62.0, F	0.447	98.098	
8	203.8, F	0.811	98.140	
8	59.5, F	0.485	98.181	
8	305.4, F	0.566	98.223	
8	65.2, F	0.505	98.265	
8	199.9, F	0.599	98.307	
8	332.6, F	0.374	98.348	
8	69.6, F	0.828	98.390	
8	174.0, F	0.607	98.432	
8	21.2, F	0.335	98.473	
8	38.4, F	0.346	98.515	
8	233.7, F	0.651	98.557	
8	38.0, F	0.444	98.599	
8	150.0, F	0.51	98.640	
8	300.6, F	1.06	98.682	
8	159.2, F	0.355	98.724	
8	4.3, F	0.501	98.765	
8	212.2, F	0.319	98.807	
8	210.9, F	0.308	98.849	
8	47.0, F	0.737	98.890	
8	217.4, F	0.332	98.932	
8	216.0, F	0.402	98.974	
8	334.0, F	0.675	99.016	
8	120.1, F	0.568	99.057	
8	236.5, F	0.409	99.099	
8	58.0, F	0.587	99.141	
8	209.7, F	0.465	99.182	
8	324.1, F	0.544	99.224	
8	136.6, F	0.873	99.266	
8	320.4, F	0.393	99.308	
8	321.5, F	0.317	99.349	
8	194.0, F	0.695	99.391	
8	79.4, F	0.587	99.433	
8	295.1, F	0.25	99.474	
8	303.5, F	0.272	99.516	
8	84.2, F	0.584	99.558	
8	316.3, F	0.248	99.599	
8	None	0	99.641	
8	None	0	99.683	0.08399999999998897
8	78.0, F	0.139	99.725	
8	162.5, F	1.033	99.766	
8	85.0, F	0.33	99.808	
8	281.4, F	0.414	99.850	
8	80.8, F	0.443	99.891	
8	282.5, F	0.356	99.933	
8	84.3, F	0.642	99.975	
8	313.5, F	0.209	100.017	
8	321.5, F	0.206	100.058	
8	311.4, F	0.203	100.100	
8	23.8, F	0.196	100.142	
8	163.7, F	0.718	100.183	
8	225.3, F	0.796	100.225	
8	28.9, F	0.403	100.267	
8	47.2, F	0.335	100.309	
8	204.6, F	0.796	100.350	
8	113.2, F	0.215	100.392	
8	12.8, F	0.375	100.434	
8	12.0, F	0.449	100.475	
8	163.9, F	0.442	100.517	
8	13.7, F	0.406	100.559	
8	159.4, F	0.56	100.600	
8	45.4, F	0.433	100.642	
8	145.3, F	0.709	100.684	
8	306.1, F	0.64	100.726	
8	43.2, F	0.431	100.767	
8	206.0, F	0.581	100.809	
8	63.6, F	0.618	100.851	
8	340.9, F	0.384	100.892	
8	163.7, F	0.517	100.934	
8	51.6, F	0.314	100.976	
8	81.4, F	0.354	101.018	
8	189.5, F	0.725	101.059	
8	170.8, F	0.524	101.101	
8	26.7, F	0.729	101.143	
8	328.1, F	0.168	101.184	
8	226.7, F	0.55	101.226	
8	58.2, F	0.405	101.268	
8	190.0, F	0.621	101.310	
8	76.2, F	0.437	101.351	
8	254.8, F	0.323	101.393	
8	30.2, F	0.643	101.435	
8	127.9, F	0.63	101.476	
8	217.0, F	0.536	101.518	
8	54.7, F	0.529	101.560	
8	330.4, F	0.462	101.602	
8	130.0, F	1.051	101.643	
8	339.4, F	0.363	101.685	
8	340.0, F	0.346	101.727	
8	183.4, F	0.621	101.768	
8	338.5, F	0.327	101.810	
8	340.5, F	0.344	101.852	
8	186.4, F	0.539	101.893	
8	343.3, F	0.503	101.935	
8	124.8, F	0.919	101.977	
8	341.9, F	0.466	102.019	
8	192.7, F	0.434	102.060	
8	341.8, F	0.476	102.102	
8	200.8, F	0.368	102.144	
8	345.5, F	0.653	102.185	
8	208.5, F	0.298	102.227	
8	122.0, F	0.676	102.269	
8	324.9, F	0.712	102.311	
8	244.0, F	0.505	102.352	
8	144.7, F	0.468	102.394	
8	19.9, F	0.437	102.436	
8	251.4, F	1.099	102.477	
8	356.2, F	0.534	102.519	
8	116.4, F	0.858	102.561	
8	189.3, F	0.32	102.602	
8	352.8, F	0.535	102.644	
8	193.3, F	0.344	102.686	
8	351.2, F	0.546	102.728	
8	198.8, F	0.255	102.769	
8	197.1, F	0.248	102.811	
8	351.4, F	0.687	102.853	
8	210.1, F	0.201	102.894	
8	193.6, F	0.259	102.936	
8	204.8, F	0.191	102.978	
8	101.9, F	0.739	103.020	
8	346.2, F	0.845	103.061	
8	231.0, F	0.148	103.103	
8	276.4, F	0.244	103.145	
8	279.1, F	0.229	103.186	
8	98.6, F	0.497	103.228	
8	272.7, F	0.366	103.270	
8	274.6, F	0.37	103.312	
8	101.7, F	0.381	103.353	
8	268.9, F	0.524	103.395	
8	102.5, F	0.222	103.437	
8	113.5, F	0.228	103.478	
8	114.7, F	0.196	103.520	
8	265.5, F	0.94	103.562	
8	147.9, F	0.177	103.603	
8	144.6, F	0.217	103.645	
8	4.6, F	0.673	103.687	
8	149.6, F	0.219	103.729	
8	149.1, F	0.179	103.770	
8	156.8, F	0.193	103.812	
8	158.4, F	0.16	103.854	
8	354.0, F	0.674	103.895	
8	213.8, F	0.205	103.937	
8	211.3, F	0.215	103.979	
8	213.7, F	0.216	104.021	
8	221.0, F	0.274	104.062	
8	334.7, F	0.724	104.104	
8	135.1, F	0.7	104.146	
8	223.8, F	0.519	104.187	
8	317.0, F	0.653	104.229	
8	138.3, F	0.6	104.271	
8	40.8, F	0.498	104.313	
8	226.9, F	0.487	104.354	
8	42.9, F	0.528	104.396	
8	218.8, F	0.489	104.438	
8	33.8, F	0.651	104.479	
8	229.6, F	0.385	104.521	
8	231.1, F	0.352	104.563	
8	36.5, F	0.673	104.605	
8	251.3, F	0.303	104.646	
8	113.2, F	0.481	104.688	
8	248.5, F	0.325	104.730	
8	339.0, F	1.046	104.771	
8	103.4, F	0.443	104.813	
8	270.7, F	0.392	104.855	
8	100.0, F	0.397	104.896	
8	284.9, F	0.417	104.938	
8	91.6, F	0.348	104.980	
8	277.2, F	0.477	105.022	
8	70.5, F	0.299	105.063	
8	154.6, F	0.868	105.105	
8	291.0, F	0.723	105.147	
8	28.1, F	0.34	105.188	
8	40.7, F	0.31	105.230	
8	159.7, F	0.7	105.272	
8	296.6, F	0.966	105.314	
8	23.6, F	0.377	105.355	
8	162.5, F	0.593	105.397	
8	16.9, F	0.372	105.439	
8	10.1, F	0.398	105.480	
8	167.7, F	0.596	105.522	
8	9.2, F	0.368	105.564	
8	161.8, F	0.483	105.605	
8	288.0, F	1.12	105.647	
8	164.2, F	0.459	105.689	
8	6.2, F	0.452	105.731	
8	158.9, F	0.397	105.772	
8	6.5, F	0.509	105.814	
8	170.3, F	0.499	105.856	
8	357.8, F	0.511	105.897	
8	178.2, F	0.422	105.939	
8	353.0, F	0.507	105.981	
8	185.8, F	0.369	106.023	
8	350.7, F	0.628	106.064	
8	180.7, F	0.326	106.106	
8	172.2, F	0.346	106.148	
8	351.9, F	0.555	106.189	
8	173.0, F	0.343	106.231	
8	169.6, F	0.332	106.273	
8	358.1, F	0.579	106.315	
8	169.1, F	0.369	106.356	
8	0.7, F	0.483	106.398	
8	169.4, F	0.364	106.440	
8	170.2, F	0.364	106.481	
8	358.0, F	0.583	106.523	
8	169.3, F	0.292	106.565	
8	169.0, F	0.253	106.606	
8	1.3, F	0.575	106.648	
8	165.7, F	0.295	106.690	
8	166.3, F	0.347	106.732	
8	3.0, F	0.544	106.773	
8	172.9, F	0.349	106.815	
8	359.3, F	0.528	106.857	
8	173.2, F	0.313	106.898	
8	168.4, F	0.308	106.940	
8	0.4, F	0.63	106.982	
8	164.2, F	0.202	107.024	
8	255.0, F	1.273	107.065	
8	44.9, F	0.786	107.107	
8	210.8, F	0.299	107.149	
8	208.4, F	0.307	107.190	
8	337.3, F	0.702	107.232	
8	129.8, F	0.661	107.274	
8	226.9, F	0.453	107.316	
8	35.6, F	0.573	107.357	
8	232.9, F	0.485	107.399	
8	141.8, F	0.484	107.441	
8	301.3, F	0.95	107.482	
8	157.8, F	0.527	107.524	
8	10.7, F	0.461	107.566	
8	156.7, F	0.46	107.608	
8	6.3, F	0.465	107.649	
8	163.8, F	0.471	107.691	
8	290.5, F	1.106	107.733	
8	167.1, F	0.387	107.774	
8	6.2, F	0.35	107.816	
8	169.0, F	0.386	107.858	
8	4.3, F	0.389	107.899	
8	167.9, F	0.482	107.941	
8	19.4, F	0.361	107.983	
8	24.0, F	0.355	108.025	
8	153.4, F	0.496	108.066	
8	14.1, F	0.475	108.108	
8	148.5, F	0.428	108.150	
8	311.6, F	1.009	108.191	
8	147.2, F	0.454	108.233	
8	149.7, F	0.431	108.275	
8	13.3, F	0.537	108.317	
8	250.0, F	0.811	108.358	
8	154.8, F	0.456	108.400	
8	4.1, F	0.62	108.442	
8	163.3, F	0.303	108.483	
8	162.5, F	0.388	108.525	
8	4.7, F	0.54	108.567	
8	157.8, F	0.357	108.608	
8	8.0, F	0.636	108.650	
8	146.0, F	0.318	108.692	
8	256.6, F	0.775	108.734	
8	152.1, F	0.34	108.775	
8	10.8, F	0.614	108.817	
8	156.2, F	0.413	108.859	
8	14.5, F	0.483	108.900	
8	155.7, F	0.54	108.942	
8	302.5, F	0.916	108.984	
8	150.6, F	0.578	109.026	
8	21.2, F	0.412	109.067	
8	155.8, F	0.713	109.109	
8	265.7, F	0.964	109.151	
8	83.6, F	0.215	109.192	
8	103.3, F	0.213	109.234	
8	121.2, F	0.157	109.276	
8	146.7, F	0.146	109.318	
8	165.6, F	0.168	109.359	
8	280.2, F	0.839	109.401	
8	183.9, F	0.251	109.443	
8	121.7, F	0.944	109.484	
8	350.4, F	0.402	109.526	
8	343.0, F	0.328	109.568	
8	178.5, F	0.54	109.609	
8	338.5, F	0.275	109.651	
8	182.9, F	0.705	109.693	
8	322.1, F	0.148	109.735	
8	322.2, F	0.147	109.776	
8	320.4, F	0.149	109.818	
8	275.0, F	0.102	109.860	
8	None	0	109.901	0.04200000000000159
8	251.2, F	0.096	109.943	
8	106.2, F	0.78	109.985	
8	196.6, F	0.178	110.027	
8	196.8, F	0.221	110.068	
8	350.3, F	0.73	110.110	
8	181.2, F	0.423	110.152	
8	178.5, F	0.416	110.193	
8	352.0, F	0.482	110.235	
8	176.5, F	0.49	110.277	
8	2.4, F	0.384	110.319	
8	170.9, F	0.557	110.360	
8	0.5, F	0.352	110.402	
8	167.7, F	0.642	110.444	
8	10.4, F	0.282	110.485	
8	15.5, F	0.27	110.527	
8	43.1, F	0.196	110.569	
8	165.8, F	0.76	110.611	
8	288.1, F	0.726	110.652	
8	50.2, F	0.267	110.694	
8	45.2, F	0.334	110.736	
8	63.7, F	0.366	110.777	
8	201.2, F	0.76	110.819	
8	79.4, F	0.555	110.861	
8	326.1, F	0.246	110.902	
8	316.9, F	0.212	110.944	
8	None	0	110.986	
8	None	0	111.028	0.08299999999999841
8	165.0, F	0.707	111.069	
8	41.1, F	0.248	111.111	
8	47.3, F	0.358	111.153	
8	46.5, F	0.459	111.194	
8	216.4, F	0.533	111.236	
8	42.2, F	0.456	111.278	
8	238.4, F	0.563	111.320	
8	15.6, F	0.574	111.361	
8	144.3, F	0.351	111.403	
8	261.3, F	0.69	111.445	
8	14.5, F	0.658	111.486	
8	131.3, F	0.473	111.528	
8	129.2, F	0.48	111.570	
8	317.9, F	0.819	111.611	
8	131.8, F	0.611	111.653	
8	219.4, F	0.391	111.695	
8	49.7, F	0.6	111.737	
8	197.2, F	0.491	111.778	
8	335.9, F	0.335	111.820	
8	177.3, F	0.67	111.862	
8	355.0, F	0.239	111.903	
8	353.7, F	0.237	111.945	
8	15.4, F	0.147	111.987	
8	167.9, F	0.851	112.029	
8	33.7, F	0.137	112.070	
8	52.8, F	0.193	112.112	
8	40.0, F	0.253	112.154	
8	58.8, F	0.22	112.195	
8	44.1, F	0.226	112.237	
8	289.6, F	0.811	112.279	
8	149.4, F	0.61	112.321	
8	25.7, F	0.415	112.362	
8	148.6, F	0.664	112.404	
8	303.6, F	0.683	112.446	
8	41.8, F	0.594	112.487	
8	126.7, F	0.722	112.529	
8	338.7, F	0.516	112.571	
8	206.4, F	0.363	112.612	
8	344.5, F	0.621	112.654	
8	119.4, F	0.853	112.696	
8	196.8, F	0.266	112.738	
8	349.5, F	0.685	112.779	
8	190.2, F	0.306	112.821	
8	192.6, F	0.297	112.863	
8	334.5, F	0.478	112.904	
8	196.3, F	0.476	112.946	
8	337.9, F	0.564	112.988	
8	118.4, F	0.79	113.030	
8	188.8, F	0.338	113.071	
8	354.7, F	0.612	113.113	
8	156.6, F	0.288	113.155	
8	142.6, F	0.273	113.196	
8	15.4, F	0.628	113.238	
8	143.8, F	0.452	113.280	
8	237.3, F	0.591	113.322	
8	29.8, F	0.503	113.363	
8	147.4, F	0.66	113.405	
8	307.1, F	0.701	113.447	
8	143.9, F	0.678	113.488	
8	315.9, F	0.625	113.530	
8	137.9, F	0.733	113.572	
8	323.7, F	0.563	113.614	
8	63.1, F	0.513	113.655	
8	207.5, F	0.625	113.697	
8	64.8, F	0.481	113.739	
8	308.6, F	0.401	113.780	
8	206.6, F	0.614	113.822	
8	61.1, F	0.499	113.864	
8	308.2, F	0.387	113.905	
8	141.4, F	0.838	113.947	
8	306.9, F	0.376	113.989	
8	315.7, F	0.401	114.031	
8	65.5, F	0.494	114.072	
8	197.1, F	0.696	114.114	
8	319.8, F	0.339	114.156	
8	67.3, F	0.558	114.197	
8	317.1, F	0.354	114.239	
8	193.5, F	0.695	114.281	
8	313.6, F	0.32	114.323	
8	71.2, F	0.493	114.364	
8	308.5, F	0.413	114.406	
8	143.4, F	0.838	114.448	
8	310.3, F	0.419	114.489	
8	307.5, F	0.445	114.531	
8	64.9, F	0.422	114.573	
8	206.1, F	0.678	114.614	
8	61.8, F	0.397	114.656	
8	293.8, F	0.422	114.698	
8	60.8, F	0.43	114.740	
8	209.1, F	0.684	114.781	
8	60.6, F	0.446	114.823	
8	308.0, F	0.42	114.865	
8	61.1, F	0.453	114.906	
8	205.9, F	0.659	114.948	
8	310.3, F	0.461	114.990	
8	54.4, F	0.409	115.032	
8	214.8, F	0.665	115.073	
8	53.9, F	0.401	115.115	
8	64.3, F	0.345	115.157	
8	288.5, F	0.454	115.198	
8	153.9, F	0.92	115.240	
8	287.8, F	0.461	115.282	
8	79.7, F	0.341	115.324	
8	278.4, F	0.45	115.365	
8	82.8, F	0.232	115.407	
8	89.0, F	0.231	115.449	
8	267.7, F	0.738	115.490	
8	114.5, F	0.176	115.532	
8	123.0, F	0.143	115.574	
8	159.9, F	0.215	115.615	
8	165.6, F	0.285	115.657	
8	2.1, F	0.511	115.699	
8	176.7, F	0.343	115.741	
8	173.5, F	0.398	115.782	
8	337.4, F	0.273	115.824	
8	320.3, F	0.205	115.866	
8	190.3, F	0.665	115.907	
8	293.3, F	0.197	115.949	
8	240.2, F	0.248	115.991	
8	239.3, F	0.295	116.033	
8	130.5, F	0.55	116.074	
8	325.6, F	0.679	116.116	
8	138.8, F	0.679	116.158	
8	314.8, F	0.517	116.199	
8	211.6, F	0.656	116.241	
8	72.7, F	0.339	116.283	
8	276.3, F	0.353	116.325	
8	104.4, F	0.37	116.366	
8	257.5, F	0.382	116.408	
8	115.9, F	0.4	116.450	
8	234.1, F	0.418	116.491	
8	136.1, F	0.686	116.533	
8	320.0, F	0.588	116.575	
8	139.6, F	0.775	116.617	
8	322.7, F	0.388	116.658	
8	323.1, F	0.391	116.700	
8	132.9, F	0.766	116.742	
8	326.8, F	0.394	116.783	
8	183.2, F	0.769	116.825	
8	None	0	116.867	
8	None	0	116.908	
8	None	0	116.950	0.125
8	100.5, F	0.852	116.992	
8	220.6, F	0.092	117.034	
8	None	0	117.075	0.04200000000000159
8	202.7, F	0.225	117.117	
8	338.1, F	0.616	117.159	
8	204.2, F	0.29	117.200	
8	205.2, F	0.438	117.242	
8	330.3, F	0.527	117.284	
8	128.7, F	0.698	117.326	
8	330.8, F	0.527	117.367	
8	202.8, F	0.464	117.409	
8	49.7, F	0.557	117.451	
8	201.9, F	0.502	117.492	
8	330.3, F	0.517	117.534	
8	131.5, F	0.765	117.576	
8	321.2, F	0.367	117.617	
8	353.3, F	0.196	117.659	
8	178.8, F	0.741	117.701	
8	None	0	117.743	
8	None	0	117.784	
8	None	0	117.826	
8	None	0	117.868	
8	None	0	117.909	0.2079999999999984
8	94.1, F	0.112	117.951	
8	101.1, F	0.136	117.993	
8	106.4, F	0.159	118.035	
8	76.2, F	0.13	118.076	
8	274.8, F	0.653	118.118	
8	47.4, F	0.223	118.160	
8	39.5, F	0.288	118.201	
8	59.9, F	0.229	118.243	
8	55.1, F	0.215	118.285	
8	286.6, F	0.609	118.327	
8	156.4, F	0.744	118.368	
8	39.3, F	0.32	118.410	
8	38.9, F	0.307	118.452	
8	297.1, F	0.632	118.493	
8	146.7, F	0.645	118.535	
8	44.1, F	0.392	118.577	
8	300.6, F	0.636	118.618	
8	143.2, F	0.499	118.660	
8	310.7, F	0.815	118.702	
8	147.9, F	0.491	118.744	
8	143.0, F	0.491	118.785	
8	16.1, F	0.719	118.827	
8	251.7, F	0.577	118.869	
8	130.0, F	0.409	118.910	
8	22.5, F	0.589	118.952	
8	224.9, F	0.633	118.994	
8	37.8, F	0.48	119.036	
8	140.8, F	0.697	119.077	
8	315.2, F	0.511	119.119	
8	208.1, F	0.497	119.161	
8	42.2, F	0.712	119.202	
8	213.7, F	0.391	119.244	
8	338.1, F	0.733	119.286	
8	119.0, F	0.404	119.328	
8	245.9, F	0.434	119.369	
8	129.0, F	0.457	119.411	
8	329.5, F	0.881	119.453	
8	92.8, F	0.326	119.494	
8	268.4, F	0.383	119.536	
8	89.1, F	0.369	119.578	
8	66.4, F	0.498	119.620	
8	322.3, F	0.397	119.661	
8	199.1, F	0.447	119.703	
8	343.1, F	0.417	119.745	
8	115.5, F	0.974	119.786	
8	6.8, F	0.718	119.828	
8	138.7, F	0.233	119.870	
8	258.5, F	0.692	119.911	
8	130.2, F	0.31	119.953	
8	12.6, F	0.987	119.995	
8	92.7, F	0.334	120.037	
8	285.6, F	0.309	120.078	
8	69.5, F	0.517	120.120	
8	180.3, F	0.573	120.162	
8	5.0, F	0.33	120.203	
8	16.5, F	0.43	120.245	
8	148.4, F	0.432	120.287	
8	33.5, F	0.718	120.329	
8	220.4, F	0.262	120.370	
8	100.7, F	0.797	120.412	
8	None	0	120.454	0.04100000000001103
8	74.7, F	0.262	120.495	
8	290.6, F	0.363	120.537	
8	78.9, F	0.52	120.579	
8	328.0, F	0.104	120.621	
8	48.1, F	0.274	120.662	
8	69.3, F	0.34	120.704	
8	86.4, F	0.507	120.746	
8	342.1, F	0.182	120.787	
8	160.8, F	0.69	120.829	
8	47.5, F	0.29	120.871	
8	56.8, F	0.323	120.912	
8	75.4, F	0.357	120.954	
8	None	0	120.996	0.04200000000000159
8	134.6, F	0.094	121.038	
8	129.1, F	0.222	121.079	
8	124.6, F	0.239	121.121	
8	131.4, F	0.511	121.163	
8	134.1, F	0.673	121.204	
8	324.6, F	0.38	121.246	
8	185.4, F	0.601	121.288	
8	None	0	121.330	
8	None	0	121.371	0.08299999999999841
8	149.1, F	0.101	121.413	
8	None	0	121.455	0.04099999999999682
8	153.9, F	0.351	121.496	
8	18.4, F	0.462	121.538	
8	144.1, F	0.285	121.580	
8	148.5, F	0.197	121.621	
8	1.9, F	0.544	121.663	
8	180.5, F	0.346	121.705	
8	181.9, F	0.334	121.747	
8	347.5, F	0.657	121.788	
8	255.1, F	0.347	121.830	
8	257.8, F	0.547	121.872	
8	135.4, F	0.194	121.913	
8	262.7, F	0.913	121.955	
8	225.0, F	0.226	121.997	
8	25.1, F	0.803	122.039	
8	261.7, F	0.549	122.080	
8	146.5, F	0.265	122.122	
8	186.1, F	0.284	122.164	
8	197.1, F	0.279	122.205	
8	337.9, F	0.697	122.247	
8	216.2, F	0.376	122.289	
8	217.7, F	0.47	122.331	
8	318.3, F	0.608	122.372	
8	126.9, F	0.619	122.414	
8	297.3, F	0.797	122.456	
8	148.8, F	0.731	122.497	
8	72.6, F	0.488	122.539	
8	261.0, F	0.664	122.581	
8	94.2, F	0.414	122.623	
8	254.2, F	0.617	122.664	
8	98.2, F	0.556	122.706	
8	121.6, F	0.595	122.748	
8	218.4, F	0.527	122.789	
8	74.0, F	0.498	122.831	
