7	311.1, F	1.084	0.042	
7	226.4, F	0.908	0.083	
7	249.7, F	0.853	0.125	
7	254.3, F	1.585	0.167	
7	171.1, F	0.836	0.209	
7	304.7, F	0.225	0.250	
7	272.0, F	1.211	0.292	
7	267.1, F	0.597	0.334	
7	122.8, F	0.231	0.375	
7	171.8, F	0.189	0.417	
7	218.0, F	0.434	0.459	
7	330.9, F	0.556	0.500	
7	201.7, F	0.807	0.542	
7	259.9, F	0.372	0.584	
7	189.3, F	0.766	0.626	
7	36.6, F	0.885	0.667	
7	236.7, F	1.778	0.709	
7	144.0, F	0.616	0.751	
7	186.2, F	1.25	0.792	
7	318.3, F	0.511	0.834	
7	234.7, F	1.224	0.876	
7	297.4, F	0.36	0.918	
7	261.3, F	0.894	0.959	
7	200.4, F	0.212	1.001	
7	247.3, F	0.355	1.043	
7	181.1, F	0.523	1.084	
7	265.7, F	0.584	1.126	
7	237.5, F	0.835	1.168	
7	164.2, F	0.586	1.210	
7	291.3, F	0.16	1.251	
7	21.5, F	0.661	1.293	
7	200.5, F	0.978	1.335	
7	278.6, F	0.448	1.376	
7	255.4, F	0.609	1.418	
7	163.4, F	0.269	1.460	
7	340.1, F	0.685	1.502	
7	237.4, F	0.558	1.543	
7	149.9, F	0.505	1.585	
7	290.4, F	1.323	1.627	
7	164.0, F	0.61	1.668	
7	313.3, F	0.63	1.710	
7	233.2, F	1.073	1.752	
7	299.0, F	1.018	1.793	
7	205.8, F	0.352	1.835	
7	314.4, F	1.018	1.877	
7	208.1, F	0.223	1.919	
7	268.9, F	1.292	1.960	
7	271.4, F	0.767	2.002	
7	310.7, F	0.121	2.044	
7	282.7, F	0.618	2.085	
7	285.1, F	1.389	2.127	
7	38.8, F	0.482	2.169	
7	163.6, F	0.478	2.211	
7	300.0, F	1.132	2.252	
7	248.6, F	0.433	2.294	
7	110.1, F	0.218	2.336	
7	None	0	2.377	0.04200000000000026
7	349.0, F	0.929	2.419	
7	262.4, F	0.479	2.461	
7	268.0, F	0.733	2.502	
7	None	0	2.544	0.041999999999999815
7	258.6, F	0.212	2.586	
7	255.2, F	0.831	2.628	
7	204.2, F	0.166	2.669	
7	250.2, F	0.423	2.711	
7	254.8, F	0.842	2.753	
7	257.1, F	0.755	2.794	
7	335.5, F	0.823	2.836	
7	244.9, F	0.996	2.878	
7	227.3, F	0.768	2.920	
7	285.8, F	0.841	2.961	
7	292.8, F	0.514	3.003	
7	230.1, F	1.348	3.045	
7	285.7, F	0.502	3.086	
7	273.0, F	0.401	3.128	
7	255.1, F	0.877	3.170	
7	229.6, F	0.213	3.212	
7	251.8, F	0.284	3.253	
7	308.0, F	1.029	3.295	
7	182.6, F	0.377	3.337	
7	221.1, F	0.429	3.378	
7	317.4, F	0.778	3.420	
7	191.8, F	0.608	3.462	
7	303.7, F	0.43	3.503	
7	222.3, F	1.084	3.545	
7	349.3, F	0.258	3.587	
7	288.7, F	0.79	3.629	
7	338.8, F	0.301	3.670	
7	214.9, F	0.93	3.712	
7	None	0	3.754	0.040999999999999925
7	286.3, F	1.014	3.795	
7	304.1, F	0.63	3.837	
7	243.6, F	1.06	3.879	
7	317.9, F	0.925	3.921	
7	250.1, F	0.917	3.962	
7	266.0, F	1.185	4.004	
7	13.3, F	0.976	4.046	
7	270.9, F	1.183	4.087	
7	258.5, F	0.136	4.129	
7	271.5, F	0.564	4.171	
7	271.8, F	0.989	4.213	
7	261.1, F	0.571	4.254	
7	246.8, F	0.677	4.296	
7	260.4, F	1.132	4.338	
7	147.9, F	0.43	4.379	
7	253.1, F	1.321	4.421	
7	284.3, F	0.626	4.463	
7	272.1, F	0.998	4.505	
7	267.7, F	0.468	4.546	
7	173.7, F	0.2	4.588	
7	249.9, F	0.802	4.630	
7	256.8, F	1.179	4.671	
7	145.2, F	0.557	4.713	
7	298.5, F	1.162	4.755	
7	243.6, F	1.132	4.796	
7	337.2, F	0.737	4.838	
7	136.4, F	0.448	4.880	
7	261.6, F	0.943	4.922	
7	323.4, F	1.387	4.963	
7	200.2, F	0.633	5.005	
7	320.9, F	0.746	5.047	
7	8.2, F	0.822	5.088	
7	318.1, F	0.92	5.130	
7	270.7, F	0.949	5.172	
7	334.0, F	0.678	5.214	
7	277.3, F	0.712	5.255	
7	345.7, F	1.43	5.297	
7	6.5, F	1.065	5.339	
7	308.8, F	1.297	5.380	
7	312.8, F	0.606	5.422	
7	344.9, F	1.543	5.464	
7	242.1, F	0.667	5.505	
7	327.2, F	0.357	5.547	
7	331.2, F	0.906	5.589	
7	306.5, F	1.393	5.631	
7	21.7, F	1.023	5.672	
7	295.2, F	1.131	5.714	
7	299.5, F	0.449	5.756	
7	352.2, F	1.235	5.797	
7	326.6, F	1.182	5.839	
7	307.1, F	1.194	5.881	
7	296.6, F	0.441	5.923	
7	355.6, F	1.886	5.964	
7	319.4, F	0.849	6.006	
7	6.7, F	0.511	6.048	
7	320.3, F	1.639	6.089	
7	11.9, F	1.066	6.131	
7	305.4, F	1.087	6.173	
7	359.9, F	1.275	6.215	
7	353.2, F	0.986	6.256	
7	345.1, F	1.483	6.298	
7	74.2, F	0.364	6.340	
7	309.6, F	1.158	6.381	
7	353.6, F	0.604	6.423	
7	354.7, F	2.022	6.465	
7	345.2, F	0.902	6.506	
7	51.7, F	0.953	6.548	
7	329.2, F	0.64	6.590	
7	351.2, F	2.087	6.632	
7	32.6, F	1.121	6.673	
7	32.4, F	6.431	6.715	
7	50.9, F	1.221	6.757	
7	343.2, F	1.068	6.798	
7	18.3, F	1.56	6.840	
7	295.6, F	1.212	6.882	
7	80.0, F	0.836	6.924	
7	341.3, F	1.76	6.965	
7	306.7, F	1.485	7.007	
7	217.6, F	0.645	7.049	
7	28.2, F	1.526	7.090	
7	330.8, F	1.953	7.132	
7	338.7, F	0.764	7.174	
7	303.0, F	0.61	7.216	
7	0.9, F	1.051	7.257	
7	329.6, F	1.972	7.299	
7	321.2, F	0.396	7.341	
7	326.6, F	1.295	7.382	
7	340.7, F	0.732	7.424	
7	316.7, F	1.328	7.466	
7	342.1, F	0.572	7.507	
7	335.7, F	1.106	7.549	
7	334.0, F	0.812	7.591	
7	16.0, F	1.093	7.633	
7	6.9, F	0.872	7.674	
7	293.0, F	1.002	7.716	
7	343.6, F	0.841	7.758	
7	11.8, F	1.638	7.799	
7	299.7, F	0.875	7.841	
7	8.2, F	1.379	7.883	
7	33.6, F	0.463	7.925	
7	3.2, F	2.113	7.966	
7	312.8, F	1.211	8.008	
7	10.0, F	0.985	8.050	
7	13.9, F	0.455	8.091	
7	356.3, F	2.072	8.133	
7	197.0, F	0.386	8.175	
7	7.8, F	1.708	8.217	
7	343.3, F	1.011	8.258	
7	320.5, F	0.25	8.300	
7	347.3, F	1.024	8.342	
7	64.0, F	0.733	8.383	
7	335.3, F	1.088	8.425	
7	6.0, F	1.166	8.467	
7	309.7, F	1.256	8.508	
7	318.8, F	0.422	8.550	
7	19.8, F	1.149	8.592	
7	264.6, F	0.996	8.634	
7	345.6, F	1.167	8.675	
7	94.8, F	0.358	8.717	
7	328.8, F	1.436	8.759	
7	351.0, F	1.886	8.800	
7	330.3, F	1.353	8.842	
7	204.5, F	0.149	8.884	
7	355.4, F	0.401	8.926	
7	347.2, F	1.594	8.967	
7	333.1, F	0.303	9.009	
7	66.1, F	0.41	9.051	
7	313.2, F	0.878	9.092	
7	41.2, F	0.923	9.134	
7	340.2, F	1.104	9.176	
7	313.5, F	0.527	9.218	
7	99.6, F	0.779	9.259	
7	359.8, F	0.565	9.301	
7	6.9, F	1.108	9.343	
7	38.9, F	0.643	9.384	
7	81.0, F	0.735	9.426	
7	14.7, F	1.316	9.468	
7	40.8, F	1.232	9.509	
7	14.3, F	0.605	9.551	
7	71.5, F	0.654	9.593	
7	18.4, F	1.803	9.635	
7	13.1, F	0.292	9.676	
7	19.9, F	1.183	9.718	
7	42.7, F	1.178	9.760	
7	20.5, F	1.132	9.801	
7	57.4, F	0.865	9.843	
7	355.2, F	1.037	9.885	
7	358.2, F	0.63	9.927	
7	15.5, F	1.009	9.968	
7	30.4, F	0.433	10.010	
7	14.3, F	0.973	10.052	
7	317.4, F	0.968	10.093	
7	16.4, F	1.028	10.135	
7	13.3, F	0.886	10.177	
7	21.8, F	0.455	10.219	
7	324.7, F	1.593	10.260	
7	350.0, F	1.042	10.302	
7	344.3, F	0.917	10.344	
7	42.0, F	1.122	10.385	
7	348.2, F	1.473	10.427	
7	340.1, F	1.079	10.469	
7	34.5, F	1.058	10.511	
7	311.8, F	0.429	10.552	
7	337.1, F	1.043	10.594	
7	20.9, F	1.226	10.636	
7	325.6, F	0.812	10.677	
7	64.5, F	0.556	10.719	
7	333.2, F	0.976	10.761	
7	24.4, F	1.163	10.802	
7	335.4, F	0.867	10.844	
7	75.8, F	0.641	10.886	
7	339.0, F	1.007	10.928	
7	351.6, F	1.19	10.969	
7	350.4, F	0.859	11.011	
7	68.1, F	1.122	11.053	
7	1.8, F	1.101	11.094	
7	359.4, F	1.283	11.136	
7	None	0	11.178	0.041999999999999815
7	345.0, F	0.653	11.220	
7	354.2, F	1.17	11.261	
7	339.7, F	1.215	11.303	
7	255.3, F	0.695	11.345	
7	356.0, F	1.282	11.386	
7	263.5, F	0.409	11.428	
7	305.5, F	1.763	11.470	
7	342.1, F	0.475	11.511	
7	325.0, F	1.242	11.553	
7	316.4, F	0.436	11.595	
7	318.1, F	1.852	11.637	
7	280.1, F	0.469	11.678	
7	8.2, F	0.302	11.720	
7	347.8, F	0.862	11.762	
7	322.8, F	1.074	11.803	
7	38.9, F	0.252	11.845	
7	307.9, F	1.199	11.887	
7	309.2, F	0.195	11.929	
7	32.0, F	1.308	11.970	
7	304.5, F	0.703	12.012	
7	339.3, F	1.061	12.054	
7	27.2, F	0.612	12.095	
7	304.4, F	0.972	12.137	
7	40.3, F	0.382	12.179	
7	22.8, F	1.036	12.221	
7	35.2, F	0.486	12.262	
7	349.0, F	1.875	12.304	
7	50.8, F	0.503	12.346	
7	339.8, F	1.129	12.387	
7	38.0, F	0.932	12.429	
7	336.0, F	0.638	12.471	
7	305.8, F	0.207	12.512	
7	54.4, F	1.098	12.554	
7	354.3, F	1.005	12.596	
7	347.7, F	1.056	12.638	
7	201.5, F	0.739	12.679	
7	344.8, F	0.983	12.721	
7	73.5, F	0.604	12.763	
7	332.0, F	1.402	12.804	
7	6.3, F	0.821	12.846	
7	346.8, F	0.192	12.888	
7	343.0, F	0.904	12.930	
7	325.2, F	1.403	12.971	
7	357.3, F	0.859	13.013	
7	332.5, F	0.566	13.055	
7	285.4, F	0.643	13.096	
7	349.3, F	1.779	13.138	
7	338.5, F	1.535	13.180	
7	284.1, F	0.952	13.222	
7	357.8, F	1.137	13.263	
7	346.5, F	1.589	13.305	
7	62.2, F	0.356	13.347	
7	306.0, F	1.166	13.388	
7	357.6, F	0.287	13.430	
7	352.5, F	1.446	13.472	
7	27.3, F	1.314	13.513	
7	264.3, F	0.446	13.555	
7	311.0, F	0.615	13.597	
7	9.4, F	1.866	13.639	
7	24.1, F	0.449	13.680	
7	323.3, F	1.445	13.722	
7	4.2, F	0.946	13.764	
7	356.3, F	1.394	13.805	
7	343.3, F	0.286	13.847	
7	356.8, F	1.118	13.889	
7	357.9, F	1.107	13.931	
7	2.1, F	2.121	13.972	
7	4.1, F	1.071	14.014	
7	4.4, F	0.944	14.056	
7	9.5, F	0.833	14.097	
7	5.7, F	1.32	14.139	
7	11.4, F	1.036	14.181	
7	13.2, F	0.74	14.223	
7	11.6, F	0.419	14.264	
7	356.0, F	0.949	14.306	
7	346.7, F	0.604	14.348	
7	349.2, F	1.337	14.389	
7	340.9, F	1.162	14.431	
7	312.1, F	1.2	14.473	
7	353.1, F	1.449	14.514	
7	309.0, F	0.381	14.556	
7	23.5, F	1.174	14.598	
7	339.6, F	1.936	14.640	
7	11.6, F	0.773	14.681	
7	13.4, F	0.506	14.723	
7	0.8, F	1.255	14.765	
7	357.0, F	1.705	14.806	
7	325.9, F	0.351	14.848	
7	346.5, F	1.056	14.890	
7	347.1, F	0.978	14.932	
7	349.1, F	1.175	14.973	
7	89.6, F	0.636	15.015	
7	331.3, F	0.624	15.057	
7	346.1, F	1.272	15.098	
7	25.8, F	1.952	15.140	
7	354.4, F	0.452	15.182	
7	1.7, F	0.303	15.224	
7	9.1, F	1.126	15.265	
7	12.8, F	1.982	15.307	
7	339.6, F	0.914	15.349	
7	336.1, F	0.552	15.390	
7	35.5, F	1.577	15.432	
7	13.3, F	0.881	15.474	
7	7.6, F	1.423	15.515	
7	279.7, F	0.625	15.557	
7	31.4, F	0.799	15.599	
7	25.7, F	1.011	15.641	
7	337.9, F	1.466	15.682	
7	107.9, F	0.286	15.724	
7	293.8, F	0.821	15.766	
7	2.2, F	1.613	15.807	
7	315.0, F	0.154	15.849	
7	340.0, F	0.842	15.891	
7	62.7, F	0.555	15.933	
7	326.9, F	1.641	15.974	
7	356.4, F	1.15	16.016	
7	350.7, F	0.75	16.058	
7	0.6, F	0.195	16.099	
7	349.0, F	1.453	16.141	
7	264.8, F	0.339	16.183	
7	52.3, F	0.51	16.225	
7	323.5, F	1.058	16.266	
7	35.6, F	0.604	16.308	
7	27.8, F	0.901	16.350	
7	289.8, F	0.327	16.391	
7	67.7, F	0.811	16.433	
7	None	0	16.475	0.04199999999999804
7	45.5, F	0.261	16.517	
7	43.1, F	0.646	16.558	
7	344.6, F	0.772	16.600	
7	None	0	16.642	0.04100000000000037
7	34.1, F	0.303	16.683	
7	30.9, F	0.507	16.725	
7	117.4, F	0.475	16.767	
7	273.8, F	0.303	16.808	
7	78.1, F	0.836	16.850	
7	314.0, F	0.255	16.892	
7	334.0, F	0.315	16.934	
7	343.6, F	0.379	16.975	
7	189.4, F	0.615	17.017	
7	343.6, F	0.393	17.059	
7	63.1, F	0.928	17.100	
7	197.7, F	0.369	17.142	
7	352.7, F	0.64	17.184	
7	207.4, F	0.292	17.226	
7	203.8, F	0.243	17.267	
7	215.6, F	0.16	17.309	
7	355.3, F	0.855	17.351	
7	228.1, F	0.171	17.392	
7	251.6, F	0.199	17.434	
7	89.1, F	0.682	17.476	
7	274.0, F	0.257	17.517	
7	286.0, F	0.331	17.559	
7	81.6, F	0.61	17.601	
7	293.4, F	0.441	17.643	
7	307.2, F	0.455	17.684	
7	145.2, F	0.897	17.726	
7	308.5, F	0.525	17.768	
7	35.8, F	0.472	17.809	
7	243.7, F	0.887	17.851	
7	13.0, F	0.585	17.893	
7	170.6, F	0.361	17.935	
7	189.3, F	0.254	17.976	
7	1.5, F	0.659	18.018	
7	194.4, F	0.242	18.060	
7	203.2, F	0.188	18.101	
7	216.3, F	0.257	18.143	
7	346.7, F	0.833	18.185	
7	242.7, F	0.323	18.227	
7	106.5, F	0.546	18.268	
7	264.4, F	0.7	18.310	
7	96.3, F	0.174	18.352	
7	135.0, F	0.099	18.393	
7	None	0	18.435	0.04200000000000159
7	261.8, F	0.245	18.477	
7	254.9, F	0.277	18.518	
7	337.4, F	1.022	18.560	
7	98.9, F	0.374	18.602	
7	267.2, F	0.808	18.644	
7	119.9, F	0.1	18.685	
7	None	0	18.727	0.04199999999999804
7	263.0, F	0.099	18.769	
7	260.8, F	0.144	18.810	
7	269.2, F	0.135	18.852	
7	256.2, F	0.146	18.894	
7	263.7, F	0.145	18.936	
7	97.2, F	0.905	18.977	
7	198.6, F	0.172	19.019	
7	182.8, F	0.166	19.061	
7	170.4, F	0.173	19.102	
7	164.0, F	0.337	19.144	
7	15.6, F	0.438	19.186	
7	242.9, F	0.746	19.228	
7	45.2, F	0.551	19.269	
7	126.4, F	0.867	19.311	
7	325.2, F	0.371	19.353	
7	330.7, F	0.3	19.394	
7	183.4, F	0.853	19.436	
7	None	0	19.478	0.04199999999999804
7	113.7, F	0.169	19.520	
7	123.2, F	0.294	19.561	
7	117.0, F	0.539	19.603	
7	337.2, F	0.597	19.645	
7	118.5, F	0.937	19.686	
7	189.8, F	0.447	19.728	
7	359.0, F	0.466	19.770	
7	182.9, F	0.489	19.811	
7	17.5, F	0.543	19.853	
7	155.6, F	0.356	19.895	
7	18.3, F	0.569	19.937	
7	158.8, F	0.445	19.978	
7	304.2, F	0.883	20.020	
7	152.5, F	0.37	20.062	
7	148.1, F	0.352	20.103	
7	13.7, F	0.741	20.145	
7	139.8, F	0.276	20.187	
7	260.2, F	0.766	20.229	
7	120.2, F	0.263	20.270	
7	62.5, F	0.197	20.312	
7	40.4, F	0.289	20.354	
7	34.1, F	0.374	20.395	
7	286.9, F	0.872	20.437	
7	17.1, F	0.517	20.479	
7	177.7, F	0.325	20.520	
7	183.8, F	0.32	20.562	
7	353.7, F	0.775	20.604	
7	224.6, F	0.336	20.646	
7	279.6, F	0.349	20.687	
7	77.2, F	0.513	20.729	
7	281.1, F	0.485	20.771	
7	36.9, F	0.341	20.812	
7	289.3, F	0.919	20.854	
7	181.2, F	0.616	20.896	
7	347.8, F	0.355	20.938	
7	356.0, F	0.536	20.979	
7	187.4, F	0.335	21.021	
7	191.4, F	0.313	21.063	
7	47.6, F	1.205	21.104	
7	261.8, F	0.246	21.146	
7	258.1, F	0.246	21.188	
7	283.4, F	0.31	21.230	
7	294.6, F	0.344	21.271	
7	60.6, F	0.473	21.313	
7	292.8, F	0.552	21.355	
7	147.8, F	0.761	21.396	
7	302.8, F	0.589	21.438	
7	45.9, F	0.471	21.480	
7	156.3, F	0.727	21.521	
7	311.7, F	0.726	21.563	
7	37.6, F	0.511	21.605	
7	142.8, F	0.516	21.647	
7	308.9, F	0.846	21.688	
7	145.7, F	0.501	21.730	
7	144.1, F	0.491	21.772	
7	303.9, F	0.795	21.813	
7	152.9, F	0.662	21.855	
7	39.3, F	0.47	21.897	
7	297.0, F	0.695	21.939	
7	171.6, F	0.636	21.980	
7	17.1, F	0.337	22.022	
7	22.6, F	0.224	22.064	
7	173.8, F	0.673	22.105	
7	10.8, F	0.209	22.147	
7	354.2, F	0.129	22.189	
7	349.9, F	0.165	22.231	
7	357.9, F	0.109	22.272	
7	184.0, F	0.91	22.314	
7	326.3, F	0.133	22.356	
7	None	0	22.397	0.04200000000000159
7	259.0, F	0.095	22.439	
7	212.2, F	0.16	22.481	
7	203.2, F	0.213	22.523	
7	356.1, F	0.889	22.564	
7	209.6, F	0.152	22.606	
7	211.4, F	0.279	22.648	
7	206.2, F	0.376	22.689	
7	115.6, F	0.885	22.731	
7	344.8, F	0.711	22.773	
7	206.9, F	0.343	22.814	
7	208.9, F	0.336	22.856	
7	345.0, F	0.722	22.898	
7	212.4, F	0.455	22.940	
7	120.8, F	0.939	22.981	
7	321.6, F	0.407	23.023	
7	326.3, F	0.406	23.065	
7	198.2, F	0.735	23.106	
7	74.2, F	0.814	23.148	
7	319.3, F	0.311	23.190	
7	189.9, F	0.882	23.232	
7	309.5, F	0.184	23.273	
7	None	0	23.315	0.04199999999999804
7	213.2, F	0.142	23.357	
7	199.8, F	0.168	23.398	
7	53.3, F	1.202	23.440	
7	182.0, F	0.403	23.482	
7	180.1, F	0.473	23.523	
7	348.8, F	0.452	23.565	
7	188.9, F	0.636	23.607	
7	323.3, F	0.273	23.649	
7	305.3, F	0.311	23.690	
7	205.2, F	0.894	23.732	
7	76.1, F	0.304	23.774	
7	266.3, F	1.012	23.815	
7	258.9, F	0.114	23.857	
7	255.6, F	0.326	23.899	
7	117.4, F	0.148	23.941	
7	280.4, F	0.177	23.982	
7	286.7, F	0.23	24.024	
7	293.3, F	0.266	24.066	
7	324.3, F	0.236	24.107	
7	326.2, F	0.303	24.149	
7	64.4, F	0.704	24.191	
7	333.5, F	0.408	24.233	
7	209.0, F	0.636	24.274	
7	352.8, F	0.447	24.316	
7	264.8, F	0.766	24.358	
7	50.3, F	0.177	24.399	
7	33.6, F	0.36	24.441	
7	357.0, F	0.757	24.483	
7	122.7, F	0.176	24.524	
7	75.2, F	0.285	24.566	
7	245.6, F	0.443	24.608	
7	87.3, F	0.823	24.650	
7	None	0	24.691	0.04200000000000159
7	24.6, F	0.146	24.733	
7	23.0, F	0.304	24.775	
7	21.6, F	0.476	24.816	
7	134.1, F	0.283	24.858	
7	331.0, F	1.234	24.900	
7	47.3, F	0.478	24.942	
7	57.1, F	0.531	24.983	
7	292.3, F	0.455	25.025	
7	43.4, F	0.677	25.067	
7	300.5, F	0.443	25.108	
7	45.3, F	1.196	25.150	
7	339.0, F	0.148	25.192	
7	10.5, F	0.512	25.234	
7	11.0, F	0.791	25.275	
7	39.7, F	0.46	25.317	
7	230.2, F	0.67	25.359	
7	35.8, F	0.736	25.400	
7	256.6, F	0.374	25.442	
7	74.3, F	0.714	25.484	
7	328.3, F	0.344	25.525	
7	332.7, F	0.295	25.567	
7	345.3, F	0.252	25.609	
7	178.4, F	0.661	25.651	
7	19.2, F	0.389	25.692	
7	16.3, F	0.513	25.734	
7	134.9, F	0.361	25.776	
7	111.2, F	0.389	25.817	
7	26.6, F	0.868	25.859	
7	243.7, F	0.441	25.901	
7	108.5, F	0.759	25.943	
7	183.2, F	0.302	25.984	
7	20.5, F	0.569	26.026	
7	146.9, F	0.506	26.068	
7	223.7, F	0.713	26.109	
7	71.5, F	1.043	26.151	
7	356.2, F	0.346	26.193	
7	164.9, F	0.8	26.235	
7	74.3, F	0.414	26.276	
7	198.3, F	0.508	26.318	
7	169.7, F	0.735	26.360	
7	65.8, F	0.403	26.401	
7	87.8, F	0.615	26.443	
7	173.4, F	0.356	26.485	
7	157.9, F	0.396	26.526	
7	42.6, F	0.598	26.568	
7	138.4, F	0.975	26.610	
7	358.4, F	0.182	26.652	
7	63.1, F	0.259	26.693	
7	70.6, F	0.322	26.735	
7	76.3, F	0.417	26.777	
7	193.9, F	1.042	26.818	
7	None	0	26.860	0.04200000000000159
7	7.1, F	0.106	26.902	
7	None	0	26.944	0.04100000000000037
7	72.5, F	0.159	26.985	
7	67.4, F	0.216	27.027	
7	90.4, F	0.289	27.069	
7	89.8, F	0.273	27.110	
7	263.5, F	0.683	27.152	
7	114.1, F	0.255	27.194	
7	132.1, F	0.209	27.236	
7	157.7, F	0.132	27.277	
7	355.1, F	0.869	27.319	
7	217.4, F	0.25	27.361	
7	225.2, F	0.247	27.402	
7	228.2, F	0.267	27.444	
7	254.7, F	0.497	27.486	
7	72.0, F	0.256	27.527	
7	30.5, F	0.181	27.569	
7	278.2, F	1.034	27.611	
7	49.0, F	0.717	27.653	
7	311.6, F	0.818	27.694	
7	170.0, F	0.242	27.736	
7	316.8, F	0.136	27.778	
7	334.5, F	0.777	27.819	
7	263.0, F	0.496	27.861	
7	333.1, F	1.367	27.903	
7	156.1, F	0.381	27.945	
7	350.1, F	0.893	27.986	
7	303.6, F	0.242	28.028	
7	329.5, F	0.49	28.070	
7	96.0, F	0.467	28.111	
7	298.8, F	0.708	28.153	
7	31.0, F	0.454	28.195	
7	311.2, F	0.996	28.237	
7	145.0, F	0.321	28.278	
7	None	0	28.320	0.04199999999999804
7	325.6, F	0.127	28.362	
7	347.4, F	0.335	28.403	
7	342.3, F	0.346	28.445	
7	193.3, F	0.538	28.487	
7	317.9, F	0.338	28.528	
7	66.0, F	1.058	28.570	
7	206.8, F	1.091	28.612	
7	322.4, F	0.334	28.654	
7	296.1, F	0.17	28.695	
7	216.0, F	0.117	28.737	
7	94.1, F	0.926	28.779	
7	187.6, F	0.316	28.820	
7	184.3, F	0.578	28.862	
7	9.0, F	0.173	28.904	
7	None	0	28.946	0.04099999999999682
7	172.7, F	0.346	28.987	
7	176.6, F	0.643	29.029	
7	12.4, F	0.117	29.071	
7	192.5, F	0.092	29.112	
7	179.8, F	0.283	29.154	
7	173.8, F	0.377	29.196	
7	168.8, F	0.467	29.238	
7	291.8, F	0.944	29.279	
7	64.1, F	0.153	29.321	
7	164.8, F	0.955	29.363	
7	104.6, F	0.305	29.404	
7	112.0, F	0.441	29.446	
7	331.4, F	0.604	29.488	
7	115.8, F	0.807	29.529	
7	193.7, F	0.406	29.571	
7	356.2, F	0.467	29.613	
7	137.0, F	0.507	29.655	
7	31.9, F	0.579	29.696	
7	239.8, F	0.429	29.738	
7	92.9, F	0.799	29.780	
7	5.5, F	1.145	29.821	
7	153.0, F	0.689	29.863	
7	319.8, F	0.722	29.905	
7	103.7, F	0.865	29.947	
7	21.9, F	0.943	29.988	
7	72.7, F	0.735	30.030	
7	340.2, F	0.283	30.072	
7	172.8, F	0.653	30.113	
7	47.3, F	0.807	30.155	
7	181.7, F	0.308	30.197	
7	4.4, F	0.673	30.239	
7	133.9, F	0.251	30.280	
7	68.8, F	0.537	30.322	
7	66.4, F	0.552	30.364	
7	318.8, F	0.514	30.405	
7	128.0, F	0.97	30.447	
7	344.1, F	0.581	30.489	
7	170.7, F	0.433	30.530	
7	7.4, F	0.576	30.572	
7	165.4, F	0.381	30.614	
7	6.1, F	0.555	30.656	
7	159.4, F	0.452	30.697	
7	296.8, F	1.059	30.739	
7	165.8, F	0.439	30.781	
7	170.9, F	0.449	30.822	
7	356.4, F	0.475	30.864	
7	173.1, F	0.538	30.906	
7	351.3, F	0.362	30.948	
7	314.7, F	0.354	30.989	
7	201.1, F	0.719	31.031	
7	72.5, F	0.667	31.073	
7	286.1, F	0.412	31.114	
7	250.2, F	0.687	31.156	
7	155.8, F	0.412	31.198	
7	173.1, F	0.521	31.240	
7	325.6, F	0.358	31.281	
7	286.6, F	0.458	31.323	
7	161.8, F	1.146	31.365	
7	325.7, F	1.099	31.406	
7	111.4, F	0.236	31.448	
7	153.0, F	0.165	31.490	
7	189.5, F	0.134	31.531	
7	209.0, F	0.169	31.573	
7	214.6, F	0.315	31.615	
7	206.8, F	0.441	31.657	
7	326.2, F	0.615	31.698	
7	221.2, F	0.57	31.740	
7	50.2, F	0.574	31.782	
7	224.8, F	0.675	31.823	
7	35.0, F	0.523	31.865	
7	227.6, F	1.041	31.907	
7	51.6, F	0.259	31.949	
7	72.1, F	0.195	31.990	
7	75.3, F	0.196	32.032	
7	82.4, F	0.15	32.074	
7	270.4, F	0.849	32.115	
7	93.5, F	0.131	32.157	
7	142.8, F	0.094	32.199	
7	None	0	32.241	
7	None	0	32.282	
7	None	0	32.324	0.125
7	128.9, F	0.094	32.366	
7	None	0	32.407	0.04200000000000159
7	172.0, F	4.292	32.449	
7	48.3, F	0.146	32.491	
7	48.7, F	0.164	32.532	
7	47.5, F	0.225	32.574	
7	41.2, F	0.305	32.616	
7	67.8, F	0.201	32.658	
7	69.4, F	0.179	32.699	
7	296.8, F	0.401	32.741	
7	61.2, F	0.281	32.783	
7	174.5, F	1.239	32.824	
7	335.9, F	0.216	32.866	
7	345.4, F	0.194	32.908	
7	3.6, F	0.254	32.950	
7	171.0, F	0.996	32.991	
7	6.5, F	0.176	33.033	
7	228.3, F	0.122	33.075	
7	282.8, F	0.748	33.116	
7	55.7, F	0.35	33.158	
7	147.2, F	0.917	33.200	
7	292.8, F	0.635	33.242	
7	63.6, F	0.43	33.283	
7	74.2, F	0.509	33.325	
7	309.2, F	0.271	33.367	
7	186.3, F	1.016	33.408	
7	354.4, F	0.175	33.450	
7	6.9, F	0.235	33.492	
7	11.0, F	0.225	33.533	
7	13.6, F	0.204	33.575	
7	23.6, F	0.227	33.617	
7	170.1, F	0.767	33.659	
7	1.2, F	0.326	33.700	
7	340.4, F	0.325	33.742	
7	181.2, F	0.621	33.784	
7	330.2, F	0.455	33.825	
7	326.2, F	0.476	33.867	
7	127.3, F	1.051	33.909	
7	326.9, F	0.467	33.951	
7	323.1, F	0.455	33.992	
7	204.9, F	0.465	34.034	
7	55.6, F	0.768	34.076	
7	209.4, F	0.43	34.117	
7	331.2, F	0.646	34.159	
7	203.5, F	0.387	34.201	
7	117.8, F	0.978	34.243	
7	337.6, F	0.677	34.284	
7	216.6, F	0.144	34.326	
7	172.4, F	0.106	34.368	
7	122.9, F	0.162	34.409	
7	116.1, F	0.157	34.451	
7	17.7, F	1.375	34.493	
7	217.4, F	0.618	34.535	
7	71.3, F	0.406	34.576	
7	316.9, F	0.326	34.618	
7	119.0, F	0.684	34.660	
7	341.9, F	0.52	34.701	
7	221.2, F	0.118	34.743	
7	193.8, F	0.105	34.785	
7	None	0	34.826	
7	None	0	34.868	0.08399999999999608
7	18.1, F	0.106	34.910	
7	27.0, F	0.192	34.952	
7	43.3, F	0.232	34.993	
7	19.2, F	0.276	35.035	
7	27.0, F	0.275	35.077	
7	30.1, F	0.277	35.118	
7	143.1, F	0.735	35.160	
7	295.0, F	0.988	35.202	
7	143.5, F	0.878	35.244	
7	24.3, F	0.503	35.285	
7	314.3, F	0.919	35.327	
7	123.6, F	0.747	35.369	
7	226.7, F	0.424	35.410	
7	38.2, F	0.783	35.452	
7	204.4, F	0.288	35.494	
7	209.0, F	0.256	35.535	
7	336.0, F	1.029	35.577	
7	110.0, F	1.028	35.619	
7	230.5, F	0.112	35.661	
7	194.3, F	0.122	35.702	
7	None	0	35.744	0.04200000000000159
7	149.8, F	0.169	35.786	
7	136.0, F	0.25	35.827	
7	355.0, F	0.936	35.869	
7	134.6, F	0.309	35.911	
7	121.1, F	0.273	35.953	
7	264.7, F	0.627	35.994	
7	118.1, F	0.248	36.036	
7	107.9, F	0.182	36.078	
7	93.7, F	0.153	36.119	
7	273.0, F	0.653	36.161	
7	93.1, F	0.147	36.203	
7	85.6, F	0.116	36.245	
7	None	0	36.286	
7	None	0	36.328	
7	None	0	36.370	
7	None	0	36.411	
7	None	0	36.453	
7	None	0	36.495	0.25
7	277.2, F	0.573	36.536	
7	85.4, F	0.189	36.578	
7	86.4, F	0.177	36.620	
7	97.8, F	0.222	36.662	
7	282.0, F	0.427	36.703	
7	89.6, F	0.292	36.745	
7	83.7, F	0.339	36.787	
7	292.8, F	0.243	36.828	
7	318.7, F	0.164	36.870	
7	87.9, F	0.696	36.912	
7	354.0, F	0.096	36.954	
7	334.7, F	0.208	36.995	
7	332.7, F	0.22	37.037	
7	173.2, F	0.391	37.079	
7	347.2, F	0.207	37.120	
7	32.7, F	0.213	37.162	
7	160.5, F	0.495	37.204	
7	48.3, F	0.171	37.246	
7	44.1, F	0.216	37.287	
7	285.5, F	0.673	37.329	
7	143.8, F	0.617	37.371	
7	69.4, F	0.421	37.412	
7	304.9, F	0.409	37.454	
7	126.4, F	0.767	37.496	
7	318.0, F	0.38	37.538	
7	322.2, F	0.334	37.579	
7	116.7, F	0.745	37.621	
7	324.9, F	0.381	37.663	
7	214.1, F	0.431	37.704	
7	319.0, F	0.428	37.746	
7	120.7, F	0.676	37.788	
7	311.2, F	0.612	37.829	
7	117.1, F	0.579	37.871	
7	319.4, F	0.76	37.913	
7	251.1, F	0.383	37.955	
7	104.4, F	0.639	37.996	
7	288.7, F	0.384	38.038	
7	87.3, F	0.648	38.080	
7	296.7, F	0.263	38.121	
7	310.6, F	0.312	38.163	
7	309.8, F	0.267	38.205	
7	77.8, F	0.712	38.247	
7	310.6, F	0.292	38.288	
7	211.0, F	0.526	38.330	
7	305.2, F	0.475	38.372	
7	42.0, F	0.445	38.413	
7	136.8, F	0.65	38.455	
7	314.7, F	0.844	38.497	
7	118.0, F	0.502	38.538	
7	256.7, F	0.377	38.580	
7	95.8, F	0.535	38.622	
7	271.5, F	0.271	38.664	
7	302.6, F	0.204	38.705	
7	79.6, F	0.808	38.747	
7	346.1, F	0.283	38.789	
7	1.5, F	0.333	38.830	
7	19.4, F	0.425	38.872	
7	136.5, F	0.266	38.914	
7	265.2, F	0.36	38.956	
7	97.8, F	0.541	38.997	
7	351.9, F	0.561	39.039	
7	137.1, F	0.116	39.081	
7	98.5, F	0.183	39.122	
7	108.9, F	0.517	39.164	
7	115.4, F	0.684	39.206	
7	323.4, F	0.342	39.248	
7	196.3, F	0.423	39.289	
7	40.4, F	0.14	39.331	
7	84.3, F	0.281	39.373	
7	91.7, F	0.368	39.414	
7	99.2, F	0.488	39.456	
7	225.5, F	0.178	39.498	
7	226.1, F	0.179	39.539	
7	183.4, F	0.166	39.581	
7	183.6, F	0.142	39.623	
7	145.4, F	0.231	39.665	
7	138.5, F	0.317	39.706	
7	9.2, F	0.698	39.748	
7	130.9, F	0.442	39.790	
7	124.6, F	0.505	39.831	
7	222.9, F	0.611	39.873	
7	40.2, F	0.617	39.915	
7	220.3, F	0.498	39.957	
7	331.7, F	0.588	39.998	
7	122.5, F	0.785	40.040	
7	337.6, F	0.529	40.082	
7	191.2, F	0.392	40.123	
7	352.8, F	0.486	40.165	
7	182.3, F	0.399	40.207	
7	359.0, F	0.468	40.249	
7	178.5, F	0.411	40.290	
7	176.3, F	0.33	40.332	
7	354.0, F	0.58	40.374	
7	105.1, F	1.215	40.415	
7	304.7, F	1.076	40.457	
7	174.6, F	0.438	40.499	
7	184.9, F	0.42	40.541	
7	347.2, F	0.486	40.582	
7	190.0, F	0.455	40.624	
7	337.5, F	0.514	40.666	
7	117.3, F	1.136	40.707	
7	337.3, F	0.558	40.749	
7	196.9, F	0.486	40.791	
7	337.7, F	0.446	40.832	
7	199.3, F	0.594	40.874	
7	323.8, F	0.386	40.916	
7	66.1, F	0.752	40.958	
7	189.5, F	0.55	40.999	
7	334.2, F	0.549	41.041	
7	189.4, F	0.629	41.083	
7	325.9, F	0.533	41.124	
7	67.7, F	0.648	41.166	
7	183.5, F	0.633	41.208	
7	342.2, F	0.321	41.250	
7	349.2, F	0.303	41.291	
7	160.5, F	0.617	41.333	
7	9.7, F	0.32	41.375	
7	15.6, F	0.302	41.416	
7	158.3, F	0.851	41.458	
7	2.6, F	0.285	41.500	
7	14.1, F	0.218	41.541	
7	297.2, F	0.823	41.583	
7	157.0, F	0.694	41.625	
7	11.0, F	0.309	41.667	
7	9.7, F	0.261	41.708	
7	159.2, F	0.82	41.750	
7	29.9, F	0.163	41.792	
7	294.2, F	0.821	41.833	
7	43.1, F	0.126	41.875	
7	161.8, F	1.045	41.917	
7	24.8, F	0.186	41.959	
7	292.9, F	0.111	42.000	
7	None	0	42.042	0.04200000000000159
7	206.3, F	0.113	42.084	
7	199.4, F	0.198	42.125	
7	323.0, F	0.382	42.167	
7	192.0, F	0.509	42.209	
7	302.0, F	0.27	42.251	
7	124.3, F	0.602	42.292	
7	250.2, F	0.319	42.334	
7	240.5, F	0.388	42.376	
7	143.3, F	0.744	42.417	
7	314.8, F	1.086	42.459	
7	161.0, F	0.878	42.501	
7	20.8, F	0.293	42.542	
7	21.3, F	0.218	42.584	
7	166.3, F	1.13	42.626	
7	288.6, F	0.916	42.668	
7	47.2, F	0.128	42.709	
7	None	0	42.751	0.04200000000000159
7	150.9, F	0.101	42.793	
7	187.1, F	0.121	42.834	
7	211.2, F	0.122	42.876	
7	213.1, F	0.141	42.918	
7	340.1, F	0.461	42.960	
7	223.5, F	0.335	43.001	
7	235.0, F	0.35	43.043	
7	46.3, F	0.564	43.085	
7	242.0, F	0.402	43.126	
7	133.9, F	0.3	43.168	
7	312.4, F	0.728	43.210	
7	140.4, F	0.286	43.252	
7	149.5, F	0.262	43.293	
7	15.1, F	0.427	43.335	
7	169.9, F	0.189	43.377	
7	174.4, F	0.234	43.418	
7	1.4, F	0.422	43.460	
7	202.2, F	0.219	43.502	
7	207.3, F	0.235	43.544	
7	336.5, F	0.381	43.585	
7	221.8, F	0.341	43.627	
7	231.2, F	0.326	43.669	
7	324.1, F	0.317	43.710	
7	121.8, F	0.889	43.752	
7	324.6, F	0.366	43.794	
7	317.7, F	0.33	43.835	
7	211.1, F	0.519	43.877	
7	315.5, F	0.265	43.919	
7	79.7, F	0.701	43.961	
7	214.8, F	0.485	44.002	
7	324.8, F	0.267	44.044	
7	320.4, F	0.256	44.086	
7	128.6, F	0.978	44.127	
7	319.0, F	0.277	44.169	
7	319.6, F	0.273	44.211	
7	319.0, F	0.256	44.253	
7	201.0, F	0.478	44.294	
7	332.5, F	0.245	44.336	
7	92.8, F	1.102	44.378	
7	325.3, F	0.178	44.419	
7	335.8, F	0.244	44.461	
7	187.0, F	0.494	44.503	
7	336.6, F	0.232	44.544	
7	339.0, F	0.217	44.586	
7	183.8, F	0.484	44.628	
7	311.1, F	0.137	44.670	
7	None	0	44.711	
7	None	0	44.753	
7	None	0	44.795	
7	None	0	44.836	0.1670000000000016
7	130.9, F	0.179	44.878	
7	135.0, F	0.182	44.920	
7	130.0, F	0.234	44.962	
7	148.6, F	0.424	45.003	
7	243.2, F	0.601	45.045	
7	10.9, F	0.619	45.087	
7	145.9, F	0.618	45.128	
7	314.8, F	0.82	45.170	
7	147.2, F	0.535	45.212	
7	146.6, F	0.51	45.254	
7	319.8, F	0.905	45.295	
7	118.4, F	0.399	45.337	
7	118.9, F	0.346	45.379	
7	329.1, F	1.222	45.420	
7	104.5, F	0.411	45.462	
7	101.8, F	0.468	45.504	
7	273.9, F	0.192	45.545	
7	284.2, F	0.167	45.587	
7	97.4, F	0.614	45.629	
7	None	0	45.671	0.04100000000000392
7	113.7, F	0.179	45.712	
7	103.0, F	0.235	45.754	
7	297.0, F	0.595	45.796	
7	69.3, F	0.353	45.837	
7	124.9, F	0.695	45.879	
7	307.7, F	0.863	45.921	
7	104.8, F	0.583	45.963	
7	259.2, F	0.559	46.004	
7	16.5, F	0.265	46.046	
7	146.6, F	0.256	46.088	
7	349.4, F	0.2	46.129	
7	170.4, F	0.364	46.171	
7	318.7, F	0.308	46.213	
7	174.7, F	0.259	46.255	
7	326.5, F	0.245	46.296	
7	324.9, F	0.442	46.338	
7	189.0, F	0.224	46.380	
7	200.6, F	0.214	46.421	
7	319.2, F	0.347	46.463	
7	268.8, F	0.142	46.505	
7	101.4, F	0.498	46.547	
7	265.9, F	0.127	46.588	
7	217.1, F	0.118	46.630	
7	349.6, F	0.599	46.672	
7	350.0, F	0.178	46.713	
7	28.6, F	0.165	46.755	
7	36.3, F	0.223	46.797	
7	171.8, F	0.691	46.838	
7	37.1, F	0.338	46.880	
7	29.3, F	0.389	46.922	
7	29.8, F	0.338	46.964	
7	167.6, F	0.637	47.005	
7	299.8, F	0.696	47.047	
7	12.2, F	0.28	47.089	
7	179.9, F	0.65	47.130	
7	350.5, F	0.236	47.172	
7	339.9, F	0.195	47.214	
7	191.1, F	0.967	47.256	
7	336.5, F	0.281	47.297	
7	312.4, F	0.236	47.339	
7	77.8, F	0.794	47.381	
7	338.9, F	0.236	47.422	
7	1.2, F	0.096	47.464	
7	23.1, F	0.142	47.506	
7	167.6, F	0.708	47.547	
7	38.3, F	0.195	47.589	
7	40.6, F	0.304	47.631	
7	303.1, F	0.586	47.673	
7	149.6, F	0.451	47.714	
7	53.8, F	0.464	47.756	
7	222.4, F	0.612	47.798	
7	58.0, F	0.652	47.839	
7	320.2, F	0.616	47.881	
7	220.4, F	0.399	47.923	
7	107.9, F	0.453	47.965	
7	336.6, F	0.863	48.006	
7	90.6, F	0.541	48.048	
7	272.8, F	0.287	48.090	
7	286.5, F	0.292	48.131	
7	69.7, F	0.584	48.173	
7	228.8, F	0.6	48.215	
7	35.5, F	0.543	48.257	
7	259.6, F	0.493	48.298	
7	10.2, F	0.808	48.340	
7	78.3, F	0.178	48.382	
7	297.8, F	0.796	48.423	
7	153.3, F	0.834	48.465	
7	31.0, F	0.678	48.507	
7	248.0, F	0.488	48.548	
7	24.0, F	0.836	48.590	
7	93.1, F	0.506	48.632	
7	303.0, F	0.586	48.674	
7	314.9, F	0.486	48.715	
7	117.6, F	0.904	48.757	
7	328.8, F	0.637	48.799	
7	240.7, F	0.272	48.840	
7	92.2, F	0.979	48.882	
7	259.3, F	0.312	48.924	
7	260.5, F	0.26	48.966	
7	273.2, F	0.361	49.007	
7	89.6, F	0.665	49.049	
7	287.5, F	0.588	49.091	
7	286.6, F	0.469	49.132	
7	76.2, F	0.447	49.174	
7	288.3, F	0.515	49.216	
7	72.5, F	0.456	49.258	
7	75.3, F	0.449	49.299	
7	284.6, F	0.489	49.341	
7	138.6, F	0.969	49.383	
7	287.1, F	0.426	49.424	
7	286.2, F	0.384	49.466	
7	76.7, F	0.52	49.508	
7	296.3, F	0.347	49.550	
7	287.1, F	0.258	49.591	
7	76.6, F	0.68	49.633	
7	194.8, F	0.876	49.675	
7	284.4, F	0.213	49.716	
7	88.0, F	0.657	49.758	
7	293.6, F	0.26	49.800	
7	309.3, F	0.257	49.841	
7	299.7, F	0.23	49.883	
7	289.4, F	0.175	49.925	
7	83.4, F	0.714	49.967	
7	264.9, F	0.223	50.008	
7	276.9, F	0.268	50.050	
7	279.3, F	0.217	50.092	
7	80.3, F	0.653	50.133	
7	284.5, F	0.375	50.175	
7	201.7, F	0.81	50.217	
7	84.7, F	0.591	50.259	
7	276.4, F	0.396	50.300	
7	275.7, F	0.252	50.342	
7	91.2, F	0.811	50.384	
7	254.5, F	0.21	50.425	
7	256.0, F	0.199	50.467	
7	236.2, F	0.135	50.509	
7	222.4, F	0.092	50.550	
7	194.8, F	0.121	50.592	
7	102.2, F	0.905	50.634	
7	356.5, F	0.454	50.676	
7	180.5, F	0.325	50.717	
7	178.4, F	0.319	50.759	
7	2.1, F	0.467	50.801	
7	183.1, F	0.276	50.842	
7	8.7, F	0.457	50.884	
7	181.2, F	0.367	50.926	
7	9.5, F	0.286	50.968	
7	178.3, F	0.633	51.009	
7	30.6, F	0.222	51.051	
7	290.9, F	0.725	51.093	
7	174.6, F	0.733	51.134	
7	74.1, F	0.113	51.176	
7	None	0	51.218	0.041999999999994486
7	100.7, F	0.097	51.260	
7	138.4, F	0.096	51.301	
7	149.5, F	0.13	51.343	
7	157.8, F	0.151	51.385	
7	151.0, F	0.192	51.426	
7	315.8, F	0.911	51.468	
7	146.4, F	0.3	51.510	
7	156.1, F	0.382	51.551	
7	16.6, F	0.402	51.593	
7	173.3, F	0.497	51.635	
7	15.7, F	0.296	51.677	
7	176.2, F	0.64	51.718	
7	282.0, F	0.728	51.760	
7	28.1, F	0.134	51.802	
7	None	0	51.843	
7	None	0	51.885	
7	None	0	51.927	
7	None	0	51.969	
7	None	0	52.010	
7	None	0	52.052	0.25099999999999767
7	269.1, F	0.126	52.094	
7	246.7, F	0.237	52.135	
7	108.3, F	0.668	52.177	
7	242.4, F	0.365	52.219	
7	233.2, F	0.414	52.261	
7	56.7, F	0.79	52.302	
7	239.0, F	0.482	52.344	
7	237.1, F	0.555	52.386	
7	41.1, F	0.502	52.427	
7	156.0, F	0.407	52.469	
7	287.0, F	0.963	52.511	
7	182.0, F	0.48	52.552	
7	325.2, F	0.216	52.594	
7	299.1, F	0.282	52.636	
7	50.9, F	0.166	52.678	
7	167.1, F	0.634	52.719	
7	271.6, F	0.887	52.761	
7	275.1, F	0.157	52.803	
7	97.6, F	0.517	52.844	
7	262.2, F	0.481	52.886	
7	257.2, F	0.476	52.928	
7	104.2, F	0.459	52.970	
7	263.5, F	0.528	53.011	
7	105.7, F	0.315	53.053	
7	9.3, F	0.803	53.095	
7	144.3, F	0.382	53.136	
7	245.5, F	0.713	53.178	
7	146.7, F	0.412	53.220	
7	12.1, F	0.854	53.262	
7	155.2, F	0.357	53.303	
7	261.2, F	0.764	53.345	
7	137.8, F	0.328	53.387	
7	7.1, F	0.967	53.428	
7	138.6, F	0.171	53.470	
7	79.1, F	0.179	53.512	
7	40.2, F	0.22	53.553	
7	276.5, F	1.273	53.595	
7	127.8, F	0.788	53.637	
7	331.4, F	0.464	53.679	
7	231.2, F	0.431	53.720	
7	34.5, F	0.78	53.762	
7	259.3, F	0.578	53.804	
7	67.5, F	0.235	53.845	
7	36.4, F	0.212	53.887	
7	281.0, F	0.957	53.929	
7	15.9, F	0.463	53.971	
7	189.1, F	0.417	54.012	
7	358.1, F	0.816	54.054	
7	207.6, F	0.283	54.096	
7	213.3, F	0.184	54.137	
7	74.8, F	0.55	54.179	
7	298.1, F	0.248	54.221	
7	330.0, F	0.376	54.263	
7	345.5, F	0.488	54.304	
7	106.2, F	0.854	54.346	
7	235.8, F	0.166	54.388	
7	356.5, F	0.802	54.429	
7	None	0	54.471	0.04200000000000159
7	302.3, F	0.157	54.513	
7	332.4, F	0.196	54.554	
7	328.6, F	0.19	54.596	
7	176.4, F	0.629	54.638	
7	350.1, F	0.367	54.680	
7	358.0, F	0.374	54.721	
7	162.6, F	0.391	54.763	
7	358.2, F	0.611	54.805	
7	155.6, F	0.221	54.846	
7	125.0, F	0.174	54.888	
7	118.2, F	0.176	54.930	
7	136.7, F	0.213	54.972	
7	10.8, F	0.862	55.013	
7	96.9, F	0.2	55.055	
7	261.7, F	0.529	55.097	
7	84.7, F	0.238	55.138	
7	81.2, F	0.338	55.180	
7	273.5, F	0.412	55.222	
7	75.2, F	0.349	55.264	
7	278.4, F	0.497	55.305	
7	60.8, F	0.369	55.347	
7	162.6, F	0.731	55.389	
7	276.6, F	0.622	55.430	
7	64.0, F	0.338	55.472	
7	63.0, F	0.315	55.514	
7	281.2, F	0.562	55.555	
7	68.1, F	0.37	55.597	
7	159.1, F	0.728	55.639	
7	274.5, F	0.281	55.681	
7	81.3, F	0.385	55.722	
7	289.3, F	0.282	55.764	
7	334.9, F	0.125	55.806	
7	71.8, F	0.746	55.847	
7	20.6, F	0.214	55.889	
7	169.1, F	0.47	55.931	
7	13.2, F	0.21	55.973	
7	50.3, F	0.398	56.014	
7	239.1, F	0.972	56.056	
7	38.9, F	0.486	56.098	
7	54.8, F	0.321	56.139	
7	153.4, F	0.378	56.181	
7	294.9, F	0.884	56.223	
7	142.7, F	0.348	56.265	
7	35.8, F	0.698	56.306	
7	104.2, F	0.356	56.348	
7	265.6, F	0.786	56.390	
7	76.5, F	0.342	56.431	
7	59.6, F	0.397	56.473	
7	282.7, F	0.841	56.515	
7	34.8, F	0.606	56.556	
7	147.1, F	0.359	56.598	
7	23.9, F	0.813	56.640	
7	265.0, F	0.981	56.682	
7	127.6, F	0.138	56.723	
7	None	0	56.765	
7	None	0	56.807	0.08299999999999841
7	1.1, F	0.16	56.848	
7	13.4, F	0.392	56.890	
7	171.3, F	0.434	56.932	
7	24.9, F	0.404	56.974	
7	23.0, F	0.707	57.015	
7	123.0, F	0.317	57.057	
7	261.0, F	0.769	57.099	
7	107.7, F	0.338	57.140	
7	94.1, F	0.368	57.182	
7	270.4, F	0.469	57.224	
7	76.4, F	0.602	57.266	
7	291.3, F	0.269	57.307	
7	338.3, F	0.367	57.349	
7	63.0, F	0.794	57.391	
7	205.2, F	0.583	57.432	
7	341.8, F	0.483	57.474	
7	209.7, F	0.5	57.516	
7	50.2, F	0.963	57.557	
7	207.6, F	0.514	57.599	
7	335.4, F	0.65	57.641	
7	216.1, F	0.582	57.683	
7	42.5, F	0.952	57.724	
7	230.3, F	0.463	57.766	
7	231.0, F	0.454	57.808	
7	92.4, F	0.437	57.849	
7	254.2, F	0.583	57.891	
7	27.2, F	1.014	57.933	
7	252.5, F	0.622	57.975	
7	127.9, F	0.264	58.016	
7	155.9, F	0.145	58.058	
7	146.2, F	0.106	58.100	
7	162.6, F	0.16	58.141	
7	177.5, F	0.184	58.183	
7	359.7, F	1.022	58.225	
7	187.6, F	0.106	58.267	
7	None	0	58.308	0.04200000000000159
7	281.1, F	0.136	58.350	
7	287.5, F	0.153	58.392	
7	305.9, F	0.227	58.433	
7	274.6, F	0.25	58.475	
7	274.3, F	0.279	58.517	
7	73.5, F	0.476	58.558	
7	209.9, F	0.75	58.600	
7	286.5, F	0.499	58.642	
7	69.2, F	0.405	58.684	
7	59.4, F	0.324	58.725	
7	278.4, F	0.748	58.767	
7	170.8, F	0.54	58.809	
7	348.1, F	0.312	58.850	
7	344.7, F	0.228	58.892	
7	180.3, F	0.601	58.934	
7	357.9, F	0.243	58.976	
7	22.3, F	0.356	59.017	
7	50.7, F	0.283	59.059	
7	150.9, F	0.669	59.101	
7	279.5, F	0.492	59.142	
7	86.5, F	0.487	59.184	
7	260.7, F	0.31	59.226	
7	94.3, F	0.622	59.268	
7	212.2, F	0.321	59.309	
7	197.1, F	0.382	59.351	
7	347.1, F	0.582	59.393	
7	117.1, F	1.033	59.434	
7	173.7, F	0.538	59.476	
7	35.4, F	0.319	59.518	
7	292.8, F	0.757	59.559	
7	167.1, F	0.787	59.601	
7	38.9, F	0.287	59.643	
7	40.7, F	0.228	59.685	
7	55.6, F	0.196	59.726	
7	267.3, F	0.717	59.768	
7	97.6, F	0.279	59.810	
7	110.0, F	0.403	59.851	
7	252.6, F	0.596	59.893	
7	109.0, F	0.35	59.935	
7	135.0, F	0.287	59.977	
7	253.4, F	1.242	60.018	
7	66.4, F	0.698	60.060	
7	220.2, F	0.731	60.102	
7	289.4, F	0.643	60.143	
7	13.7, F	0.223	60.185	
7	334.6, F	0.191	60.227	
7	191.0, F	0.604	60.269	
7	282.5, F	0.153	60.310	
7	287.7, F	0.231	60.352	
7	96.8, F	0.767	60.394	
7	238.4, F	0.269	60.435	
7	236.0, F	0.268	60.477	
7	221.2, F	0.267	60.519	
7	342.0, F	0.697	60.560	
7	113.8, F	0.831	60.602	
7	206.4, F	0.363	60.644	
7	199.2, F	0.523	60.686	
7	328.4, F	0.462	60.727	
7	60.4, F	0.734	60.769	
7	195.2, F	0.684	60.811	
7	334.0, F	0.178	60.852	
7	7.7, F	0.149	60.894	
7	36.9, F	0.135	60.936	
7	170.5, F	0.962	60.978	
7	93.2, F	0.425	61.019	
7	274.3, F	0.357	61.061	
7	89.9, F	0.61	61.103	
7	285.5, F	0.154	61.144	
7	None	0	61.186	0.04200000000000159
7	191.9, F	0.141	61.228	
7	0.5, F	0.537	61.270	
7	172.5, F	0.153	61.311	
7	142.2, F	0.362	61.353	
7	134.4, F	0.386	61.395	
7	44.7, F	0.458	61.436	
7	141.4, F	0.481	61.478	
7	302.8, F	0.515	61.520	
7	142.1, F	0.598	61.561	
7	289.6, F	0.47	61.603	
7	83.6, F	0.559	61.645	
7	287.9, F	0.407	61.687	
7	83.5, F	0.55	61.728	
7	269.0, F	0.278	61.770	
7	266.0, F	0.214	61.812	
7	91.2, F	0.747	61.853	
7	302.6, F	0.135	61.895	
7	183.1, F	0.748	61.937	
7	None	0	61.979	
7	None	0	62.020	
7	None	0	62.062	0.125
7	343.2, F	0.166	62.104	
7	None	0	62.145	
7	None	0	62.187	
7	None	0	62.229	
7	None	0	62.271	
7	None	0	62.312	0.20899999999999608
7	174.2, F	0.188	62.354	
7	173.9, F	0.265	62.396	
7	356.0, F	0.949	62.437	
7	189.4, F	0.141	62.479	
7	194.8, F	0.267	62.521	
7	191.3, F	0.326	62.562	
7	182.0, F	0.372	62.604	
7	356.3, F	0.554	62.646	
7	169.9, F	0.386	62.688	
7	0.4, F	0.549	62.729	
7	179.9, F	0.425	62.771	
7	350.9, F	0.462	62.813	
7	190.0, F	0.433	62.854	
7	336.5, F	0.682	62.896	
7	116.6, F	0.682	62.938	
7	215.8, F	0.489	62.980	
7	311.4, F	0.809	63.021	
7	134.9, F	0.66	63.063	
7	319.3, F	0.57	63.105	
7	117.5, F	0.772	63.146	
7	188.5, F	0.653	63.188	
7	346.5, F	0.231	63.230	
7	6.0, F	0.277	63.272	
7	47.3, F	0.265	63.313	
7	154.2, F	1.052	63.355	
7	85.5, F	0.568	63.397	
7	None	0	63.438	0.041999999999994486
7	123.7, F	0.159	63.480	
7	105.9, F	0.436	63.522	
7	317.6, F	0.876	63.563	
7	105.0, F	0.547	63.605	
7	239.1, F	0.346	63.647	
7	101.3, F	0.967	63.689	
7	168.3, F	0.183	63.730	
7	10.8, F	0.458	63.772	
7	138.3, F	0.38	63.814	
7	231.5, F	0.47	63.855	
7	48.5, F	0.538	63.897	
7	212.7, F	0.461	63.939	
7	61.5, F	0.563	63.981	
7	347.3, F	0.292	64.022	
7	166.6, F	0.528	64.064	
7	29.4, F	0.165	64.106	
7	50.8, F	0.188	64.147	
7	154.1, F	0.653	64.189	
7	63.2, F	0.379	64.231	
7	281.9, F	0.609	64.273	
7	76.4, F	0.403	64.314	
7	276.5, F	0.494	64.356	
7	87.3, F	0.54	64.398	
7	289.1, F	0.377	64.439	
7	132.7, F	0.916	64.481	
7	283.4, F	0.229	64.523	
7	302.8, F	0.218	64.564	
7	82.3, F	0.743	64.606	
7	308.8, F	0.28	64.648	
7	313.6, F	0.257	64.690	
7	184.7, F	0.484	64.731	
7	339.0, F	0.271	64.773	
7	336.9, F	0.278	64.815	
7	153.2, F	0.319	64.856	
7	5.1, F	0.45	64.898	
7	159.6, F	0.335	64.940	
7	354.3, F	0.385	64.982	
7	175.0, F	0.262	65.023	
7	185.3, F	0.142	65.065	
7	353.7, F	0.51	65.107	
7	None	0	65.148	0.04200000000000159
7	296.0, F	0.096	65.190	
7	313.0, F	0.207	65.232	
7	73.0, F	0.82	65.274	
7	318.5, F	0.492	65.315	
7	222.9, F	0.474	65.357	
7	320.1, F	0.703	65.399	
7	109.2, F	0.487	65.440	
7	262.5, F	0.575	65.482	
7	42.7, F	0.295	65.524	
7	8.1, F	0.247	65.566	
7	343.1, F	0.288	65.607	
7	339.4, F	0.304	65.649	
7	218.3, F	0.261	65.691	
7	340.8, F	0.774	65.732	
7	254.9, F	0.45	65.774	
7	86.7, F	0.367	65.816	
7	281.0, F	0.606	65.857	
7	39.6, F	0.24	65.899	
7	11.8, F	0.253	65.941	
7	173.9, F	0.647	65.983	
7	349.5, F	0.402	66.024	
7	341.3, F	0.479	66.066	
7	195.9, F	0.394	66.108	
7	209.6, F	0.399	66.149	
7	335.8, F	0.811	66.191	
7	103.9, F	0.602	66.233	
7	267.5, F	0.584	66.275	
7	88.8, F	0.247	66.316	
7	271.9, F	0.942	66.358	
7	None	0	66.400	0.04099999999999682
7	289.3, F	0.303	66.441	
7	76.0, F	0.51	66.483	
7	284.1, F	0.642	66.525	
7	37.6, F	0.297	66.566	
7	358.3, F	0.17	66.608	
7	184.9, F	0.531	66.650	
7	312.8, F	0.369	66.692	
7	304.9, F	0.427	66.733	
7	210.2, F	0.585	66.775	
7	63.6, F	0.499	66.817	
7	286.4, F	0.752	66.858	
7	50.0, F	0.266	66.900	
7	156.6, F	0.669	66.942	
7	285.7, F	0.958	66.984	
7	343.4, F	0.281	67.025	
7	188.4, F	0.613	67.067	
7	301.1, F	0.288	67.109	
7	86.8, F	0.591	67.150	
7	276.6, F	0.374	67.192	
7	273.6, F	0.318	67.234	
7	93.9, F	0.521	67.276	
7	271.0, F	0.389	67.317	
7	99.0, F	0.473	67.359	
7	260.7, F	0.495	67.401	
7	112.8, F	0.305	67.442	
7	253.5, F	0.599	67.484	
7	140.4, F	0.187	67.526	
7	159.1, F	0.311	67.567	
7	3.6, F	0.593	67.609	
7	177.5, F	0.362	67.651	
7	188.3, F	0.407	67.693	
7	337.2, F	0.58	67.734	
7	195.3, F	0.414	67.776	
7	325.6, F	0.594	67.818	
7	217.6, F	0.575	67.859	
7	50.1, F	0.498	67.901	
7	226.9, F	0.674	67.943	
7	48.4, F	0.344	67.985	
7	46.8, F	0.154	68.026	
7	278.7, F	0.888	68.068	
7	171.4, F	0.845	68.110	
7	237.9, F	0.117	68.151	
7	244.2, F	0.172	68.193	
7	236.8, F	0.243	68.235	
7	119.6, F	0.789	68.277	
7	328.0, F	0.478	68.318	
7	208.1, F	0.361	68.360	
7	311.0, F	0.391	68.402	
7	84.5, F	0.532	68.443	
7	192.4, F	0.565	68.485	
7	278.5, F	0.345	68.527	
7	78.7, F	0.439	68.569	
7	276.1, F	0.329	68.610	
7	82.5, F	0.445	68.652	
7	255.6, F	0.524	68.694	
7	88.3, F	0.265	68.735	
7	268.3, F	0.826	68.777	
7	254.2, F	0.165	68.819	
7	255.0, F	0.402	68.860	
7	106.8, F	0.638	68.902	
7	259.4, F	0.604	68.944	
7	115.0, F	0.391	68.986	
7	305.6, F	1.067	69.027	
7	163.5, F	0.397	69.069	
7	182.4, F	0.427	69.111	
7	346.2, F	0.509	69.152	
7	196.1, F	0.64	69.194	
7	300.2, F	0.443	69.236	
7	83.6, F	0.499	69.278	
7	300.2, F	0.376	69.319	
7	163.8, F	1.591	69.361	
7	306.5, F	0.345	69.403	
7	308.4, F	0.259	69.444	
7	83.9, F	0.755	69.486	
7	186.7, F	1.287	69.528	
7	345.9, F	0.725	69.569	
7	185.7, F	0.392	69.611	
7	186.5, F	0.497	69.653	
7	308.9, F	0.519	69.695	
7	67.3, F	0.443	69.736	
7	202.7, F	0.81	69.778	
7	81.4, F	0.3	69.820	
7	258.8, F	0.578	69.861	
7	150.6, F	0.313	69.903	
7	346.7, F	0.515	69.945	
7	194.3, F	0.453	69.987	
7	203.6, F	0.629	70.028	
7	295.0, F	0.767	70.070	
7	75.8, F	0.264	70.112	
7	None	0	70.153	0.04199999999998738
7	256.0, F	0.526	70.195	
7	252.6, F	0.331	70.237	
7	248.8, F	0.396	70.279	
7	164.9, F	0.549	70.320	
7	160.6, F	0.612	70.362	
7	301.5, F	0.693	70.404	
7	300.8, F	0.568	70.445	
7	101.5, F	1.2	70.487	
7	270.4, F	1.631	70.529	
7	106.1, F	0.238	70.570	
7	213.8, F	0.302	70.612	
7	229.4, F	0.266	70.654	
7	193.9, F	0.512	70.696	
7	356.3, F	0.199	70.737	
7	198.1, F	0.556	70.779	
7	17.8, F	0.164	70.821	
7	91.6, F	0.107	70.862	
7	80.3, F	0.137	70.904	
7	None	0	70.946	
7	None	0	70.988	
7	None	0	71.029	
7	None	0	71.071	0.1670000000000016
7	16.3, F	0.125	71.113	
7	22.1, F	0.17	71.154	
7	179.6, F	0.573	71.196	
7	6.8, F	0.279	71.238	
7	17.3, F	0.38	71.280	
7	179.0, F	0.494	71.321	
7	4.4, F	0.404	71.363	
7	179.6, F	0.404	71.405	
7	352.2, F	0.318	71.446	
7	194.2, F	0.293	71.488	
7	334.2, F	0.421	71.530	
7	246.0, F	0.248	71.572	
7	244.0, F	0.233	71.613	
7	55.5, F	0.765	71.655	
7	285.3, F	0.338	71.697	
7	290.1, F	0.347	71.738	
7	98.0, F	0.509	71.780	
7	284.6, F	0.377	71.822	
7	297.0, F	0.527	71.863	
7	69.0, F	0.231	71.905	
7	None	0	71.947	0.04200000000000159
7	12.4, F	0.158	71.989	
7	166.5, F	0.837	72.030	
7	301.0, F	0.973	72.072	
7	359.7, F	0.39	72.114	
7	140.0, F	0.658	72.155	
7	31.4, F	0.326	72.197	
7	27.1, F	0.403	72.239	
7	216.0, F	0.49	72.281	
7	72.9, F	0.412	72.322	
7	164.9, F	0.916	72.364	
7	None	0	72.406	0.04099999999999682
7	129.8, F	0.212	72.447	
7	26.7, F	0.711	72.489	
7	136.5, F	0.32	72.531	
7	241.7, F	0.602	72.572	
7	147.7, F	0.554	72.614	
7	61.4, F	0.357	72.656	
7	289.3, F	0.435	72.698	
7	91.6, F	0.534	72.739	
7	275.4, F	0.169	72.781	
7	225.9, F	0.279	72.823	
7	227.5, F	0.314	72.864	
7	114.8, F	1.063	72.906	
7	203.5, F	0.314	72.948	
7	350.1, F	0.523	72.990	
7	189.7, F	0.573	73.031	
7	327.7, F	0.331	73.073	
7	176.0, F	0.747	73.115	
7	None	0	73.156	0.04199999999998738
7	92.5, F	0.114	73.198	
7	None	0	73.240	0.04200000000000159
7	142.7, F	0.143	73.282	
7	173.9, F	0.18	73.323	
7	173.2, F	0.383	73.365	
7	358.2, F	0.44	73.407	
7	184.4, F	0.368	73.448	
7	344.3, F	0.377	73.490	
7	185.9, F	0.769	73.532	
7	None	0	73.573	
7	None	0	73.615	0.08400000000000318
7	104.9, F	0.132	73.657	
7	90.6, F	0.187	73.699	
7	109.3, F	0.218	73.740	
7	95.9, F	0.271	73.782	
7	264.0, F	0.401	73.824	
7	80.7, F	0.396	73.865	
7	303.7, F	0.234	73.907	
7	74.9, F	0.583	73.949	
7	312.3, F	0.266	73.991	
7	297.7, F	0.254	74.032	
7	255.7, F	0.19	74.074	
7	91.2, F	0.467	74.116	
7	238.5, F	0.237	74.157	
7	206.6, F	0.291	74.199	
7	190.9, F	0.242	74.241	
7	182.4, F	0.263	74.283	
7	5.9, F	0.341	74.324	
7	176.0, F	0.405	74.366	
7	11.0, F	0.441	74.408	
7	158.9, F	0.48	74.449	
7	31.7, F	0.373	74.491	
7	155.0, F	0.702	74.533	
7	55.1, F	0.411	74.575	
7	286.9, F	0.837	74.616	
7	55.5, F	0.442	74.658	
7	128.5, F	0.723	74.700	
7	307.6, F	0.492	74.741	
7	122.0, F	0.922	74.783	
7	346.2, F	0.36	74.825	
7	37.8, F	0.336	74.866	
7	156.8, F	0.714	74.908	
7	283.4, F	0.225	74.950	
7	84.9, F	0.451	74.992	
7	None	0	75.033	0.04200000000000159
7	43.5, F	0.131	75.075	
7	None	0	75.117	0.04099999999999682
7	107.0, F	0.137	75.158	
7	107.9, F	0.332	75.200	
7	108.5, F	0.428	75.242	
7	262.2, F	0.544	75.284	
7	106.1, F	0.587	75.325	
7	236.6, F	0.416	75.367	
7	336.1, F	0.605	75.409	
7	109.6, F	0.894	75.450	
7	198.7, F	0.293	75.492	
7	358.3, F	0.502	75.534	
7	168.6, F	0.294	75.575	
7	168.8, F	0.282	75.617	
7	359.6, F	0.636	75.659	
7	178.5, F	0.185	75.701	
7	186.9, F	0.117	75.742	
7	224.6, F	0.097	75.784	
7	357.2, F	0.124	75.826	
7	357.7, F	0.249	75.867	
7	2.8, F	0.225	75.909	
7	0.7, F	0.317	75.951	
7	182.2, F	0.545	75.993	
7	5.0, F	0.494	76.034	
7	9.9, F	0.606	76.076	
7	151.7, F	0.221	76.118	
7	164.4, F	0.182	76.159	
7	189.5, F	0.176	76.201	
7	229.3, F	0.255	76.243	
7	337.3, F	0.633	76.285	
7	225.0, F	0.371	76.326	
7	249.9, F	0.543	76.368	
7	117.0, F	0.465	76.410	
7	24.6, F	0.689	76.451	
7	252.2, F	0.787	76.493	
7	125.4, F	0.432	76.535	
7	19.0, F	0.594	76.576	
7	260.3, F	0.859	76.618	
7	130.0, F	0.291	76.660	
7	125.5, F	0.243	76.702	
7	127.5, F	0.212	76.743	
7	11.0, F	0.981	76.785	
7	113.3, F	0.159	76.827	
7	275.4, F	1.036	76.868	
7	78.6, F	0.147	76.910	
7	86.2, F	0.105	76.952	
7	39.0, F	0.108	76.994	
7	165.8, F	0.569	77.035	
7	27.2, F	0.169	77.077	
7	2.3, F	0.152	77.119	
7	330.7, F	0.17	77.160	
7	326.4, F	0.186	77.202	
7	177.2, F	0.533	77.244	
7	320.0, F	0.275	77.286	
7	311.9, F	0.302	77.327	
7	308.5, F	0.39	77.369	
7	145.6, F	0.586	77.411	
7	292.4, F	0.341	77.452	
7	66.9, F	0.389	77.494	
7	284.8, F	0.38	77.536	
7	150.7, F	0.683	77.578	
7	289.8, F	0.426	77.619	
7	60.7, F	0.296	77.661	
7	27.2, F	0.304	77.703	
7	226.1, F	0.566	77.744	
7	354.1, F	0.281	77.786	
7	329.8, F	0.3	77.828	
7	192.0, F	0.47	77.869	
7	319.9, F	0.455	77.911	
7	192.9, F	0.492	77.953	
7	299.2, F	0.459	77.995	
7	76.1, F	0.672	78.036	
7	274.0, F	0.59	78.078	
7	145.2, F	0.917	78.120	
7	273.2, F	0.727	78.161	
7	75.3, F	0.441	78.203	
7	64.7, F	0.356	78.245	
7	275.3, F	0.732	78.287	
7	58.8, F	0.311	78.328	
7	54.3, F	0.377	78.370	
7	217.9, F	1.253	78.412	
7	59.9, F	0.402	78.453	
7	58.9, F	0.614	78.495	
7	312.3, F	0.709	78.537	
7	118.5, F	0.652	78.578	
7	312.8, F	0.761	78.620	
7	111.6, F	0.619	78.662	
7	231.7, F	0.441	78.704	
7	42.4, F	0.936	78.745	
7	222.3, F	0.425	78.787	
7	220.9, F	0.451	78.829	
7	44.1, F	0.95	78.870	
7	230.4, F	0.521	78.912	
7	223.2, F	0.336	78.954	
7	45.0, F	1.051	78.996	
7	244.4, F	0.347	79.037	
7	262.6, F	0.394	79.079	
7	253.2, F	0.228	79.121	
7	85.0, F	0.953	79.162	
7	0.5, F	0.106	79.204	
7	None	0	79.246	0.04200000000000159
7	41.0, F	0.101	79.288	
7	54.1, F	0.205	79.329	
7	44.7, F	0.408	79.371	
7	214.8, F	0.968	79.413	
7	42.7, F	0.459	79.454	
7	320.7, F	0.42	79.496	
7	43.4, F	0.615	79.538	
7	230.1, F	0.689	79.579	
7	53.1, F	0.709	79.621	
7	223.6, F	0.564	79.663	
7	131.2, F	0.648	79.705	
7	358.4, F	0.603	79.746	
7	208.2, F	0.371	79.788	
7	11.7, F	0.502	79.830	
7	208.2, F	0.417	79.871	
7	8.8, F	0.644	79.913	
7	213.3, F	0.335	79.955	
7	108.5, F	0.62	79.997	
7	230.5, F	0.234	80.038	
7	7.7, F	0.839	80.080	
7	209.6, F	0.205	80.122	
7	None	0	80.163	
7	None	0	80.205	
7	None	0	80.247	
7	None	0	80.289	
7	None	0	80.330	0.20900000000000318
7	111.2, F	0.149	80.372	
7	89.2, F	0.152	80.414	
7	84.3, F	0.17	80.455	
7	272.3, F	0.898	80.497	
7	58.1, F	0.286	80.539	
7	65.7, F	0.335	80.581	
7	77.0, F	0.312	80.622	
7	147.7, F	0.972	80.664	
7	293.4, F	0.459	80.706	
7	305.8, F	0.435	80.747	
7	74.1, F	0.887	80.789	
7	332.9, F	0.406	80.831	
7	170.0, F	0.375	80.872	
7	355.4, F	0.572	80.914	
7	159.1, F	0.342	80.956	
7	154.5, F	0.381	80.998	
7	6.5, F	0.507	81.039	
7	155.7, F	0.388	81.081	
7	8.4, F	0.456	81.123	
7	160.9, F	0.571	81.164	
7	287.9, F	0.806	81.206	
7	157.5, F	0.555	81.248	
7	16.8, F	0.411	81.290	
7	10.9, F	0.323	81.331	
7	168.8, F	0.516	81.373	
7	339.6, F	0.301	81.415	
7	184.0, F	0.411	81.456	
7	345.1, F	0.385	81.498	
7	197.3, F	0.434	81.540	
7	334.1, F	0.375	81.581	
7	337.5, F	0.355	81.623	
7	190.0, F	0.385	81.665	
7	329.4, F	0.369	81.707	
7	118.7, F	0.798	81.748	
7	334.7, F	0.403	81.790	
7	187.1, F	0.45	81.832	
7	332.9, F	0.643	81.873	
7	200.6, F	0.327	81.915	
7	333.4, F	0.59	81.957	
7	104.3, F	0.827	81.999	
7	255.8, F	0.138	82.040	
7	292.9, F	0.149	82.082	
7	None	0	82.124	0.04100000000001103
7	316.4, F	0.226	82.165	
7	303.9, F	0.298	82.207	
7	62.3, F	0.853	82.249	
7	208.0, F	0.642	82.291	
7	322.2, F	0.558	82.332	
7	125.9, F	0.503	82.374	
7	330.3, F	0.556	82.416	
7	228.6, F	0.558	82.457	
7	47.1, F	1.25	82.499	
7	255.3, F	0.468	82.541	
7	266.7, F	0.441	82.582	
7	71.6, F	0.57	82.624	
7	276.6, F	0.452	82.666	
7	70.0, F	0.456	82.708	
7	281.6, F	0.408	82.749	
7	134.5, F	0.625	82.791	
7	274.9, F	0.49	82.833	
7	68.6, F	0.381	82.874	
7	275.9, F	0.533	82.916	
7	55.1, F	0.292	82.958	
7	28.7, F	0.141	83.000	
7	177.1, F	0.508	83.041	
7	283.8, F	0.101	83.083	
7	298.6, F	0.123	83.125	
7	293.2, F	0.137	83.166	
7	284.4, F	0.136	83.208	
7	272.6, F	0.174	83.250	
7	278.6, F	0.241	83.292	
7	283.6, F	0.183	83.333	
7	88.1, F	0.456	83.375	
7	282.8, F	0.235	83.417	
7	301.5, F	0.215	83.458	
7	129.9, F	0.648	83.500	
7	300.8, F	0.285	83.542	
7	327.0, F	0.296	83.584	
7	198.5, F	0.393	83.625	
7	59.6, F	0.612	83.667	
7	339.5, F	0.425	83.709	
7	211.6, F	0.351	83.750	
7	F	0.334	83.792	
7	56.9, F	0.658	83.834	
7	214.3, F	0.386	83.875	
7	340.0, F	0.43	83.917	
7	217.7, F	0.388	83.959	
7	55.1, F	0.659	84.001	
7	217.5, F	0.411	84.042	
7	335.6, F	0.363	84.084	
7	210.9, F	0.44	84.126	
7	62.3, F	0.637	84.167	
7	212.6, F	0.518	84.209	
7	332.5, F	0.345	84.251	
7	124.5, F	0.631	84.293	
7	331.3, F	0.335	84.334	
7	208.8, F	0.548	84.376	
7	57.1, F	0.765	84.418	
7	348.1, F	0.359	84.459	
7	202.6, F	0.469	84.501	
7	3.2, F	0.375	84.543	
7	190.7, F	0.371	84.584	
7	17.3, F	0.555	84.626	
7	165.8, F	0.302	84.668	
7	149.3, F	0.382	84.710	
7	43.2, F	0.625	84.751	
7	228.0, F	0.577	84.793	
7	39.9, F	0.78	84.835	
7	217.2, F	0.541	84.876	
7	116.9, F	0.606	84.918	
7	345.2, F	0.392	84.960	
7	193.7, F	0.36	85.002	
7	23.4, F	0.514	85.043	
7	150.7, F	0.325	85.085	
7	19.7, F	0.581	85.127	
7	145.9, F	0.289	85.168	
7	244.7, F	0.997	85.210	
7	10.9, F	0.444	85.252	
7	181.7, F	0.205	85.294	
7	175.3, F	0.158	85.335	
7	13.2, F	0.454	85.377	
7	158.2, F	0.315	85.419	
7	148.2, F	0.34	85.460	
7	43.0, F	0.456	85.502	
7	141.1, F	0.536	85.544	
7	291.9, F	0.402	85.585	
7	71.1, F	0.549	85.627	
7	205.8, F	0.775	85.669	
7	243.6, F	0.295	85.711	
7	105.5, F	0.612	85.752	
7	213.5, F	0.281	85.794	
7	354.1, F	0.827	85.836	
7	183.2, F	0.321	85.877	
7	176.3, F	0.372	85.919	
7	12.5, F	0.745	85.961	
7	173.7, F	0.422	86.003	
7	177.4, F	0.329	86.044	
7	7.3, F	0.711	86.086	
7	178.9, F	0.424	86.128	
7	173.5, F	0.326	86.169	
7	3.6, F	0.912	86.211	
7	190.8, F	0.262	86.253	
7	194.0, F	0.26	86.295	
7	196.2, F	0.248	86.336	
7	180.0, F	0.141	86.378	
7	0.9, F	0.927	86.420	
7	154.5, F	0.095	86.461	
7	None	0	86.503	
7	None	0	86.545	0.08400000000000318
7	73.8, F	0.107	86.587	
7	None	0	86.628	
7	None	0	86.670	0.08400000000000318
7	176.7, F	0.189	86.712	
7	201.8, F	0.151	86.753	
7	208.6, F	0.253	86.795	
7	226.6, F	0.259	86.837	
7	232.2, F	0.277	86.878	
7	341.7, F	0.835	86.920	
7	110.8, F	0.649	86.962	
7	213.6, F	0.25	87.004	
7	188.8, F	0.189	87.045	
7	165.6, F	0.204	87.087	
7	358.9, F	0.849	87.129	
7	145.8, F	0.292	87.170	
7	148.1, F	0.354	87.212	
7	143.2, F	0.341	87.254	
7	152.4, F	0.363	87.296	
7	312.8, F	0.923	87.337	
7	142.0, F	0.432	87.379	
7	19.6, F	0.709	87.421	
7	142.5, F	0.437	87.462	
7	236.3, F	0.565	87.504	
7	29.3, F	0.635	87.546	
7	224.8, F	0.634	87.587	
7	148.5, F	0.578	87.629	
7	30.1, F	0.644	87.671	
7	222.0, F	0.604	87.713	
7	32.9, F	0.636	87.754	
7	222.6, F	0.595	87.796	
7	34.9, F	0.679	87.838	
7	221.2, F	0.585	87.879	
7	33.1, F	0.671	87.921	
7	215.8, F	0.603	87.963	
7	36.3, F	0.619	88.005	
7	220.2, F	0.536	88.046	
7	135.7, F	0.586	88.088	
7	330.7, F	0.711	88.130	
7	137.0, F	0.582	88.171	
7	327.8, F	0.692	88.213	
7	138.3, F	0.599	88.255	
7	325.0, F	0.727	88.297	
7	135.6, F	0.52	88.338	
7	222.0, F	0.566	88.380	
7	24.9, F	0.777	88.422	
7	225.6, F	0.639	88.463	
7	144.0, F	0.478	88.505	
7	316.9, F	0.798	88.547	
7	148.3, F	0.469	88.588	
7	18.8, F	0.806	88.630	
7	140.3, F	0.393	88.672	
7	240.9, F	0.624	88.714	
7	19.0, F	0.929	88.755	
7	119.6, F	0.342	88.797	
7	241.6, F	0.573	88.839	
7	121.5, F	0.31	88.880	
7	248.7, F	0.639	88.922	
7	124.7, F	0.274	88.964	
7	11.9, F	0.93	89.006	
7	148.5, F	0.345	89.047	
7	243.9, F	0.678	89.089	
7	149.9, F	0.359	89.131	
7	13.9, F	0.773	89.172	
7	161.1, F	0.374	89.214	
7	160.8, F	0.382	89.256	
7	307.1, F	1.029	89.298	
7	173.2, F	0.378	89.339	
7	184.2, F	0.491	89.381	
7	359.0, F	0.617	89.423	
7	182.3, F	0.47	89.464	
7	355.1, F	0.566	89.506	
7	190.5, F	0.546	89.548	
7	348.0, F	0.452	89.590	
7	129.6, F	0.971	89.631	
7	338.8, F	0.39	89.673	
7	199.6, F	0.935	89.715	
7	304.5, F	0.348	89.756	
7	73.6, F	0.539	89.798	
7	271.4, F	0.37	89.840	
7	254.5, F	0.371	89.881	
7	103.4, F	0.437	89.923	
7	242.8, F	0.593	89.965	
7	124.6, F	0.472	90.007	
7	314.7, F	0.606	90.048	
7	128.6, F	0.536	90.090	
7	289.1, F	0.531	90.132	
7	148.1, F	0.651	90.173	
7	98.5, F	0.285	90.215	
7	253.4, F	0.483	90.257	
7	97.6, F	0.354	90.299	
7	250.4, F	0.495	90.340	
7	115.0, F	0.469	90.382	
7	331.7, F	0.87	90.424	
7	133.2, F	0.542	90.465	
7	134.0, F	0.552	90.507	
7	325.7, F	0.75	90.549	
7	132.7, F	0.6	90.590	
7	224.7, F	0.585	90.632	
7	33.1, F	0.751	90.674	
7	205.9, F	0.682	90.716	
7	330.5, F	0.524	90.757	
7	139.0, F	0.883	90.799	
7	328.6, F	0.46	90.841	
7	317.4, F	0.39	90.882	
7	149.6, F	0.896	90.924	
7	316.0, F	0.446	90.966	
7	306.7, F	0.387	91.008	
7	85.6, F	0.388	91.049	
7	203.6, F	1.106	91.091	
7	27.2, F	1.031	91.133	
7	262.1, F	0.54	91.174	
7	101.6, F	0.298	91.216	
7	120.6, F	0.302	91.258	
7	258.0, F	0.588	91.300	
7	122.9, F	0.337	91.341	
7	126.6, F	0.467	91.383	
7	247.4, F	0.506	91.425	
7	38.9, F	0.624	91.466	
7	228.0, F	0.491	91.508	
7	59.2, F	0.607	91.550	
7	201.8, F	0.491	91.591	
7	299.6, F	0.144	91.633	
7	None	0	91.675	
7	None	0	91.717	0.08299999999999841
7	109.0, F	0.095	91.758	
7	None	0	91.800	0.04200000000000159
7	82.5, F	0.137	91.842	
7	87.5, F	0.205	91.883	
7	92.6, F	0.199	91.925	
7	80.7, F	0.353	91.967	
7	212.9, F	0.771	92.009	
7	60.3, F	0.434	92.050	
7	296.0, F	0.437	92.092	
7	58.7, F	0.51	92.134	
7	220.8, F	0.62	92.175	
7	47.8, F	0.588	92.217	
7	325.9, F	0.562	92.259	
7	103.1, F	0.387	92.301	
7	255.4, F	0.286	92.342	
7	79.4, F	0.516	92.384	
7	299.7, F	0.214	92.426	
7	313.5, F	0.167	92.467	
7	318.4, F	0.226	92.509	
7	334.3, F	0.434	92.551	
7	130.1, F	0.867	92.593	
7	342.3, F	0.534	92.634	
7	195.5, F	0.509	92.676	
7	351.6, F	0.763	92.718	
7	194.5, F	0.352	92.759	
7	188.1, F	0.361	92.801	
7	41.2, F	1.06	92.843	
7	186.3, F	0.517	92.884	
7	350.9, F	0.7	92.926	
7	191.7, F	0.385	92.968	
7	218.0, F	0.32	93.010	
7	217.6, F	0.29	93.051	
7	341.2, F	0.967	93.093	
7	99.4, F	0.55	93.135	
7	261.6, F	0.293	93.176	
7	74.4, F	0.361	93.218	
7	272.7, F	0.422	93.260	
7	82.1, F	0.336	93.302	
7	252.5, F	0.352	93.343	
7	52.3, F	0.587	93.385	
7	214.4, F	0.548	93.427	
7	311.0, F	0.352	93.468	
7	47.0, F	0.716	93.510	
7	238.5, F	0.303	93.552	
7	258.1, F	0.248	93.593	
7	82.8, F	0.58	93.635	
7	306.8, F	0.144	93.677	
7	353.7, F	0.366	93.719	
7	359.2, F	0.441	93.760	
7	173.8, F	0.537	93.802	
7	2.7, F	0.489	93.844	
7	7.8, F	0.641	93.885	
7	157.3, F	0.349	93.927	
7	125.4, F	0.217	93.969	
7	70.7, F	0.263	94.011	
7	50.6, F	0.411	94.052	
7	317.3, F	0.367	94.094	
7	335.9, F	0.496	94.136	
7	107.8, F	0.774	94.177	
7	None	0	94.219	0.04200000000000159
7	10.0, F	0.935	94.261	
7	61.3, F	0.356	94.303	
7	195.1, F	0.817	94.344	
7	65.1, F	1.046	94.386	
7	10.1, F	0.422	94.428	
7	157.5, F	0.657	94.469	
7	324.1, F	0.484	94.511	
7	66.7, F	1.168	94.553	
7	164.6, F	0.672	94.594	
7	321.5, F	0.559	94.636	
7	123.7, F	0.924	94.678	
7	6.4, F	0.73	94.720	
7	146.1, F	0.418	94.761	
7	15.6, F	1.025	94.803	
7	214.1, F	0.455	94.845	
7	116.5, F	0.983	94.886	
7	163.6, F	0.462	94.928	
7	13.7, F	0.524	94.970	
7	155.4, F	0.65	95.012	
7	320.7, F	0.546	95.053	
7	138.2, F	0.949	95.095	
7	319.8, F	0.253	95.137	
7	335.6, F	0.281	95.178	
7	None	0	95.220	0.04200000000000159
7	112.3, F	0.137	95.262	
7	123.9, F	0.169	95.304	
7	61.1, F	0.252	95.345	
7	110.3, F	0.352	95.387	
7	256.6, F	0.492	95.429	
7	82.2, F	0.348	95.470	
7	280.2, F	0.599	95.512	
7	114.9, F	0.285	95.554	
7	114.8, F	0.162	95.596	
7	109.6, F	0.096	95.637	
7	None	0	95.679	0.04200000000000159
7	295.6, F	0.227	95.721	
7	289.1, F	0.424	95.762	
7	284.0, F	0.602	95.804	
7	51.1, F	0.194	95.846	
7	301.8, F	0.264	95.887	
7	203.2, F	0.987	95.929	
7	287.0, F	0.63	95.971	
7	9.4, F	0.232	96.013	
7	315.0, F	0.342	96.054	
7	307.2, F	0.409	96.096	
7	203.8, F	0.755	96.138	
7	49.9, F	0.416	96.179	
7	292.4, F	0.8	96.221	
7	12.2, F	0.288	96.263	
7	180.6, F	0.695	96.305	
7	329.5, F	0.317	96.346	
7	291.8, F	0.421	96.388	
7	56.1, F	0.401	96.430	
7	212.3, F	0.985	96.471	
7	32.2, F	0.371	96.513	
7	350.8, F	0.263	96.555	
7	344.8, F	0.306	96.596	
7	185.9, F	0.772	96.638	
7	337.0, F	0.238	96.680	
7	322.2, F	0.356	96.722	
