3	217.9, F	0.409	0.042	
3	214.5, F	0.781	0.083	
3	117.5, F	0.23	0.125	
3	155.6, F	0.628	0.167	
3	276.9, F	1.571	0.209	
3	70.0, F	0.322	0.250	
3	199.5, F	1.211	0.292	
3	303.3, F	1.023	0.334	
3	54.6, F	0.47	0.375	
3	239.5, F	1.092	0.417	
3	243.7, F	1.261	0.459	
3	49.5, F	0.437	0.500	
3	294.5, F	0.645	0.542	
3	165.9, F	0.865	0.584	
3	278.5, F	0.539	0.626	
3	272.5, F	0.738	0.667	
3	263.7, F	0.209	0.709	
3	258.6, F	0.531	0.751	
3	263.5, F	0.712	0.792	
3	269.8, F	1.068	0.834	
3	273.2, F	0.59	0.876	
3	223.4, F	0.151	0.918	
3	278.9, F	0.836	0.959	
3	None	0	1.001	0.04200000000000004
3	301.6, F	0.275	1.043	
3	275.1, F	0.496	1.084	
3	79.8, F	0.146	1.126	
3	None	0	1.168	0.04200000000000004
3	259.5, F	0.275	1.210	
3	250.4, F	0.772	1.251	
3	206.1, F	0.665	1.293	
3	311.6, F	0.533	1.335	
3	299.1, F	0.602	1.376	
3	166.4, F	0.823	1.418	
3	228.3, F	0.257	1.460	
3	230.1, F	0.369	1.502	
3	226.8, F	1.079	1.543	
3	None	0	1.585	0.04200000000000004
3	236.6, F	1.145	1.627	
3	272.3, F	0.275	1.668	
3	239.7, F	0.723	1.710	
3	194.7, F	0.549	1.752	
3	277.2, F	1.015	1.793	
3	260.1, F	0.245	1.835	
3	263.3, F	0.622	1.877	
3	169.1, F	0.143	1.919	
3	229.3, F	0.42	1.960	
3	231.3, F	0.542	2.002	
3	257.7, F	0.744	2.044	
3	358.1, F	0.763	2.085	
3	285.4, F	0.403	2.127	
3	352.7, F	0.323	2.169	
3	212.6, F	0.334	2.211	
3	337.4, F	1.086	2.252	
3	306.0, F	1.186	2.294	
3	319.8, F	0.307	2.336	
3	333.0, F	0.689	2.377	
3	91.5, F	0.622	2.419	
3	314.5, F	1.136	2.461	
3	356.0, F	0.186	2.502	
3	327.7, F	0.454	2.544	
3	329.6, F	0.656	2.586	
3	275.6, F	0.868	2.628	
3	334.8, F	0.326	2.669	
3	321.1, F	0.654	2.711	
3	152.3, F	0.185	2.753	
3	288.5, F	0.662	2.794	
3	290.8, F	1.062	2.836	
3	310.9, F	0.44	2.878	
3	4.8, F	0.322	2.920	
3	234.9, F	1.091	2.961	
3	326.8, F	0.53	3.003	
3	233.0, F	1.027	3.045	
3	334.4, F	0.519	3.086	
3	296.0, F	1.279	3.128	
3	231.4, F	0.689	3.170	
3	188.6, F	0.273	3.212	
3	343.8, F	0.908	3.253	
3	279.3, F	0.869	3.295	
3	350.5, F	0.395	3.337	
3	249.0, F	0.195	3.378	
3	301.1, F	0.445	3.420	
3	305.2, F	0.949	3.462	
3	358.3, F	0.904	3.503	
3	323.5, F	0.36	3.545	
3	226.3, F	0.336	3.587	
3	10.7, F	1.374	3.629	
3	263.9, F	0.713	3.670	
3	6.0, F	0.459	3.712	
3	11.3, F	0.872	3.754	
3	5.4, F	1.024	3.795	
3	21.8, F	0.623	3.837	
3	4.0, F	1.134	3.879	
3	250.8, F	0.785	3.921	
3	9.4, F	1.692	3.962	
3	21.3, F	0.276	4.004	
3	20.1, F	0.767	4.046	
3	23.5, F	0.256	4.087	
3	325.8, F	1.373	4.129	
3	5.3, F	0.477	4.171	
3	128.9, F	0.126	4.213	
3	339.3, F	0.335	4.254	
3	345.6, F	1.076	4.296	
3	313.8, F	0.676	4.338	
3	103.4, F	0.534	4.379	
3	324.2, F	1.205	4.421	
3	349.0, F	1.105	4.463	
3	241.7, F	0.437	4.505	
3	11.0, F	0.997	4.546	
3	327.0, F	0.568	4.588	
3	316.2, F	0.856	4.630	
3	319.6, F	1.631	4.671	
3	86.4, F	0.738	4.713	
3	294.9, F	0.946	4.755	
3	356.4, F	1.873	4.796	
3	280.3, F	0.656	4.838	
3	318.6, F	1.055	4.880	
3	350.6, F	0.488	4.922	
3	351.9, F	1.646	4.963	
3	294.1, F	0.37	5.005	
3	44.5, F	1.049	5.047	
3	289.4, F	0.523	5.088	
3	30.6, F	0.871	5.130	
3	280.2, F	0.676	5.172	
3	31.7, F	1.017	5.214	
3	284.6, F	0.562	5.255	
3	26.3, F	1.455	5.297	
3	352.6, F	0.991	5.339	
3	27.0, F	0.613	5.380	
3	16.0, F	0.348	5.422	
3	23.9, F	1.847	5.464	
3	320.9, F	0.349	5.505	
3	4.5, F	1.01	5.547	
3	26.9, F	0.574	5.589	
3	33.2, F	1.062	5.631	
3	348.3, F	1.256	5.672	
3	95.7, F	0.882	5.714	
3	344.0, F	0.388	5.756	
3	355.5, F	1.442	5.797	
3	357.8, F	0.92	5.839	
3	337.9, F	0.354	5.881	
3	224.7, F	0.243	5.923	
3	352.3, F	1.797	5.964	
3	67.8, F	0.5	6.006	
3	317.1, F	0.997	6.048	
3	23.0, F	0.213	6.089	
3	341.4, F	1.29	6.131	
3	245.4, F	0.675	6.173	
3	1.8, F	1.173	6.215	
3	227.0, F	0.198	6.256	
3	335.9, F	2.284	6.298	
3	348.4, F	0.888	6.340	
3	293.4, F	0.72	6.381	
3	56.7, F	0.129	6.423	
3	341.7, F	1.483	6.465	
3	321.9, F	1.159	6.506	
3	17.0, F	0.578	6.548	
3	281.9, F	0.179	6.590	
3	327.7, F	1.171	6.632	
3	295.6, F	1.004	6.673	
3	354.6, F	2.15	6.715	
3	260.5, F	0.298	6.757	
3	328.2, F	1.234	6.798	
3	359.9, F	1.211	6.840	
3	338.4, F	0.755	6.882	
3	12.0, F	0.81	6.924	
3	332.0, F	0.497	6.965	
3	33.1, F	1.545	7.007	
3	194.0, F	0.219	7.049	
3	356.0, F	1.297	7.090	
3	6.7, F	0.755	7.132	
3	358.2, F	1.336	7.174	
3	183.5, F	0.131	7.216	
3	27.8, F	0.878	7.257	
3	339.6, F	1.5	7.299	
3	9.9, F	0.752	7.341	
3	355.2, F	0.912	7.382	
3	96.7, F	0.497	7.424	
3	9.0, F	1.874	7.466	
3	259.4, F	2.026	7.507	
3	37.3, F	0.764	7.549	
3	358.1, F	0.648	7.591	
3	348.5, F	1.163	7.633	
3	284.9, F	0.948	7.674	
3	None	0	7.716	0.041999999999999815
3	0.8, F	0.645	7.758	
3	336.2, F	1.944	7.799	
3	317.2, F	1.334	7.841	
3	None	0	7.883	0.041999999999999815
3	352.0, F	0.857	7.925	
3	304.1, F	1.424	7.966	
3	289.3, F	0.781	8.008	
3	326.0, F	1.193	8.050	
3	13.3, F	0.723	8.091	
3	343.3, F	1.212	8.133	
3	288.8, F	0.97	8.175	
3	7.5, F	0.933	8.217	
3	292.4, F	0.763	8.258	
3	307.6, F	1.219	8.300	
3	33.3, F	1.97	8.342	
3	4.2, F	0.203	8.383	
3	338.1, F	0.541	8.425	
3	344.3, F	0.953	8.467	
3	345.9, F	1.506	8.508	
3	299.8, F	0.579	8.550	
3	13.7, F	0.457	8.592	
3	34.2, F	0.742	8.634	
3	321.0, F	1.254	8.675	
3	348.1, F	0.441	8.717	
3	97.3, F	0.111	8.759	
3	353.8, F	1.134	8.800	
3	332.6, F	0.81	8.842	
3	74.5, F	0.239	8.884	
3	297.4, F	1.162	8.926	
3	334.8, F	1.522	8.967	
3	11.3, F	0.867	9.009	
3	300.6, F	0.407	9.051	
3	230.8, F	0.759	9.092	
3	342.1, F	1.371	9.134	
3	287.2, F	0.864	9.176	
3	171.9, F	0.141	9.218	
3	348.6, F	1.236	9.259	
3	264.0, F	0.842	9.301	
3	330.7, F	0.303	9.343	
3	345.2, F	0.75	9.384	
3	94.7, F	0.368	9.426	
3	310.7, F	1.14	9.468	
3	356.1, F	1.164	9.509	
3	326.9, F	0.666	9.551	
3	277.7, F	0.374	9.593	
3	18.4, F	0.867	9.635	
3	8.4, F	0.308	9.676	
3	359.9, F	0.999	9.718	
3	336.3, F	0.613	9.760	
3	346.0, F	0.729	9.801	
3	341.1, F	1.151	9.843	
3	221.9, F	1.106	9.885	
3	13.5, F	0.986	9.927	
3	11.7, F	0.836	9.968	
3	332.0, F	0.196	10.010	
3	355.0, F	0.602	10.052	
3	350.1, F	1.001	10.093	
3	338.5, F	0.711	10.135	
3	263.2, F	0.633	10.177	
3	24.9, F	0.455	10.219	
3	15.9, F	0.851	10.260	
3	303.0, F	1.276	10.302	
3	72.2, F	0.724	10.344	
3	327.6, F	0.681	10.385	
3	261.6, F	0.863	10.427	
3	343.8, F	1.423	10.469	
3	240.9, F	0.875	10.511	
3	355.5, F	0.944	10.552	
3	305.5, F	0.549	10.594	
3	295.5, F	0.378	10.636	
3	275.5, F	0.909	10.677	
3	345.5, F	0.585	10.719	
3	307.5, F	1.023	10.761	
3	291.1, F	0.947	10.802	
3	355.8, F	0.885	10.844	
3	300.6, F	0.46	10.886	
3	239.4, F	0.491	10.928	
3	353.4, F	1.039	10.969	
3	319.3, F	0.411	11.011	
3	207.8, F	0.39	11.053	
3	338.1, F	0.961	11.094	
3	91.6, F	0.144	11.136	
3	285.2, F	0.996	11.178	
3	343.7, F	0.575	11.220	
3	94.5, F	0.89	11.261	
3	317.4, F	0.477	11.303	
3	343.6, F	0.632	11.345	
3	278.1, F	0.207	11.386	
3	319.7, F	0.426	11.428	
3	48.0, F	1.355	11.470	
3	333.5, F	0.305	11.511	
3	341.3, F	0.561	11.553	
3	None	0	11.595	0.041999999999999815
3	11.8, F	0.633	11.637	
3	68.9, F	0.192	11.678	
3	30.1, F	0.394	11.720	
3	25.6, F	0.695	11.762	
3	297.9, F	0.783	11.803	
3	21.7, F	0.878	11.845	
3	51.4, F	0.252	11.887	
3	293.6, F	0.897	11.929	
3	15.7, F	1.055	11.970	
3	51.6, F	0.272	12.012	
3	16.4, F	0.365	12.054	
3	153.5, F	0.265	12.095	
3	None	0	12.137	0.041999999999999815
3	355.0, F	0.162	12.179	
3	345.2, F	0.2	12.221	
3	322.1, F	0.288	12.262	
3	303.7, F	0.566	12.304	
3	219.6, F	1.013	12.346	
3	37.4, F	0.385	12.387	
3	17.3, F	0.384	12.429	
3	354.1, F	0.359	12.471	
3	173.8, F	0.528	12.512	
3	354.0, F	0.486	12.554	
3	172.4, F	0.521	12.596	
3	294.7, F	1.188	12.638	
3	115.9, F	1.217	12.679	
3	291.2, F	1.001	12.721	
3	163.8, F	0.55	12.763	
3	10.9, F	0.371	12.804	
3	12.7, F	0.331	12.846	
3	173.5, F	0.646	12.888	
3	16.4, F	0.337	12.930	
3	6.4, F	0.313	12.971	
3	176.1, F	0.65	13.013	
3	6.1, F	0.328	13.055	
3	7.7, F	0.238	13.096	
3	178.9, F	0.715	13.138	
3	4.9, F	0.236	13.180	
3	353.5, F	0.203	13.222	
3	341.7, F	0.198	13.263	
3	188.0, F	0.746	13.305	
3	332.7, F	0.142	13.347	
3	326.8, F	0.152	13.388	
3	314.7, F	0.142	13.430	
3	297.1, F	0.097	13.472	
3	None	0	13.513	0.041999999999999815
3	336.8, F	0.129	13.555	
3	320.6, F	0.115	13.597	
3	330.0, F	0.188	13.639	
3	134.1, F	1.26	13.680	
3	309.1, F	0.213	13.722	
3	309.0, F	0.218	13.764	
3	290.7, F	0.313	13.805	
3	283.6, F	0.401	13.847	
3	86.4, F	0.558	13.889	
3	280.0, F	0.443	13.931	
3	82.9, F	0.422	13.972	
3	273.4, F	0.619	14.014	
3	79.1, F	0.338	14.056	
3	274.8, F	0.639	14.097	
3	163.7, F	0.989	14.139	
3	83.5, F	0.229	14.181	
3	74.0, F	0.196	14.223	
3	272.1, F	0.747	14.264	
3	71.3, F	0.196	14.306	
3	78.5, F	0.2	14.348	
3	58.0, F	0.185	14.389	
3	54.6, F	0.2	14.431	
3	275.2, F	0.878	14.473	
3	47.4, F	0.166	14.514	
3	49.3, F	0.178	14.556	
3	57.5, F	0.169	14.598	
3	58.3, F	0.154	14.640	
3	47.0, F	0.125	14.681	
3	176.0, F	0.904	14.723	
3	17.0, F	0.123	14.765	
3	None	0	14.806	
3	None	0	14.848	
3	None	0	14.890	0.12600000000000122
3	275.4, F	0.983	14.932	
3	359.4, F	0.1	14.973	
3	343.1, F	0.093	15.015	
3	None	0	15.057	0.04100000000000037
3	87.9, F	0.96	15.098	
3	None	0	15.140	
3	None	0	15.182	
3	None	0	15.224	
3	None	0	15.265	0.16699999999999982
3	186.8, F	1.052	15.307	
3	352.3, F	0.98	15.349	
3	234.5, F	0.15	15.390	
3	219.3, F	0.172	15.432	
3	218.8, F	0.177	15.474	
3	216.6, F	0.204	15.515	
3	101.3, F	0.913	15.557	
3	209.1, F	0.235	15.599	
3	199.0, F	0.24	15.641	
3	353.3, F	0.681	15.682	
3	194.3, F	0.292	15.724	
3	190.8, F	0.336	15.766	
3	346.6, F	0.709	15.807	
3	218.6, F	0.388	15.849	
3	232.5, F	0.461	15.891	
3	35.1, F	0.787	15.933	
3	251.8, F	0.985	15.974	
3	202.5, F	0.319	16.016	
3	232.2, F	0.398	16.058	
3	29.7, F	0.877	16.099	
3	288.9, F	1.196	16.141	
3	343.5, F	0.677	16.183	
3	71.9, F	0.557	16.225	
3	264.5, F	1.025	16.266	
3	7.2, F	0.889	16.308	
3	338.8, F	0.23	16.350	
3	358.4, F	0.864	16.391	
3	334.2, F	0.374	16.433	
3	351.2, F	1.292	16.475	
3	93.1, F	0.986	16.517	
3	350.3, F	0.449	16.558	
3	4.3, F	1.028	16.600	
3	4.6, F	1.511	16.642	
3	297.7, F	0.901	16.683	
3	18.7, F	1.229	16.725	
3	30.6, F	1.281	16.767	
3	348.3, F	1.366	16.808	
3	None	0	16.850	0.04199999999999804
3	328.4, F	0.454	16.892	
3	40.7, F	1.282	16.934	
3	341.1, F	0.864	16.975	
3	299.5, F	0.467	17.017	
3	52.3, F	0.551	17.059	
3	340.3, F	1.177	17.100	
3	17.7, F	1.16	17.142	
3	240.4, F	0.827	17.184	
3	5.2, F	1.149	17.226	
3	359.8, F	0.592	17.267	
3	337.7, F	0.785	17.309	
3	293.7, F	0.68	17.351	
3	10.6, F	0.929	17.392	
3	350.1, F	0.59	17.434	
3	344.2, F	2.061	17.476	
3	300.0, F	0.93	17.517	
3	355.0, F	0.252	17.559	
3	345.4, F	1.145	17.601	
3	327.5, F	1.423	17.643	
3	357.1, F	0.851	17.684	
3	323.3, F	0.602	17.726	
3	253.1, F	0.484	17.768	
3	22.7, F	0.814	17.809	
3	None	0	17.851	0.04200000000000159
3	335.9, F	0.587	17.893	
3	257.7, F	0.375	17.935	
3	321.2, F	1.029	17.976	
3	57.1, F	0.385	18.018	
3	23.2, F	0.685	18.060	
3	322.9, F	1.453	18.101	
3	28.4, F	0.136	18.143	
3	1.3, F	0.771	18.185	
3	339.4, F	0.449	18.227	
3	358.9, F	0.988	18.268	
3	344.7, F	1.092	18.310	
3	37.8, F	1.145	18.352	
3	309.9, F	0.368	18.393	
3	343.6, F	1.043	18.435	
3	345.4, F	1.674	18.477	
3	59.4, F	0.53	18.518	
3	325.8, F	1.192	18.560	
3	25.4, F	0.815	18.602	
3	4.3, F	0.945	18.644	
3	7.3, F	0.444	18.685	
3	1.4, F	0.984	18.727	
3	356.0, F	0.439	18.769	
3	348.0, F	0.545	18.810	
3	349.5, F	1.018	18.852	
3	342.0, F	0.469	18.894	
3	317.4, F	0.102	18.936	
3	353.6, F	1.239	18.977	
3	350.6, F	0.964	19.019	
3	333.1, F	0.502	19.061	
3	29.0, F	1.393	19.102	
3	336.3, F	1.617	19.144	
3	33.5, F	0.348	19.186	
3	315.1, F	1.471	19.228	
3	353.5, F	0.699	19.269	
3	21.0, F	1.25	19.311	
3	325.2, F	1.042	19.353	
3	46.1, F	0.523	19.394	
3	322.4, F	1.147	19.436	
3	10.8, F	0.991	19.478	
3	2.8, F	0.444	19.520	
3	152.2, F	0.105	19.561	
3	9.5, F	0.394	19.603	
3	8.2, F	1.335	19.645	
3	323.5, F	1.14	19.686	
3	42.7, F	0.587	19.728	
3	75.0, F	0.394	19.770	
3	343.9, F	1.289	19.811	
3	35.9, F	1.219	19.853	
3	348.9, F	0.773	19.895	
3	350.1, F	0.401	19.937	
3	5.5, F	1.875	19.978	
3	40.4, F	0.745	20.020	
3	48.6, F	0.975	20.062	
3	351.3, F	1.252	20.103	
3	351.7, F	1.65	20.145	
3	326.8, F	0.356	20.187	
3	354.4, F	0.914	20.229	
3	67.3, F	0.834	20.270	
3	354.3, F	0.584	20.312	
3	348.9, F	1.193	20.354	
3	339.3, F	0.748	20.395	
3	284.9, F	0.522	20.437	
3	9.6, F	0.962	20.479	
3	338.3, F	0.302	20.520	
3	335.6, F	0.571	20.562	
3	260.1, F	0.564	20.604	
3	351.5, F	0.143	20.646	
3	317.1, F	0.633	20.687	
3	314.1, F	0.9	20.729	
3	151.1, F	0.271	20.771	
3	283.6, F	0.587	20.812	
3	286.5, F	0.83	20.854	
3	45.4, F	1.367	20.896	
3	94.6, F	0.198	20.938	
3	16.2, F	0.705	20.979	
3	None	0	21.021	0.04199999999999804
3	313.6, F	0.18	21.063	
3	329.4, F	0.45	21.104	
3	327.9, F	1.055	21.146	
3	116.3, F	0.251	21.188	
3	271.7, F	0.862	21.230	
3	36.9, F	0.156	21.271	
3	346.0, F	0.243	21.313	
3	189.6, F	0.759	21.355	
3	322.1, F	0.356	21.396	
3	68.5, F	0.708	21.438	
3	296.2, F	0.503	21.480	
3	209.2, F	0.889	21.521	
3	74.8, F	0.468	21.563	
3	279.5, F	0.509	21.605	
3	99.1, F	0.409	21.647	
3	233.4, F	0.604	21.688	
3	136.7, F	0.674	21.730	
3	282.8, F	0.447	21.772	
3	132.2, F	0.82	21.813	
3	207.8, F	0.755	21.855	
3	81.4, F	0.59	21.897	
3	253.4, F	0.314	21.939	
3	195.7, F	0.844	21.980	
3	88.7, F	0.629	22.022	
3	238.6, F	0.367	22.064	
3	223.1, F	0.328	22.105	
3	195.3, F	0.824	22.147	
3	94.7, F	0.759	22.189	
3	236.4, F	0.204	22.231	
3	204.9, F	0.396	22.272	
3	357.4, F	0.326	22.314	
3	176.9, F	0.745	22.356	
3	341.4, F	0.11	22.397	
3	None	0	22.439	0.04200000000000159
3	150.5, F	0.164	22.481	
3	148.0, F	0.226	22.523	
3	142.1, F	0.217	22.564	
3	122.7, F	0.252	22.606	
3	17.8, F	0.91	22.648	
3	254.1, F	0.694	22.689	
3	112.7, F	0.399	22.731	
3	86.3, F	0.492	22.773	
3	319.3, F	0.281	22.814	
3	None	0	22.856	0.04199999999999804
3	11.2, F	0.426	22.898	
3	155.8, F	0.536	22.940	
3	50.4, F	1.036	22.981	
3	192.2, F	0.317	23.023	
3	158.8, F	0.268	23.065	
3	21.9, F	0.88	23.106	
3	86.8, F	0.707	23.148	
3	318.2, F	0.114	23.190	
3	80.6, F	0.209	23.232	
3	71.2, F	0.441	23.273	
3	137.6, F	1.354	23.315	
3	109.1, F	0.116	23.357	
3	109.8, F	0.369	23.398	
3	340.7, F	0.893	23.440	
3	100.4, F	1.441	23.482	
3	207.4, F	0.369	23.523	
3	165.4, F	0.388	23.565	
3	40.6, F	0.361	23.607	
3	144.1, F	1.383	23.649	
3	7.2, F	0.77	23.690	
3	145.3, F	0.505	23.732	
3	141.2, F	1.186	23.774	
3	166.2, F	0.693	23.815	
3	91.6, F	0.209	23.857	
3	142.2, F	0.476	23.899	
3	183.0, F	1.102	23.941	
3	128.8, F	1.738	23.982	
3	191.0, F	0.803	24.024	
3	155.3, F	0.239	24.066	
3	141.5, F	0.797	24.107	
3	123.3, F	1.413	24.149	
3	118.2, F	0.664	24.191	
3	195.1, F	0.549	24.233	
3	89.4, F	0.199	24.274	
3	134.1, F	1.098	24.316	
3	178.3, F	0.923	24.358	
3	None	0	24.399	0.04199999999999804
3	145.0, F	0.454	24.441	
3	100.2, F	0.753	24.483	
3	189.7, F	0.355	24.524	
3	165.6, F	0.723	24.566	
3	68.0, F	0.286	24.608	
3	116.6, F	0.998	24.650	
3	161.2, F	0.54	24.691	
3	88.5, F	0.637	24.733	
3	None	0	24.775	0.04100000000000037
3	137.4, F	0.591	24.816	
3	132.8, F	1.261	24.858	
3	74.9, F	0.417	24.900	
3	197.5, F	0.293	24.942	
3	125.1, F	1.081	24.983	
3	63.1, F	0.342	25.025	
3	90.2, F	1.01	25.067	
3	98.8, F	0.366	25.108	
3	114.9, F	1.719	25.150	
3	348.9, F	0.156	25.192	
3	152.3, F	1.057	25.234	
3	100.9, F	0.95	25.275	
3	144.2, F	0.946	25.317	
3	260.3, F	0.137	25.359	
3	140.0, F	0.308	25.400	
3	51.9, F	0.77	25.442	
3	128.0, F	1.541	25.484	
3	225.7, F	0.458	25.525	
3	126.0, F	1.039	25.567	
3	None	0	25.609	0.04199999999999804
3	136.4, F	1.075	25.651	
3	122.5, F	0.206	25.692	
3	115.7, F	0.617	25.734	
3	191.5, F	0.859	25.776	
3	117.5, F	1.455	25.817	
3	236.3, F	0.474	25.859	
3	129.9, F	1.178	25.901	
3	119.6, F	0.243	25.943	
3	136.3, F	1.342	25.984	
3	156.6, F	0.383	26.026	
3	210.9, F	0.968	26.068	
3	96.4, F	0.701	26.109	
3	154.8, F	0.73	26.151	
3	69.4, F	0.506	26.193	
3	191.2, F	1.303	26.235	
3	70.3, F	1.093	26.276	
3	149.3, F	1.15	26.318	
3	208.0, F	0.16	26.360	
3	8.3, F	0.796	26.401	
3	132.9, F	0.531	26.443	
3	119.4, F	1.089	26.485	
3	354.5, F	0.515	26.526	
3	145.4, F	0.605	26.568	
3	345.4, F	0.704	26.610	
3	102.7, F	1.352	26.652	
3	220.7, F	0.442	26.693	
3	58.2, F	1.024	26.735	
3	155.7, F	0.575	26.777	
3	313.9, F	0.511	26.818	
3	122.5, F	1.239	26.860	
3	24.2, F	0.368	26.902	
3	71.6, F	0.257	26.944	
3	211.1, F	1.208	26.985	
3	101.1, F	0.369	27.027	
3	35.2, F	0.926	27.069	
3	213.7, F	0.562	27.110	
3	194.0, F	1.04	27.152	
3	104.5, F	0.766	27.194	
3	216.7, F	0.469	27.236	
3	346.0, F	0.36	27.277	
3	191.3, F	0.869	27.319	
3	None	0	27.361	0.04100000000000037
3	104.6, F	0.908	27.402	
3	354.4, F	0.572	27.444	
3	174.8, F	0.596	27.486	
3	21.5, F	0.292	27.527	
3	175.7, F	0.548	27.569	
3	34.8, F	0.24	27.611	
3	279.8, F	0.877	27.653	
3	79.3, F	0.222	27.694	
3	90.3, F	0.184	27.736	
3	70.2, F	0.198	27.778	
3	167.9, F	0.894	27.819	
3	289.0, F	0.787	27.861	
3	44.9, F	0.299	27.903	
3	32.5, F	0.434	27.945	
3	60.2, F	0.254	27.986	
3	166.8, F	0.882	28.028	
3	286.5, F	0.813	28.070	
3	42.9, F	0.371	28.111	
3	40.0, F	0.347	28.153	
3	154.5, F	0.728	28.195	
3	295.8, F	0.753	28.237	
3	43.9, F	0.393	28.278	
3	52.3, F	0.401	28.320	
3	220.7, F	1.029	28.362	
3	54.9, F	0.381	28.403	
3	55.7, F	0.384	28.445	
3	287.9, F	0.719	28.487	
3	152.6, F	0.814	28.528	
3	64.2, F	0.359	28.570	
3	282.6, F	0.652	28.612	
3	46.1, F	0.434	28.654	
3	50.2, F	0.359	28.695	
3	158.3, F	0.851	28.737	
3	290.0, F	0.788	28.779	
3	49.8, F	0.432	28.820	
3	53.6, F	0.325	28.862	
3	221.7, F	1.137	28.904	
3	56.4, F	0.348	28.946	
3	45.7, F	0.388	28.987	
3	56.8, F	0.318	29.029	
3	281.2, F	0.86	29.071	
3	173.4, F	0.883	29.112	
3	21.2, F	0.352	29.154	
3	15.8, F	0.327	29.196	
3	12.3, F	0.403	29.238	
3	165.4, F	0.492	29.279	
3	3.5, F	0.517	29.321	
3	156.3, F	0.331	29.363	
3	248.0, F	0.904	29.404	
3	16.6, F	0.635	29.446	
3	157.1, F	0.365	29.488	
3	12.8, F	0.623	29.529	
3	162.0, F	0.352	29.571	
3	161.4, F	0.379	29.613	
3	7.2, F	0.596	29.655	
3	248.3, F	1.107	29.696	
3	106.8, F	1.061	29.738	
3	306.2, F	1.218	29.780	
3	155.2, F	0.162	29.821	
3	None	0	29.863	
3	None	0	29.905	
3	None	0	29.947	
3	None	0	29.988	
3	None	0	30.030	0.20899999999999963
3	88.0, F	0.927	30.072	
3	340.5, F	0.105	30.113	
3	296.8, F	0.122	30.155	
3	298.0, F	0.092	30.197	
3	266.0, F	0.13	30.239	
3	266.8, F	0.141	30.280	
3	273.9, F	0.189	30.322	
3	277.7, F	0.223	30.364	
3	266.4, F	0.241	30.405	
3	96.3, F	0.699	30.447	
3	260.2, F	0.478	30.489	
3	110.5, F	0.403	30.530	
3	266.2, F	0.478	30.572	
3	103.3, F	0.459	30.614	
3	266.4, F	0.52	30.656	
3	101.2, F	0.464	30.697	
3	331.4, F	1.053	30.739	
3	109.3, F	0.348	30.781	
3	265.0, F	0.661	30.822	
3	106.1, F	0.306	30.864	
3	108.7, F	0.249	30.906	
3	110.8, F	0.197	30.948	
3	261.0, F	0.93	30.989	
3	150.4, F	0.146	31.031	
3	155.9, F	0.159	31.073	
3	167.9, F	0.105	31.114	
3	355.9, F	0.877	31.156	
3	222.9, F	0.217	31.198	
3	231.9, F	0.264	31.240	
3	101.7, F	0.694	31.281	
3	254.6, F	0.452	31.323	
3	247.8, F	0.448	31.365	
3	114.2, F	0.424	31.406	
3	322.2, F	1.102	31.448	
3	122.7, F	0.255	31.490	
3	111.4, F	0.189	31.531	
3	85.6, F	0.116	31.573	
3	267.4, F	0.888	31.615	
3	101.7, F	0.108	31.657	
3	61.4, F	0.102	31.698	
3	19.7, F	0.142	31.740	
3	12.2, F	0.133	31.782	
3	21.1, F	0.228	31.823	
3	177.0, F	0.725	31.865	
3	3.5, F	0.248	31.907	
3	8.3, F	0.207	31.949	
3	11.4, F	0.192	31.990	
3	24.4, F	0.221	32.032	
3	172.8, F	0.763	32.074	
3	12.0, F	0.245	32.115	
3	14.9, F	0.229	32.157	
3	9.4, F	0.191	32.199	
3	175.9, F	0.777	32.241	
3	9.8, F	0.223	32.282	
3	284.5, F	1.024	32.324	
3	11.1, F	0.245	32.366	
3	175.1, F	0.759	32.407	
3	157.0, F	2.954	32.449	
3	None	0	32.491	
3	None	0	32.532	
3	None	0	32.574	
3	None	0	32.616	
3	None	0	32.658	0.2079999999999984
3	125.9, F	0.099	32.699	
3	125.7, F	0.096	32.741	
3	116.6, F	0.11	32.783	
3	117.7, F	0.093	32.824	
3	143.0, F	0.131	32.866	
3	6.3, F	0.863	32.908	
3	153.4, F	0.168	32.950	
3	129.7, F	0.283	32.991	
3	255.9, F	0.765	33.033	
3	131.6, F	0.356	33.075	
3	120.8, F	0.417	33.116	
3	35.6, F	0.857	33.158	
3	235.1, F	0.532	33.200	
3	120.2, F	0.607	33.242	
3	329.2, F	0.727	33.283	
3	184.6, F	0.411	33.325	
3	125.4, F	0.449	33.367	
3	346.9, F	0.23	33.408	
3	155.5, F	0.678	33.450	
3	36.3, F	0.841	33.492	
3	238.7, F	0.237	33.533	
3	23.6, F	0.442	33.575	
3	222.9, F	0.547	33.617	
3	111.1, F	0.752	33.659	
3	346.2, F	0.756	33.700	
3	221.9, F	0.331	33.742	
3	206.9, F	0.333	33.784	
3	52.0, F	0.9	33.825	
3	213.3, F	0.607	33.867	
3	210.2, F	0.764	33.909	
3	84.7, F	0.597	33.951	
3	239.4, F	0.573	33.992	
3	237.7, F	0.739	34.034	
3	41.5, F	0.442	34.076	
3	164.7, F	0.844	34.117	
3	93.2, F	0.145	34.159	
3	251.8, F	0.736	34.201	
3	136.1, F	0.444	34.243	
3	60.1, F	0.404	34.284	
3	275.8, F	0.59	34.326	
3	102.7, F	0.644	34.368	
3	223.6, F	0.327	34.409	
3	110.1, F	0.827	34.451	
3	183.6, F	0.269	34.493	
3	180.0, F	0.301	34.535	
3	6.1, F	0.653	34.576	
3	161.8, F	0.279	34.618	
3	156.8, F	0.183	34.660	
3	7.1, F	0.876	34.701	
3	137.9, F	0.167	34.743	
3	261.5, F	0.847	34.785	
3	87.3, F	0.146	34.826	
3	None	0	34.868	0.041999999999994486
3	10.5, F	0.324	34.910	
3	6.4, F	0.37	34.952	
3	169.4, F	0.543	34.993	
3	17.1, F	0.631	35.035	
3	159.8, F	0.385	35.077	
3	15.5, F	0.798	35.118	
3	257.6, F	0.717	35.160	
3	127.2, F	0.365	35.202	
3	123.3, F	0.368	35.244	
3	272.5, F	0.646	35.285	
3	83.1, F	0.432	35.327	
3	84.4, F	0.481	35.369	
3	292.9, F	0.398	35.410	
3	70.0, F	0.65	35.452	
3	322.3, F	0.2	35.494	
3	341.8, F	0.284	35.535	
3	190.0, F	0.626	35.577	
3	341.0, F	0.369	35.619	
3	349.0, F	0.399	35.661	
3	189.5, F	0.523	35.702	
3	62.3, F	0.959	35.744	
3	183.4, F	0.518	35.786	
3	8.3, F	0.4	35.827	
3	177.0, F	0.589	35.869	
3	14.4, F	0.342	35.911	
3	7.5, F	0.353	35.953	
3	235.5, F	1.138	35.994	
3	8.8, F	0.333	36.036	
3	7.3, F	0.314	36.078	
3	174.5, F	0.673	36.119	
3	7.0, F	0.32	36.161	
3	3.1, F	0.31	36.203	
3	175.3, F	0.648	36.245	
3	15.0, F	0.294	36.286	
3	9.3, F	0.234	36.328	
3	5.7, F	0.26	36.370	
3	179.0, F	0.759	36.411	
3	8.2, F	0.239	36.453	
3	19.5, F	0.233	36.495	
3	33.7, F	0.283	36.536	
3	165.0, F	0.737	36.578	
3	31.9, F	0.335	36.620	
3	288.9, F	0.829	36.662	
3	161.8, F	0.687	36.703	
3	29.1, F	0.393	36.745	
3	38.2, F	0.432	36.787	
3	225.3, F	0.849	36.828	
3	46.4, F	0.911	36.870	
3	206.4, F	0.459	36.912	
3	52.1, F	1.013	36.954	
3	209.4, F	0.342	36.995	
3	349.2, F	0.777	37.037	
3	211.6, F	0.269	37.079	
3	204.2, F	0.256	37.120	
3	193.6, F	0.209	37.162	
3	178.9, F	0.254	37.204	
3	0.7, F	0.697	37.246	
3	169.9, F	0.194	37.287	
3	151.5, F	0.162	37.329	
3	140.3, F	0.177	37.371	
3	101.5, F	0.195	37.412	
3	92.7, F	0.316	37.454	
3	22.8, F	1.096	37.496	
3	212.8, F	1.01	37.538	
3	69.8, F	0.451	37.579	
3	292.0, F	0.592	37.621	
3	58.5, F	0.517	37.663	
3	60.2, F	0.475	37.704	
3	224.4, F	0.928	37.746	
3	34.1, F	0.43	37.788	
3	300.4, F	0.957	37.829	
3	148.6, F	0.482	37.871	
3	25.9, F	0.661	37.913	
3	145.7, F	0.474	37.955	
3	124.8, F	0.431	37.996	
3	323.7, F	1.059	38.038	
3	108.9, F	0.373	38.080	
3	275.4, F	0.437	38.121	
3	70.3, F	0.516	38.163	
3	293.4, F	0.447	38.205	
3	67.3, F	0.484	38.247	
3	215.0, F	0.972	38.288	
3	32.4, F	0.54	38.330	
3	32.2, F	0.415	38.372	
3	237.2, F	1.019	38.413	
3	9.0, F	0.447	38.455	
3	7.5, F	0.638	38.497	
3	151.0, F	0.169	38.538	
3	105.8, F	0.232	38.580	
3	71.0, F	0.308	38.622	
3	76.2, F	0.528	38.664	
3	301.8, F	0.349	38.705	
3	331.8, F	0.4	38.747	
3	182.9, F	0.432	38.789	
3	65.0, F	1.207	38.830	
3	239.9, F	0.832	38.872	
3	34.1, F	0.775	38.914	
3	107.6, F	0.662	38.956	
3	202.4, F	0.223	38.997	
3	172.5, F	0.251	39.039	
3	15.7, F	0.717	39.081	
3	134.0, F	0.441	39.122	
3	109.3, F	0.771	39.164	
3	334.7, F	0.498	39.206	
3	187.9, F	0.611	39.248	
3	37.3, F	0.244	39.289	
3	82.8, F	0.527	39.331	
3	197.3, F	1.055	39.373	
3	99.1, F	0.778	39.414	
3	353.2, F	0.764	39.456	
3	168.9, F	0.393	39.498	
3	168.1, F	0.35	39.539	
3	11.2, F	0.472	39.581	
3	167.9, F	0.537	39.623	
3	40.9, F	0.476	39.665	
3	214.5, F	0.741	39.706	
3	60.3, F	0.737	39.748	
3	308.6, F	0.406	39.790	
3	140.8, F	1.071	39.831	
3	304.0, F	0.186	39.873	
3	303.6, F	0.186	39.915	
3	327.0, F	0.112	39.957	
3	None	0	39.998	
3	None	0	40.040	
3	None	0	40.082	0.125
3	129.9, F	0.12	40.123	
3	113.9, F	0.234	40.165	
3	112.7, F	0.212	40.207	
3	115.8, F	0.2	40.249	
3	126.9, F	0.155	40.290	
3	264.4, F	0.843	40.332	
3	128.7, F	0.109	40.374	
3	146.4, F	0.157	40.415	
3	145.0, F	0.146	40.457	
3	6.3, F	0.779	40.499	
3	159.3, F	0.232	40.541	
3	183.5, F	0.196	40.582	
3	188.0, F	0.365	40.624	
3	356.3, F	0.622	40.666	
3	191.2, F	0.429	40.707	
3	189.4, F	0.368	40.749	
3	343.2, F	0.394	40.791	
3	191.9, F	0.599	40.832	
3	343.1, F	0.413	40.874	
3	342.9, F	0.367	40.916	
3	125.4, F	1.024	40.958	
3	338.3, F	0.379	40.999	
3	191.3, F	0.483	41.041	
3	342.4, F	0.404	41.083	
3	195.5, F	0.546	41.124	
3	341.2, F	0.332	41.166	
3	337.5, F	0.355	41.208	
3	126.3, F	1.097	41.250	
3	350.9, F	0.39	41.291	
3	351.5, F	0.358	41.333	
3	188.2, F	0.633	41.375	
3	346.7, F	0.313	41.416	
3	341.1, F	0.213	41.458	
3	190.1, F	0.772	41.500	
3	315.4, F	0.202	41.541	
3	319.0, F	0.154	41.583	
3	None	0	41.625	
3	None	0	41.667	0.08299999999999841
3	132.4, F	0.125	41.708	
3	144.4, F	0.213	41.750	
3	152.3, F	0.333	41.792	
3	158.6, F	0.642	41.833	
3	23.3, F	0.361	41.875	
3	45.0, F	0.372	41.917	
3	217.1, F	1.109	41.959	
3	95.3, F	0.42	42.000	
3	141.3, F	0.465	42.042	
3	305.0, F	0.661	42.084	
3	146.3, F	0.777	42.125	
3	261.3, F	0.304	42.167	
3	92.7, F	0.445	42.209	
3	259.7, F	0.463	42.251	
3	105.7, F	0.317	42.292	
3	266.4, F	0.755	42.334	
3	143.0, F	0.148	42.376	
3	187.8, F	0.229	42.417	
3	349.1, F	0.63	42.459	
3	241.8, F	0.706	42.501	
3	191.6, F	0.229	42.542	
3	343.5, F	0.799	42.584	
3	243.8, F	0.475	42.626	
3	254.7, F	0.22	42.668	
3	277.7, F	0.498	42.709	
3	276.3, F	0.905	42.751	
3	292.1, F	0.22	42.793	
3	287.4, F	0.74	42.834	
3	352.4, F	0.189	42.876	
3	207.9, F	0.756	42.918	
3	295.7, F	0.976	42.960	
3	308.6, F	1.053	43.001	
3	152.7, F	0.1	43.043	
3	232.1, F	0.132	43.085	
3	289.8, F	0.499	43.126	
3	352.6, F	0.17	43.168	
3	332.5, F	0.509	43.210	
3	228.0, F	0.445	43.252	
3	333.8, F	0.714	43.293	
3	89.4, F	0.178	43.335	
3	287.2, F	0.854	43.377	
3	23.3, F	0.311	43.418	
3	353.6, F	0.448	43.460	
3	218.7, F	0.395	43.502	
3	309.5, F	0.447	43.544	
3	18.9, F	0.851	43.585	
3	269.5, F	0.534	43.627	
3	23.2, F	1.17	43.669	
3	31.6, F	0.523	43.710	
3	324.3, F	1.22	43.752	
3	15.9, F	0.545	43.794	
3	4.2, F	0.521	43.835	
3	0.2, F	0.683	43.877	
3	328.9, F	0.224	43.919	
3	345.4, F	0.662	43.961	
3	327.8, F	0.242	44.002	
3	349.9, F	0.574	44.044	
3	249.1, F	0.261	44.086	
3	32.7, F	1.166	44.127	
3	313.1, F	0.673	44.169	
3	246.7, F	0.686	44.211	
3	92.5, F	0.206	44.253	
3	11.5, F	0.277	44.294	
3	346.1, F	0.799	44.336	
3	260.2, F	0.39	44.378	
3	287.3, F	0.73	44.419	
3	2.9, F	0.561	44.461	
3	326.3, F	1.162	44.503	
3	349.4, F	0.358	44.544	
3	239.2, F	0.39	44.586	
3	313.5, F	1.255	44.628	
3	300.4, F	0.815	44.670	
3	205.7, F	0.372	44.711	
3	325.8, F	1.125	44.753	
3	292.7, F	0.926	44.795	
3	258.4, F	0.663	44.836	
3	316.9, F	0.174	44.878	
3	298.7, F	0.404	44.920	
3	303.8, F	0.833	44.962	
3	334.8, F	0.811	45.003	
3	269.9, F	0.619	45.045	
3	64.6, F	0.228	45.087	
3	13.1, F	0.207	45.128	
3	326.9, F	0.93	45.170	
3	277.6, F	0.754	45.212	
3	16.7, F	0.167	45.254	
3	347.1, F	0.446	45.295	
3	277.9, F	0.562	45.337	
3	37.7, F	0.263	45.379	
3	3.4, F	0.544	45.420	
3	201.3, F	0.264	45.462	
3	349.2, F	1.135	45.504	
3	198.9, F	0.768	45.545	
3	323.8, F	0.669	45.587	
3	329.3, F	0.984	45.629	
3	40.5, F	0.601	45.671	
3	130.9, F	0.235	45.712	
3	280.6, F	0.852	45.754	
3	1.4, F	0.743	45.796	
3	353.1, F	1.787	45.837	
3	295.3, F	0.351	45.879	
3	29.9, F	0.905	45.921	
3	296.3, F	0.675	45.963	
3	5.5, F	1.005	46.004	
3	344.1, F	0.23	46.046	
3	225.4, F	0.402	46.088	
3	332.1, F	0.924	46.129	
3	44.8, F	0.355	46.171	
3	306.8, F	1.024	46.213	
3	162.6, F	0.137	46.255	
3	None	0	46.296	0.04200000000000159
3	340.4, F	0.547	46.338	
3	341.9, F	0.886	46.380	
3	102.3, F	0.483	46.421	
3	273.5, F	0.809	46.463	
3	344.8, F	0.865	46.505	
3	288.1, F	0.435	46.547	
3	38.2, F	0.32	46.588	
3	296.2, F	1.123	46.630	
3	303.4, F	0.621	46.672	
3	16.6, F	0.83	46.713	
3	309.0, F	0.141	46.755	
3	302.6, F	0.618	46.797	
3	281.8, F	1.044	46.838	
3	349.0, F	0.618	46.880	
3	342.3, F	0.952	46.922	
3	76.8, F	0.276	46.964	
3	305.5, F	1.187	47.005	
3	273.1, F	0.204	47.047	
3	92.1, F	0.487	47.089	
3	273.3, F	0.548	47.130	
3	56.7, F	0.261	47.172	
3	278.7, F	0.732	47.214	
3	59.4, F	0.202	47.256	
3	21.4, F	0.205	47.297	
3	175.8, F	0.81	47.339	
3	7.0, F	0.189	47.381	
3	358.6, F	0.21	47.422	
3	0.4, F	0.132	47.464	
3	332.8, F	0.262	47.506	
3	189.6, F	0.699	47.547	
3	337.9, F	0.308	47.589	
3	350.4, F	0.324	47.631	
3	1.8, F	0.418	47.673	
3	151.1, F	0.571	47.714	
3	22.9, F	0.488	47.756	
3	127.4, F	0.566	47.798	
3	355.1, F	0.72	47.839	
3	148.2, F	0.275	47.881	
3	137.5, F	0.388	47.923	
3	119.1, F	0.51	47.965	
3	47.3, F	1.31	48.006	
3	136.6, F	0.285	48.048	
3	251.9, F	0.491	48.090	
3	103.7, F	0.919	48.131	
3	122.7, F	0.675	48.173	
3	357.7, F	0.645	48.215	
3	128.4, F	0.425	48.257	
3	114.4, F	0.663	48.298	
3	26.6, F	0.794	48.340	
3	125.0, F	0.691	48.382	
3	120.0, F	0.945	48.423	
3	27.4, F	0.533	48.465	
3	176.8, F	0.652	48.507	
3	31.4, F	0.328	48.548	
3	61.3, F	0.477	48.590	
3	140.1, F	0.937	48.632	
3	0.2, F	0.681	48.674	
3	132.9, F	0.272	48.715	
3	28.9, F	1.034	48.757	
3	100.3, F	0.637	48.799	
3	337.4, F	0.18	48.840	
3	359.0, F	0.408	48.882	
3	176.1, F	0.235	48.924	
3	114.4, F	0.211	48.966	
3	16.4, F	1.219	49.007	
3	238.8, F	0.861	49.049	
3	26.0, F	0.975	49.091	
3	86.4, F	0.479	49.132	
3	333.3, F	0.488	49.174	
3	105.7, F	0.767	49.216	
3	352.9, F	0.932	49.258	
3	20.2, F	0.292	49.299	
3	177.0, F	0.361	49.341	
3	6.9, F	0.821	49.383	
3	90.7, F	0.23	49.424	
3	280.0, F	0.6	49.466	
3	55.0, F	0.58	49.508	
3	38.5, F	0.932	49.550	
3	222.2, F	0.379	49.591	
3	223.9, F	0.258	49.633	
3	195.1, F	0.223	49.675	
3	358.6, F	0.758	49.716	
3	124.9, F	0.322	49.758	
3	118.9, F	0.378	49.800	
3	102.0, F	0.796	49.841	
3	185.9, F	0.353	49.883	
3	12.5, F	0.576	49.925	
3	141.4, F	0.651	49.967	
3	83.9, F	0.749	50.008	
3	None	0	50.050	0.04200000000000159
3	101.2, F	0.169	50.092	
3	123.3, F	0.434	50.133	
3	194.2, F	0.31	50.175	
3	146.9, F	0.542	50.217	
3	73.3, F	0.678	50.259	
3	178.9, F	0.967	50.300	
3	108.2, F	0.858	50.342	
3	61.2, F	1.197	50.384	
3	137.7, F	0.847	50.425	
3	316.0, F	0.199	50.467	
3	104.4, F	0.217	50.509	
3	114.2, F	0.515	50.550	
3	216.0, F	0.56	50.592	
3	125.4, F	1.094	50.634	
3	54.1, F	0.138	50.676	
3	76.6, F	0.268	50.717	
3	106.1, F	0.477	50.759	
3	248.6, F	0.422	50.801	
3	236.9, F	0.326	50.842	
3	111.6, F	0.842	50.884	
3	211.8, F	0.495	50.926	
3	338.7, F	0.383	50.968	
3	326.6, F	0.113	51.009	
3	183.2, F	0.878	51.051	
3	336.6, F	0.121	51.093	
3	92.2, F	0.956	51.134	
3	173.5, F	0.202	51.176	
3	177.5, F	0.228	51.218	
3	0.8, F	0.699	51.260	
3	172.3, F	0.344	51.301	
3	245.3, F	0.946	51.343	
3	10.7, F	0.519	51.385	
3	174.2, F	0.517	51.426	
3	9.1, F	0.349	51.468	
3	175.2, F	0.728	51.510	
3	27.3, F	0.212	51.551	
3	62.7, F	0.144	51.593	
3	40.7, F	0.103	51.635	
3	None	0	51.677	
3	None	0	51.718	
3	None	0	51.760	
3	None	0	51.802	0.16600000000000392
3	210.8, F	0.164	51.843	
3	237.2, F	0.137	51.885	
3	221.7, F	0.135	51.927	
3	227.3, F	0.177	51.969	
3	250.6, F	0.28	52.010	
3	237.2, F	0.354	52.052	
3	110.2, F	0.588	52.094	
3	312.7, F	0.788	52.135	
3	162.4, F	0.599	52.177	
3	15.0, F	0.393	52.219	
3	237.5, F	1.11	52.261	
3	13.5, F	0.376	52.302	
3	354.3, F	0.291	52.344	
3	188.0, F	0.638	52.386	
3	337.6, F	0.333	52.427	
3	66.5, F	0.834	52.469	
3	216.0, F	0.836	52.511	
3	287.3, F	0.598	52.552	
3	54.2, F	0.366	52.594	
3	25.8, F	0.283	52.636	
3	233.6, F	1.22	52.678	
3	353.1, F	0.216	52.719	
3	323.0, F	0.233	52.761	
3	75.3, F	0.786	52.803	
3	211.2, F	0.886	52.844	
3	284.4, F	0.55	52.886	
3	69.0, F	0.343	52.928	
3	61.1, F	0.303	52.970	
3	287.1, F	0.834	53.011	
3	17.5, F	0.242	53.053	
3	178.1, F	0.766	53.095	
3	350.0, F	0.208	53.136	
3	315.0, F	0.185	53.178	
3	330.1, F	0.247	53.220	
3	307.5, F	0.297	53.262	
3	196.0, F	0.828	53.303	
3	64.7, F	0.695	53.345	
3	313.9, F	0.578	53.387	
3	220.6, F	0.826	53.428	
3	39.3, F	0.515	53.470	
3	27.3, F	0.681	53.512	
3	253.2, F	0.818	53.553	
3	160.9, F	0.321	53.595	
3	0.6, F	0.864	53.637	
3	298.3, F	0.12	53.679	
3	295.5, F	0.176	53.720	
3	315.4, F	0.301	53.762	
3	127.5, F	0.83	53.804	
3	334.4, F	0.744	53.845	
3	248.3, F	0.43	53.887	
3	92.4, F	0.315	53.929	
3	286.9, F	0.693	53.971	
3	32.7, F	0.308	54.012	
3	22.7, F	0.565	54.054	
3	178.4, F	0.426	54.096	
3	355.4, F	0.6	54.137	
3	269.2, F	0.433	54.179	
3	260.3, F	0.459	54.221	
3	276.2, F	0.616	54.263	
3	47.4, F	0.408	54.304	
3	4.5, F	0.418	54.346	
3	346.5, F	0.356	54.388	
3	176.7, F	0.463	54.429	
3	353.4, F	0.609	54.471	
3	198.7, F	0.334	54.513	
3	192.1, F	0.143	54.554	
3	359.3, F	0.895	54.596	
3	None	0	54.638	0.04200000000000159
3	50.5, F	0.11	54.680	
3	59.0, F	0.175	54.721	
3	157.9, F	0.816	54.763	
3	306.0, F	0.45	54.805	
3	66.2, F	1.014	54.846	
3	29.0, F	0.623	54.888	
3	129.2, F	0.618	54.930	
3	227.2, F	0.477	54.972	
3	50.2, F	1.077	55.013	
3	187.2, F	0.351	55.055	
3	188.3, F	0.235	55.097	
3	14.3, F	0.714	55.138	
3	127.3, F	0.416	55.180	
3	249.2, F	0.736	55.222	
3	125.0, F	0.485	55.264	
3	26.5, F	0.869	55.305	
3	254.8, F	0.579	55.347	
3	119.0, F	0.349	55.389	
3	266.0, F	0.831	55.430	
3	110.8, F	0.214	55.472	
3	95.7, F	0.152	55.514	
3	None	0	55.555	
3	None	0	55.597	0.08400000000000318
3	275.2, F	0.098	55.639	
3	None	0	55.681	0.04100000000000392
3	284.6, F	0.131	55.722	
3	300.2, F	0.221	55.764	
3	299.7, F	0.234	55.806	
3	77.7, F	0.714	55.847	
3	310.7, F	0.227	55.889	
3	308.9, F	0.288	55.931	
3	297.2, F	0.391	55.973	
3	150.4, F	0.993	56.014	
3	290.4, F	0.613	56.056	
3	40.9, F	0.435	56.098	
3	287.6, F	0.7	56.139	
3	322.0, F	0.614	56.181	
3	136.1, F	0.541	56.223	
3	243.7, F	0.733	56.265	
3	15.5, F	0.876	56.306	
3	8.7, F	0.118	56.348	
3	355.2, F	0.169	56.390	
3	335.6, F	0.31	56.431	
3	208.2, F	0.518	56.473	
3	329.4, F	0.744	56.515	
3	248.1, F	0.377	56.556	
3	109.2, F	0.398	56.598	
3	267.9, F	0.49	56.640	
3	59.9, F	0.165	56.682	
3	63.4, F	0.127	56.723	
3	43.6, F	0.145	56.765	
3	275.8, F	0.915	56.807	
3	339.1, F	0.314	56.848	
3	344.9, F	0.495	56.890	
3	119.0, F	1.058	56.932	
3	5.2, F	0.417	56.974	
3	130.3, F	0.552	57.015	
3	319.3, F	0.802	57.057	
3	130.1, F	0.627	57.099	
3	327.3, F	0.703	57.140	
3	116.4, F	0.807	57.182	
3	211.3, F	0.339	57.224	
3	356.5, F	0.821	57.266	
3	164.4, F	0.23	57.307	
3	115.2, F	0.183	57.349	
3	109.2, F	0.249	57.391	
3	95.1, F	0.201	57.432	
3	267.7, F	0.737	57.474	
3	76.6, F	0.254	57.516	
3	76.4, F	0.221	57.557	
3	65.3, F	0.237	57.599	
3	67.0, F	0.192	57.641	
3	267.7, F	0.723	57.683	
3	64.4, F	0.317	57.724	
3	54.2, F	0.377	57.766	
3	288.4, F	0.667	57.808	
3	157.3, F	0.591	57.849	
3	29.1, F	0.325	57.891	
3	14.2, F	0.339	57.933	
3	178.3, F	0.647	57.975	
3	332.3, F	0.276	58.016	
3	331.9, F	0.405	58.058	
3	205.3, F	0.564	58.100	
3	318.4, F	0.475	58.141	
3	68.0, F	0.622	58.183	
3	219.9, F	0.606	58.225	
3	322.7, F	0.494	58.267	
3	131.3, F	0.88	58.308	
3	320.5, F	0.612	58.350	
3	321.9, F	0.559	58.392	
3	130.2, F	0.559	58.433	
3	229.4, F	0.817	58.475	
3	34.2, F	0.497	58.517	
3	19.6, F	0.56	58.558	
3	241.7, F	0.906	58.600	
3	164.9, F	0.407	58.642	
3	353.6, F	0.574	58.684	
3	217.8, F	0.315	58.725	
3	333.7, F	0.839	58.767	
3	122.4, F	0.543	58.809	
3	252.1, F	0.641	58.850	
3	121.4, F	0.405	58.892	
3	127.2, F	0.417	58.934	
3	320.5, F	1.017	58.976	
3	107.5, F	0.428	59.017	
3	238.5, F	0.333	59.059	
3	105.5, F	0.856	59.101	
3	196.1, F	0.274	59.142	
3	6.3, F	0.527	59.184	
3	177.4, F	0.508	59.226	
3	12.5, F	0.401	59.268	
3	169.6, F	0.842	59.309	
3	89.7, F	0.176	59.351	
3	261.4, F	0.704	59.393	
3	109.9, F	0.341	59.434	
3	109.2, F	0.578	59.476	
3	331.5, F	0.669	59.518	
3	116.2, F	0.65	59.559	
3	227.2, F	0.496	59.601	
3	329.4, F	0.687	59.643	
3	125.2, F	0.705	59.685	
3	223.8, F	0.588	59.726	
3	51.0, F	0.599	59.768	
3	205.6, F	0.553	59.810	
3	318.4, F	0.555	59.851	
3	59.8, F	0.545	59.893	
3	220.5, F	0.991	59.935	
3	30.6, F	0.312	59.977	
3	304.7, F	0.277	60.018	
3	304.1, F	0.387	60.060	
3	212.7, F	1.073	60.102	
3	32.5, F	0.173	60.143	
3	331.3, F	0.214	60.185	
3	302.0, F	0.204	60.227	
3	311.7, F	0.271	60.269	
3	294.6, F	0.207	60.310	
3	279.0, F	0.522	60.352	
3	97.8, F	0.469	60.394	
3	100.2, F	0.465	60.435	
3	264.6, F	0.553	60.477	
3	87.7, F	0.543	60.519	
3	262.9, F	0.429	60.560	
3	263.6, F	0.478	60.602	
3	104.7, F	0.515	60.644	
3	249.0, F	0.528	60.686	
3	122.2, F	0.484	60.727	
3	130.7, F	0.533	60.769	
3	300.5, F	0.88	60.811	
3	150.6, F	0.624	60.852	
3	44.0, F	0.567	60.894	
3	208.9, F	0.511	60.936	
3	334.7, F	0.524	60.978	
3	123.9, F	1.157	61.019	
3	15.5, F	0.351	61.061	
3	28.3, F	0.409	61.103	
3	223.1, F	0.906	61.144	
3	59.0, F	0.476	61.186	
3	79.2, F	0.411	61.228	
3	268.1, F	0.5	61.270	
3	77.0, F	0.616	61.311	
3	246.4, F	0.232	61.353	
3	265.7, F	0.106	61.395	
3	182.0, F	0.199	61.436	
3	164.5, F	0.228	61.478	
3	151.9, F	0.285	61.520	
3	150.4, F	0.474	61.561	
3	11.7, F	0.474	61.603	
3	167.0, F	0.633	61.645	
3	14.5, F	0.507	61.687	
3	163.4, F	0.678	61.728	
3	295.9, F	0.718	61.770	
3	63.5, F	0.47	61.812	
3	53.9, F	0.666	61.853	
3	208.5, F	0.651	61.895	
3	322.1, F	0.291	61.937	
3	134.1, F	1.167	61.979	
3	325.3, F	0.197	62.020	
3	325.5, F	0.186	62.062	
3	334.2, F	0.361	62.104	
3	319.3, F	0.161	62.145	
3	314.1, F	0.175	62.187	
3	188.2, F	0.766	62.229	
3	88.3, F	0.827	62.271	
3	262.4, F	0.114	62.312	
3	212.5, F	0.16	62.354	
3	190.7, F	0.215	62.396	
3	None	0	62.437	0.04200000000000159
3	357.2, F	0.933	62.479	
3	204.5, F	0.268	62.521	
3	196.1, F	0.314	62.562	
3	179.5, F	0.253	62.604	
3	157.1, F	0.259	62.646	
3	14.5, F	0.753	62.688	
3	150.8, F	0.285	62.729	
3	152.0, F	0.271	62.771	
3	168.0, F	0.27	62.813	
3	1.7, F	0.775	62.854	
3	188.7, F	0.158	62.896	
3	189.0, F	0.178	62.938	
3	204.4, F	0.169	62.980	
3	224.3, F	0.292	63.021	
3	351.4, F	0.659	63.063	
3	177.0, F	0.481	63.105	
3	164.7, F	0.254	63.146	
3	8.5, F	0.472	63.188	
3	164.0, F	0.708	63.230	
3	40.8, F	0.418	63.272	
3	292.9, F	0.543	63.313	
3	136.5, F	1.154	63.355	
3	None	0	63.397	0.04100000000000392
3	127.2, F	0.104	63.438	
3	115.7, F	0.242	63.480	
3	96.1, F	0.592	63.522	
3	254.8, F	0.317	63.563	
3	95.8, F	0.785	63.605	
3	352.7, F	0.894	63.647	
3	157.8, F	0.164	63.689	
3	123.3, F	0.184	63.730	
3	129.1, F	0.276	63.772	
3	254.5, F	0.695	63.814	
3	120.4, F	0.417	63.855	
3	121.7, F	0.49	63.897	
3	323.7, F	0.925	63.939	
3	119.3, F	0.535	63.981	
3	235.9, F	0.637	64.022	
3	35.2, F	0.739	64.064	
3	135.5, F	0.6	64.106	
3	235.2, F	0.708	64.147	
3	27.1, F	0.728	64.189	
3	240.4, F	0.69	64.231	
3	32.5, F	0.787	64.273	
3	130.4, F	0.5	64.314	
3	243.5, F	0.678	64.356	
3	115.2, F	0.368	64.398	
3	323.2, F	1.15	64.439	
3	83.3, F	0.284	64.481	
3	66.4, F	0.275	64.523	
3	36.9, F	0.471	64.564	
3	245.5, F	0.778	64.606	
3	12.8, F	0.822	64.648	
3	51.6, F	0.167	64.690	
3	30.2, F	0.243	64.731	
3	167.2, F	0.397	64.773	
3	312.5, F	1.186	64.815	
3	28.7, F	0.776	64.856	
3	114.3, F	0.27	64.898	
3	60.9, F	0.362	64.940	
3	296.7, F	0.875	64.982	
3	6.7, F	1.336	65.023	
3	5.4, F	0.899	65.065	
3	20.1, F	0.171	65.107	
3	173.1, F	0.374	65.148	
3	5.4, F	1.276	65.190	
3	11.2, F	0.763	65.232	
3	46.2, F	0.101	65.274	
3	285.3, F	1.123	65.315	
3	106.3, F	0.655	65.357	
3	334.3, F	1.042	65.399	
3	281.6, F	0.72	65.440	
3	49.5, F	0.391	65.482	
3	199.9, F	0.409	65.524	
3	309.0, F	0.619	65.566	
3	229.8, F	0.724	65.607	
3	359.7, F	0.424	65.649	
3	225.0, F	0.321	65.691	
3	338.7, F	1.039	65.732	
3	204.2, F	0.293	65.774	
3	276.6, F	0.313	65.816	
3	281.4, F	0.843	65.857	
3	318.6, F	0.405	65.899	
3	218.7, F	0.923	65.941	
3	319.3, F	0.233	65.983	
3	304.2, F	0.784	66.024	
3	246.5, F	1.03	66.066	
3	314.3, F	0.796	66.108	
3	163.3, F	0.442	66.149	
3	312.5, F	0.877	66.191	
3	166.6, F	0.305	66.233	
3	250.9, F	1.037	66.275	
3	313.0, F	0.865	66.316	
3	179.9, F	0.473	66.358	
3	307.7, F	0.474	66.400	
3	238.7, F	1.061	66.441	
3	290.6, F	0.373	66.483	
3	None	0	66.525	0.04099999999999682
3	254.9, F	0.226	66.566	
3	232.0, F	0.731	66.608	
3	177.1, F	0.716	66.650	
3	271.7, F	1.319	66.692	
3	118.8, F	0.404	66.733	
3	238.9, F	1.205	66.775	
3	302.5, F	0.222	66.817	
3	152.8, F	0.816	66.858	
3	219.3, F	1.394	66.900	
3	187.7, F	0.575	66.942	
3	299.9, F	0.349	66.984	
3	182.2, F	0.744	67.025	
3	241.1, F	0.184	67.067	
3	213.1, F	0.533	67.109	
3	211.0, F	0.986	67.150	
3	111.9, F	0.415	67.192	
3	246.8, F	0.775	67.234	
3	164.0, F	0.526	67.276	
3	330.9, F	0.259	67.317	
3	246.1, F	0.161	67.359	
3	233.0, F	0.296	67.401	
3	231.5, F	0.374	67.442	
3	137.7, F	0.515	67.484	
3	306.1, F	1.016	67.526	
3	181.6, F	0.544	67.567	
3	2.7, F	0.405	67.609	
3	188.4, F	0.728	67.651	
3	296.9, F	0.287	67.693	
3	311.7, F	0.311	67.734	
3	73.8, F	0.666	67.776	
3	201.2, F	0.775	67.818	
3	297.6, F	0.537	67.859	
3	67.1, F	0.355	67.901	
3	274.4, F	0.687	67.943	
3	93.4, F	0.235	67.985	
3	119.9, F	0.212	68.026	
3	132.3, F	0.193	68.068	
3	None	0	68.110	0.04099999999999682
3	257.8, F	0.828	68.151	
3	156.3, F	0.304	68.193	
3	178.4, F	0.32	68.235	
3	0.8, F	0.478	68.277	
3	177.5, F	0.552	68.318	
3	0.9, F	0.249	68.360	
3	19.7, F	0.154	68.402	
3	173.2, F	0.911	68.443	
3	95.9, F	0.136	68.485	
3	96.9, F	0.142	68.527	
3	111.6, F	0.125	68.569	
3	112.5, F	0.183	68.610	
3	256.4, F	0.792	68.652	
3	13.6, F	0.792	68.694	
3	135.2, F	0.261	68.735	
3	141.9, F	0.271	68.777	
3	155.7, F	0.389	68.819	
3	304.8, F	1.012	68.860	
3	154.9, F	0.368	68.902	
3	152.3, F	0.377	68.944	
3	12.5, F	0.707	68.986	
3	149.0, F	0.584	69.027	
3	49.4, F	0.448	69.069	
3	223.2, F	0.96	69.111	
3	59.0, F	0.392	69.152	
3	282.3, F	0.674	69.194	
3	64.9, F	0.32	69.236	
3	162.2, F	0.987	69.278	
3	56.5, F	0.27	69.319	
3	267.3, F	0.704	69.361	
3	88.4, F	0.28	69.403	
3	83.7, F	0.219	69.444	
3	77.3, F	0.181	69.486	
3	258.0, F	0.882	69.528	
3	140.5, F	0.228	69.569	
3	12.2, F	0.755	69.611	
3	145.1, F	0.311	69.653	
3	139.4, F	0.25	69.695	
3	165.9, F	0.516	69.736	
3	302.1, F	0.926	69.778	
3	154.4, F	0.663	69.820	
3	44.3, F	0.429	69.861	
3	56.9, F	0.346	69.903	
3	216.8, F	1.055	69.945	
3	73.9, F	0.428	69.987	
3	82.0, F	0.496	70.028	
3	293.4, F	0.529	70.070	
3	79.1, F	0.529	70.112	
3	284.9, F	0.409	70.153	
3	246.1, F	0.257	70.195	
3	100.2, F	0.833	70.237	
3	218.4, F	0.288	70.279	
3	216.3, F	0.248	70.320	
3	208.7, F	0.35	70.362	
3	346.7, F	0.751	70.404	
3	108.2, F	0.912	70.445	
3	193.1, F	0.305	70.487	
3	192.4, F	0.382	70.529	
3	358.2, F	0.684	70.570	
3	193.1, F	0.264	70.612	
3	205.0, F	0.199	70.654	
3	352.0, F	0.715	70.696	
3	188.0, F	0.336	70.737	
3	194.9, F	0.311	70.779	
3	193.8, F	0.327	70.821	
3	349.5, F	0.462	70.862	
3	195.7, F	0.508	70.904	
3	61.6, F	0.913	70.946	
3	193.5, F	0.478	70.988	
3	337.4, F	0.424	71.029	
3	192.5, F	0.635	71.071	
3	342.1, F	0.365	71.113	
3	342.3, F	0.387	71.154	
3	182.9, F	0.779	71.196	
3	0.7, F	0.26	71.238	
3	358.9, F	0.311	71.280	
3	358.4, F	0.218	71.321	
3	180.1, F	0.806	71.363	
3	340.6, F	0.196	71.405	
3	327.4, F	0.214	71.446	
3	77.7, F	0.89	71.488	
3	326.6, F	0.285	71.530	
3	190.6, F	0.611	71.572	
3	353.9, F	0.355	71.613	
3	17.0, F	0.541	71.655	
3	153.8, F	0.377	71.697	
3	157.9, F	0.362	71.738	
3	22.9, F	0.671	71.780	
3	286.3, F	0.501	71.822	
3	56.3, F	0.611	71.863	
3	7.1, F	0.718	71.905	
3	323.2, F	0.234	71.947	
3	0.5, F	0.73	71.989	
3	69.7, F	0.306	72.030	
3	32.0, F	0.625	72.072	
3	109.2, F	0.389	72.114	
3	340.3, F	1.169	72.155	
3	109.7, F	0.837	72.197	
3	351.1, F	0.973	72.239	
3	None	0	72.281	
3	None	0	72.322	0.08299999999999841
3	75.2, F	0.317	72.364	
3	59.7, F	0.469	72.406	
3	220.7, F	0.887	72.447	
3	51.2, F	0.563	72.489	
3	286.0, F	0.53	72.531	
3	70.2, F	0.423	72.572	
3	149.5, F	0.919	72.614	
3	288.2, F	0.447	72.656	
3	83.4, F	0.53	72.698	
3	266.0, F	0.441	72.739	
3	242.8, F	0.341	72.781	
3	112.4, F	0.812	72.823	
3	None	0	72.864	0.04200000000000159
3	174.7, F	1.197	72.906	
3	19.3, F	0.619	72.948	
3	148.2, F	0.626	72.990	
3	244.7, F	0.376	73.031	
3	118.2, F	0.81	73.073	
3	186.6, F	0.848	73.115	
3	None	0	73.156	0.04199999999998738
3	127.3, F	0.368	73.198	
3	138.0, F	0.782	73.240	
3	312.1, F	0.539	73.282	
3	134.8, F	0.824	73.323	
3	291.6, F	0.417	73.365	
3	288.1, F	0.303	73.407	
3	77.7, F	0.576	73.448	
3	288.7, F	0.386	73.490	
3	154.9, F	0.985	73.532	
3	277.7, F	0.564	73.573	
3	46.8, F	0.329	73.615	
3	296.3, F	0.816	73.657	
3	18.2, F	0.552	73.699	
3	176.0, F	0.34	73.740	
3	348.4, F	0.868	73.782	
3	257.1, F	0.306	73.824	
3	291.0, F	0.669	73.865	
3	341.4, F	0.451	73.907	
3	225.0, F	0.44	73.949	
3	123.5, F	0.39	73.991	
3	310.9, F	1.428	74.032	
3	271.1, F	0.215	74.074	
3	291.6, F	0.405	74.116	
3	72.9, F	0.531	74.157	
3	220.0, F	1.246	74.199	
3	None	0	74.241	0.04200000000000159
3	268.4, F	0.106	74.283	
3	212.7, F	0.27	74.324	
3	342.9, F	0.654	74.366	
3	117.3, F	0.849	74.408	
3	194.0, F	0.502	74.449	
3	323.6, F	0.347	74.491	
3	150.6, F	0.155	74.533	
3	146.0, F	0.279	74.575	
3	150.4, F	0.531	74.616	
3	157.3, F	0.698	74.658	
3	315.0, F	0.14	74.700	
3	100.0, F	1.052	74.741	
3	243.3, F	0.559	74.783	
3	124.0, F	0.975	74.825	
3	91.2, F	0.488	74.866	
3	104.5, F	0.737	74.908	
3	171.8, F	0.419	74.950	
3	166.7, F	0.623	74.992	
3	38.4, F	0.495	75.033	
3	343.0, F	0.739	75.075	
3	114.5, F	0.877	75.117	
3	206.6, F	0.47	75.158	
3	33.6, F	0.895	75.200	
3	99.6, F	0.747	75.242	
3	218.9, F	0.161	75.284	
3	111.4, F	0.356	75.325	
3	88.7, F	0.703	75.367	
3	328.5, F	0.14	75.409	
3	124.4, F	0.239	75.450	
3	104.8, F	0.318	75.492	
3	182.3, F	0.349	75.534	
3	348.1, F	0.572	75.575	
3	104.2, F	1.116	75.617	
3	16.4, F	0.796	75.659	
3	240.2, F	0.34	75.701	
3	94.2, F	0.717	75.742	
3	286.9, F	0.168	75.784	
3	345.2, F	0.192	75.826	
3	26.6, F	0.318	75.867	
3	162.9, F	0.564	75.909	
3	26.9, F	0.543	75.951	
3	37.9, F	0.682	75.993	
3	244.1, F	0.419	76.034	
3	268.5, F	0.374	76.076	
3	98.0, F	0.552	76.118	
3	272.8, F	0.407	76.159	
3	94.6, F	0.35	76.201	
3	273.2, F	0.79	76.243	
3	None	0	76.285	0.04099999999999682
3	292.6, F	0.26	76.326	
3	296.6, F	0.815	76.368	
3	8.9, F	0.382	76.410	
3	180.5, F	0.418	76.451	
3	353.7, F	0.563	76.493	
3	231.6, F	0.204	76.535	
3	274.6, F	0.227	76.576	
3	75.1, F	0.527	76.618	
3	298.5, F	0.459	76.660	
3	315.3, F	0.932	76.702	
3	155.4, F	0.243	76.743	
3	4.3, F	0.897	76.785	
3	161.4, F	0.103	76.827	
3	250.7, F	0.16	76.868	
3	250.8, F	0.137	76.910	
3	255.7, F	0.17	76.952	
3	257.6, F	0.186	76.994	
3	113.8, F	0.608	77.035	
3	229.7, F	0.416	77.077	
3	238.3, F	0.455	77.119	
3	34.7, F	0.432	77.160	
3	249.6, F	0.553	77.202	
3	33.3, F	0.745	77.244	
3	127.8, F	0.323	77.286	
3	260.8, F	0.64	77.327	
3	120.7, F	0.27	77.369	
3	171.1, F	0.181	77.411	
3	3.0, F	0.628	77.452	
3	182.3, F	0.293	77.494	
3	179.1, F	0.268	77.536	
3	171.6, F	0.294	77.578	
3	8.7, F	0.622	77.619	
3	163.3, F	0.313	77.661	
3	251.9, F	0.752	77.703	
3	23.5, F	0.661	77.744	
3	145.5, F	0.478	77.786	
3	156.0, F	0.45	77.828	
3	303.6, F	0.939	77.869	
3	150.9, F	0.42	77.911	
3	27.0, F	0.561	77.953	
3	165.2, F	0.513	77.995	
3	20.4, F	0.453	78.036	
3	235.9, F	0.917	78.078	
3	27.4, F	0.504	78.120	
3	155.7, F	0.504	78.161	
3	19.8, F	0.564	78.203	
3	150.7, F	0.478	78.245	
3	307.6, F	0.874	78.287	
3	143.6, F	0.506	78.328	
3	23.7, F	0.737	78.370	
3	238.0, F	0.628	78.412	
3	124.3, F	0.509	78.453	
3	124.9, F	0.537	78.495	
3	328.0, F	0.917	78.537	
3	105.9, F	0.536	78.578	
3	250.9, F	0.422	78.620	
3	245.4, F	0.428	78.662	
3	110.7, F	0.667	78.704	
3	330.1, F	0.65	78.745	
3	130.4, F	0.71	78.787	
3	320.6, F	0.642	78.829	
3	212.8, F	0.589	78.870	
3	56.2, F	0.765	78.912	
3	213.1, F	0.436	78.954	
3	343.3, F	0.687	78.996	
3	109.3, F	0.77	79.037	
3	250.2, F	0.358	79.079	
3	257.7, F	0.404	79.121	
3	87.2, F	0.428	79.162	
3	289.2, F	0.81	79.204	
3	343.0, F	0.311	79.246	
3	297.6, F	0.58	79.288	
3	42.1, F	0.438	79.329	
3	256.6, F	1.366	79.371	
3	140.0, F	0.356	79.413	
3	299.8, F	1.36	79.454	
3	122.9, F	0.466	79.496	
3	265.3, F	1.22	79.538	
3	F	0.437	79.579	
3	86.9, F	0.298	79.621	
3	272.8, F	0.75	79.663	
3	277.8, F	0.39	79.705	
3	89.3, F	0.317	79.746	
3	274.2, F	0.733	79.788	
3	117.1, F	0.147	79.830	
3	225.4, F	0.222	79.871	
3	341.7, F	0.87	79.913	
3	264.0, F	0.192	79.955	
3	93.1, F	0.714	79.997	
3	272.0, F	0.366	80.038	
3	296.5, F	0.247	80.080	
3	254.2, F	0.284	80.122	
3	135.3, F	0.595	80.163	
3	231.6, F	1.121	80.205	
3	99.0, F	0.16	80.247	
3	135.0, F	0.311	80.289	
3	151.8, F	0.339	80.330	
3	188.3, F	0.673	80.372	
3	337.8, F	0.259	80.414	
3	None	0	80.455	
3	None	0	80.497	0.08400000000000318
3	212.1, F	0.384	80.539	
3	199.7, F	0.465	80.581	
3	300.8, F	0.369	80.622	
3	147.6, F	1.154	80.664	
3	232.1, F	0.706	80.706	
3	306.9, F	0.644	80.747	
3	147.2, F	0.749	80.789	
3	44.3, F	0.417	80.831	
3	284.8, F	0.85	80.872	
3	11.8, F	0.23	80.914	
3	183.9, F	0.862	80.956	
3	302.9, F	0.121	80.998	
3	283.2, F	0.468	81.039	
3	80.6, F	0.403	81.081	
3	281.7, F	0.656	81.123	
3	57.6, F	0.282	81.164	
3	346.8, F	0.388	81.206	
3	193.0, F	0.534	81.248	
3	347.5, F	0.816	81.290	
3	277.4, F	0.265	81.331	
3	316.1, F	0.634	81.373	
3	110.6, F	0.353	81.415	
3	325.4, F	1.237	81.456	
3	40.4, F	0.41	81.498	
3	11.1, F	0.135	81.540	
3	7.7, F	0.293	81.581	
3	8.0, F	0.596	81.623	
3	243.4, F	0.188	81.665	
3	337.8, F	0.354	81.707	
3	346.0, F	0.767	81.748	
3	267.1, F	0.218	81.790	
3	311.1, F	0.176	81.832	
3	50.1, F	1.113	81.873	
3	207.9, F	0.158	81.915	
3	356.7, F	0.9	81.957	
3	324.0, F	0.177	81.999	
3	332.2, F	0.375	82.040	
3	213.8, F	0.338	82.082	
3	343.8, F	0.646	82.124	
3	220.8, F	0.338	82.165	
3	106.7, F	0.755	82.207	
3	242.0, F	0.384	82.249	
3	333.6, F	0.758	82.291	
3	114.6, F	0.619	82.332	
3	240.3, F	0.418	82.374	
3	226.3, F	0.372	82.416	
3	52.0, F	0.923	82.457	
3	197.3, F	0.427	82.499	
3	183.0, F	0.593	82.541	
3	1.8, F	0.251	82.582	
3	17.1, F	0.258	82.624	
3	None	0	82.666	0.04200000000000159
3	169.4, F	1.244	82.708	
3	33.0, F	0.678	82.749	
3	220.3, F	0.694	82.791	
3	78.7, F	0.647	82.833	
3	209.2, F	0.268	82.874	
3	181.4, F	0.415	82.916	
3	187.1, F	0.649	82.958	
3	345.1, F	0.218	83.000	
3	96.9, F	0.953	83.041	
3	181.8, F	0.284	83.083	
3	190.9, F	0.559	83.125	
3	350.2, F	0.318	83.166	
3	183.3, F	0.719	83.208	
3	None	0	83.250	
3	None	0	83.292	0.08299999999999841
3	183.4, F	0.238	83.333	
3	178.5, F	0.447	83.375	
3	354.6, F	0.392	83.417	
3	181.3, F	0.607	83.458	
3	3.7, F	0.327	83.500	
3	8.2, F	0.272	83.542	
3	177.5, F	0.74	83.584	
3	2.5, F	0.229	83.625	
3	1.2, F	0.23	83.667	
3	F	0.238	83.709	
3	181.8, F	0.759	83.750	
3	347.3, F	0.227	83.792	
3	355.9, F	0.183	83.834	
3	353.8, F	0.221	83.875	
3	337.8, F	0.219	83.917	
3	185.1, F	0.794	83.959	
3	340.2, F	0.251	84.001	
3	354.2, F	0.188	84.042	
3	355.4, F	0.174	84.084	
3	358.1, F	0.178	84.126	
3	179.3, F	0.789	84.167	
3	3.3, F	0.227	84.209	
3	6.3, F	0.22	84.251	
3	10.5, F	0.23	84.293	
3	175.4, F	0.769	84.334	
3	17.9, F	0.244	84.376	
3	18.0, F	0.308	84.418	
3	25.2, F	0.284	84.459	
3	170.1, F	0.736	84.501	
3	287.6, F	0.79	84.543	
3	44.3, F	0.371	84.584	
3	47.0, F	0.456	84.626	
3	155.0, F	0.744	84.668	
3	308.4, F	0.58	84.710	
3	64.6, F	0.727	84.751	
3	202.1, F	0.597	84.793	
3	335.3, F	0.462	84.835	
3	71.1, F	1.002	84.876	
3	174.4, F	0.638	84.918	
3	22.6, F	0.373	84.960	
3	232.2, F	1.061	85.002	
3	52.4, F	0.595	85.043	
3	45.5, F	0.896	85.085	
3	219.5, F	0.413	85.127	
3	225.0, F	0.438	85.168	
3	37.1, F	0.912	85.210	
3	233.6, F	0.63	85.252	
3	119.9, F	0.469	85.294	
3	322.8, F	1.021	85.335	
3	114.2, F	0.497	85.377	
3	238.3, F	0.464	85.419	
3	111.6, F	0.681	85.460	
3	332.3, F	0.772	85.502	
3	113.4, F	0.761	85.544	
3	219.8, F	0.331	85.585	
3	201.4, F	0.401	85.627	
3	347.0, F	0.499	85.669	
3	188.6, F	0.616	85.711	
3	348.0, F	0.283	85.752	
3	355.4, F	0.251	85.794	
3	181.5, F	0.728	85.836	
3	17.2, F	0.2	85.877	
3	33.2, F	0.194	85.919	
3	48.5, F	0.207	85.961	
3	48.2, F	0.205	86.003	
3	170.1, F	0.852	86.044	
3	56.5, F	0.221	86.086	
3	61.9, F	0.223	86.128	
3	277.8, F	0.776	86.169	
3	54.7, F	0.251	86.211	
3	52.6, F	0.23	86.253	
3	69.8, F	0.206	86.295	
3	75.8, F	0.167	86.336	
3	91.4, F	0.366	86.378	
3	259.9, F	0.439	86.420	
3	104.4, F	0.649	86.461	
3	232.2, F	0.338	86.503	
3	213.9, F	0.434	86.545	
3	190.8, F	0.61	86.587	
3	69.5, F	0.988	86.628	
3	345.6, F	0.197	86.670	
3	176.6, F	1.421	86.712	
3	11.2, F	0.544	86.753	
3	230.5, F	1.166	86.795	
3	50.6, F	0.202	86.837	
3	76.4, F	0.45	86.878	
3	84.5, F	0.616	86.920	
3	269.7, F	0.215	86.962	
3	38.7, F	0.109	87.004	
3	81.8, F	0.413	87.045	
3	76.6, F	0.657	87.087	
3	317.5, F	0.21	87.129	
3	175.5, F	0.758	87.170	
3	43.8, F	0.856	87.212	
3	107.7, F	0.823	87.254	
3	3.7, F	0.768	87.296	
3	None	0	87.337	0.04200000000000159
3	42.5, F	0.89	87.379	
3	207.3, F	0.203	87.421	
3	113.9, F	0.106	87.462	
3	96.5, F	0.368	87.504	
3	35.1, F	1.28	87.546	
3	191.4, F	0.872	87.587	
3	338.6, F	0.173	87.629	
3	27.8, F	0.184	87.671	
3	56.2, F	0.314	87.713	
3	55.4, F	0.456	87.754	
3	60.8, F	0.617	87.796	
3	196.2, F	0.849	87.838	
3	326.2, F	0.102	87.879	
3	None	0	87.921	0.04199999999998738
3	129.5, F	0.294	87.963	
3	137.1, F	0.322	88.005	
3	32.5, F	0.484	88.046	
3	150.7, F	0.767	88.088	
3	290.0, F	0.538	88.130	
3	79.4, F	0.515	88.171	
3	201.1, F	1.149	88.213	
3	46.8, F	0.898	88.255	
3	222.7, F	0.447	88.297	
3	213.2, F	0.503	88.338	
3	66.9, F	0.615	88.380	
3	212.3, F	0.821	88.422	
3	74.1, F	0.65	88.463	
3	286.3, F	0.421	88.505	
3	274.1, F	0.365	88.547	
3	93.2, F	0.641	88.588	
3	271.7, F	0.308	88.630	
3	270.0, F	0.249	88.672	
3	89.4, F	0.78	88.714	
3	272.3, F	0.2	88.755	
3	268.7, F	0.172	88.797	
3	270.3, F	0.185	88.839	
3	278.5, F	0.195	88.880	
3	86.6, F	0.738	88.922	
3	277.3, F	0.261	88.964	
3	276.3, F	0.244	89.006	
3	285.9, F	0.244	89.047	
3	84.8, F	0.735	89.089	
3	282.2, F	0.232	89.131	
3	283.3, F	0.231	89.172	
3	198.3, F	0.912	89.214	
3	78.2, F	0.663	89.256	
3	291.0, F	0.391	89.298	
3	289.4, F	0.467	89.339	
3	83.1, F	0.36	89.381	
3	275.8, F	0.621	89.423	
3	77.6, F	0.297	89.464	
3	81.1, F	0.266	89.506	
3	272.8, F	0.711	89.548	
3	87.5, F	0.208	89.590	
3	84.7, F	0.183	89.631	
3	92.3, F	0.176	89.673	
3	None	0	89.715	
3	None	0	89.756	0.08299999999999841
3	229.0, F	0.174	89.798	
3	225.7, F	0.271	89.840	
3	215.0, F	0.327	89.881	
3	212.9, F	0.375	89.923	
3	332.4, F	0.686	89.965	
3	125.7, F	0.783	90.007	
3	217.2, F	0.417	90.048	
3	320.4, F	0.597	90.090	
3	139.0, F	0.831	90.132	
3	300.9, F	0.457	90.173	
3	274.9, F	0.319	90.215	
3	103.2, F	0.626	90.257	
3	250.6, F	0.406	90.299	
3	109.2, F	0.674	90.340	
3	219.7, F	0.51	90.382	
3	327.2, F	0.548	90.424	
3	204.4, F	0.726	90.465	
3	71.0, F	0.745	90.507	
3	314.3, F	0.288	90.549	
3	196.0, F	0.811	90.590	
3	74.6, F	0.805	90.632	
3	311.6, F	0.332	90.674	
3	291.9, F	0.161	90.716	
3	298.2, F	0.125	90.757	
3	None	0	90.799	0.04199999999998738
3	302.1, F	0.092	90.841	
3	184.7, F	1.009	90.882	
3	249.5, F	0.114	90.924	
3	93.0, F	0.849	90.966	
3	350.7, F	0.918	91.008	
3	222.9, F	0.289	91.049	
3	225.0, F	0.284	91.091	
3	231.7, F	0.323	91.133	
3	110.3, F	0.665	91.174	
3	230.3, F	0.388	91.216	
3	339.7, F	0.794	91.258	
3	228.9, F	0.371	91.300	
3	111.9, F	0.757	91.341	
3	341.4, F	0.691	91.383	
3	207.9, F	0.337	91.425	
3	201.5, F	0.321	91.466	
3	111.7, F	0.967	91.508	
3	355.8, F	0.504	91.550	
3	178.4, F	0.585	91.591	
3	2.8, F	0.267	91.633	
3	17.2, F	0.257	91.675	
3	167.3, F	0.755	91.717	
3	283.4, F	0.689	91.758	
3	58.2, F	0.346	91.800	
3	61.7, F	0.363	91.842	
3	279.9, F	0.63	91.883	
3	156.9, F	0.935	91.925	
3	67.0, F	0.432	91.967	
3	284.2, F	0.585	92.009	
3	62.0, F	0.481	92.050	
3	301.0, F	0.668	92.092	
3	146.2, F	0.82	92.134	
3	58.6, F	0.516	92.175	
3	310.6, F	0.726	92.217	
3	142.0, F	0.613	92.259	
3	318.8, F	0.874	92.301	
3	125.0, F	0.48	92.342	
3	31.2, F	0.916	92.384	
3	259.0, F	0.486	92.426	
3	99.1, F	0.46	92.467	
3	268.1, F	0.512	92.509	
3	81.1, F	0.489	92.551	
3	280.0, F	0.499	92.593	
3	76.6, F	0.518	92.634	
3	286.0, F	0.454	92.676	
3	69.6, F	0.556	92.718	
3	215.8, F	0.79	92.759	
3	303.6, F	0.539	92.801	
3	67.8, F	0.624	92.843	
3	205.8, F	0.963	92.884	
3	72.3, F	0.614	92.926	
3	291.9, F	0.359	92.968	
3	73.4, F	0.672	93.010	
3	299.8, F	0.27	93.051	
3	303.8, F	0.262	93.093	
3	191.2, F	0.754	93.135	
3	329.2, F	0.346	93.176	
3	62.0, F	0.747	93.218	
3	312.7, F	0.457	93.260	
3	207.8, F	0.717	93.302	
3	57.1, F	0.728	93.343	
3	326.8, F	0.742	93.385	
3	225.8, F	0.479	93.427	
3	103.4, F	0.622	93.468	
3	278.5, F	0.264	93.510	
3	333.7, F	0.318	93.552	
3	70.2, F	0.896	93.593	
3	1.5, F	0.408	93.635	
3	170.6, F	0.461	93.677	
3	17.3, F	0.819	93.719	
3	260.3, F	0.728	93.760	
3	96.2, F	0.308	93.802	
3	95.7, F	0.351	93.844	
3	288.7, F	0.361	93.885	
3	75.0, F	0.757	93.927	
3	332.8, F	0.273	93.969	
3	2.8, F	0.539	94.011	
3	141.6, F	0.253	94.052	
3	110.9, F	0.331	94.094	
3	84.4, F	0.454	94.136	
3	297.8, F	0.403	94.177	
3	71.5, F	0.996	94.219	
3	7.2, F	0.448	94.261	
3	149.9, F	0.395	94.303	
3	328.8, F	0.904	94.344	
3	93.9, F	0.922	94.386	
3	None	0	94.428	0.04099999999999682
3	106.0, F	0.247	94.469	
3	101.4, F	0.47	94.511	
3	291.0, F	0.12	94.553	
3	None	0	94.594	0.04200000000000159
3	75.7, F	0.271	94.636	
3	77.8, F	0.533	94.678	
3	75.2, F	0.812	94.720	
3	342.7, F	0.249	94.761	
3	7.5, F	0.3	94.803	
3	167.6, F	0.761	94.845	
3	65.7, F	0.499	94.886	
3	285.0, F	0.379	94.928	
3	84.5, F	0.724	94.970	
3	291.6, F	0.16	95.012	
3	None	0	95.053	0.04200000000000159
3	115.6, F	0.153	95.095	
3	108.6, F	0.279	95.137	
3	269.3, F	0.696	95.178	
3	97.6, F	0.57	95.220	
3	95.6, F	0.677	95.262	
3	264.1, F	0.282	95.304	
3	292.9, F	0.201	95.345	
3	None	0	95.387	
3	None	0	95.429	0.08299999999999841
3	74.1, F	0.968	95.470	
3	337.1, F	0.46	95.512	
3	204.6, F	0.468	95.554	
3	334.3, F	0.738	95.596	
3	251.3, F	0.421	95.637	
3	90.6, F	0.399	95.679	
3	294.3, F	1.065	95.721	
3	348.5, F	0.652	95.762	
3	238.7, F	0.333	95.804	
3	95.1, F	0.495	95.846	
3	289.1, F	1.12	95.887	
3	312.0, F	0.357	95.929	
3	306.6, F	0.572	95.971	
3	109.5, F	0.297	96.013	
3	343.2, F	0.18	96.054	
3	325.4, F	0.273	96.096	
3	311.6, F	0.273	96.138	
3	297.7, F	0.374	96.179	
3	300.1, F	0.684	96.221	
3	149.6, F	0.616	96.263	
3	16.3, F	0.325	96.305	
3	175.6, F	0.532	96.346	
3	337.0, F	0.312	96.388	
3	330.6, F	0.328	96.430	
3	203.3, F	0.84	96.471	
3	286.7, F	0.41	96.513	
3	130.2, F	0.268	96.555	
3	253.8, F	0.826	96.596	
3	162.0, F	0.422	96.638	
3	3.1, F	0.241	96.680	
3	255.8, F	0.11	96.722	
