2	175.7, F	0.331	0.042	
2	182.2, F	0.663	0.083	
2	None	0	0.125	
2	None	0	0.167	0.08399999999999999
2	171.5, F	0.517	0.209	
2	26.3, F	0.42	0.250	
2	170.1, F	1.414	0.292	
2	271.8, F	0.628	0.334	
2	112.6, F	0.541	0.375	
2	150.8, F	1.323	0.417	
2	167.7, F	0.945	0.459	
2	119.3, F	0.292	0.500	
2	166.6, F	0.833	0.542	
2	134.2, F	0.293	0.584	
2	139.9, F	1.221	0.626	
2	255.0, F	0.22	0.667	
2	116.9, F	0.843	0.709	
2	179.2, F	0.54	0.751	
2	None	0	0.792	0.041999999999999926
2	213.0, F	0.248	0.834	
2	229.1, F	0.54	0.876	
2	352.6, F	0.203	0.918	
2	39.1, F	12.816	0.959	
2	247.2, F	0.359	1.001	
2	18.9, F	0.759	1.043	
2	249.8, F	0.902	1.084	
2	199.4, F	0.677	1.126	
2	290.3, F	0.526	1.168	
2	305.9, F	0.246	1.210	
2	213.5, F	1.151	1.251	
2	223.9, F	0.25	1.293	
2	324.5, F	0.798	1.335	
2	236.9, F	0.792	1.376	
2	179.4, F	0.574	1.418	
2	303.9, F	0.513	1.460	
2	46.4, F	0.5	1.502	
2	223.0, F	0.995	1.543	
2	17.3, F	0.172	1.585	
2	270.3, F	0.187	1.627	
2	266.7, F	0.565	1.668	
2	127.0, F	0.268	1.710	
2	256.2, F	0.97	1.752	
2	203.9, F	0.489	1.793	
2	320.9, F	0.318	1.835	
2	79.4, F	0.655	1.877	
2	210.5, F	1.223	1.919	
2	158.4, F	0.483	1.960	
2	276.0, F	0.941	2.002	
2	228.6, F	0.247	2.044	
2	129.0, F	0.749	2.085	
2	215.9, F	1.393	2.127	
2	15.5, F	0.393	2.169	
2	186.2, F	1.062	2.211	
2	198.4, F	0.644	2.252	
2	215.6, F	0.76	2.294	
2	208.5, F	1.141	2.336	
2	147.9, F	0.556	2.377	
2	74.8, F	0.289	2.419	
2	228.9, F	1.095	2.461	
2	None	0	2.502	0.04200000000000026
2	185.3, F	0.408	2.544	
2	196.7, F	0.805	2.586	
2	224.8, F	0.523	2.628	
2	155.0, F	0.823	2.669	
2	277.1, F	0.756	2.711	
2	None	0	2.753	0.040999999999999925
2	230.2, F	0.467	2.794	
2	137.5, F	0.549	2.836	
2	285.0, F	0.853	2.878	
2	187.2, F	0.875	2.920	
2	254.5, F	0.772	2.961	
2	180.8, F	0.287	3.003	
2	325.2, F	0.662	3.045	
2	236.3, F	0.96	3.086	
2	298.8, F	0.591	3.128	
2	180.0, F	0.829	3.170	
2	277.5, F	0.495	3.212	
2	276.8, F	0.858	3.253	
2	273.8, F	0.517	3.295	
2	270.7, F	0.783	3.337	
2	None	0	3.378	0.041999999999999815
2	290.8, F	0.138	3.420	
2	257.7, F	0.497	3.462	
2	101.1, F	0.375	3.503	
2	261.1, F	0.771	3.545	
2	179.6, F	0.137	3.587	
2	232.7, F	0.378	3.629	
2	321.5, F	0.781	3.670	
2	157.2, F	0.464	3.712	
2	178.4, F	0.613	3.754	
2	282.1, F	0.484	3.795	
2	268.4, F	0.835	3.837	
2	238.9, F	0.162	3.879	
2	245.9, F	0.582	3.921	
2	196.8, F	0.888	3.962	
2	265.2, F	0.723	4.004	
2	193.8, F	0.42	4.046	
2	295.0, F	0.64	4.087	
2	223.2, F	1.834	4.129	
2	45.2, F	0.392	4.171	
2	224.8, F	1.458	4.213	
2	237.2, F	0.443	4.254	
2	340.8, F	0.133	4.296	
2	277.0, F	0.238	4.338	
2	251.4, F	0.391	4.379	
2	252.1, F	0.693	4.421	
2	197.7, F	0.322	4.463	
2	222.7, F	0.484	4.505	
2	28.7, F	0.674	4.546	
2	249.0, F	1.036	4.588	
2	236.6, F	0.655	4.630	
2	7.5, F	0.49	4.671	
2	204.5, F	0.56	4.713	
2	301.2, F	0.856	4.755	
2	230.5, F	0.773	4.796	
2	296.7, F	1.231	4.838	
2	240.9, F	0.86	4.880	
2	340.4, F	0.735	4.922	
2	272.6, F	1.513	4.963	
2	305.5, F	0.179	5.005	
2	284.0, F	0.671	5.047	
2	359.8, F	0.294	5.088	
2	234.2, F	0.749	5.130	
2	305.5, F	1.049	5.172	
2	190.6, F	0.358	5.214	
2	207.4, F	0.372	5.255	
2	330.5, F	0.679	5.297	
2	131.9, F	0.622	5.339	
2	312.4, F	0.791	5.380	
2	146.0, F	0.492	5.422	
2	167.6, F	0.515	5.464	
2	292.1, F	1.059	5.505	
2	350.0, F	0.465	5.547	
2	212.0, F	0.552	5.589	
2	357.3, F	0.633	5.631	
2	223.4, F	0.601	5.672	
2	244.3, F	0.993	5.714	
2	336.9, F	0.604	5.756	
2	256.3, F	1.629	5.797	
2	344.0, F	0.656	5.839	
2	243.0, F	0.966	5.881	
2	214.6, F	0.78	5.923	
2	278.5, F	1.845	5.964	
2	293.8, F	0.607	6.006	
2	319.8, F	0.194	6.048	
2	217.3, F	1.106	6.089	
2	268.0, F	0.561	6.131	
2	265.1, F	0.841	6.173	
2	202.8, F	0.134	6.215	
2	347.3, F	0.853	6.256	
2	262.2, F	0.635	6.298	
2	79.4, F	0.164	6.340	
2	None	0	6.381	0.041999999999999815
2	295.9, F	0.33	6.423	
2	286.6, F	0.832	6.465	
2	192.1, F	0.573	6.506	
2	319.9, F	0.696	6.548	
2	248.7, F	0.906	6.590	
2	321.1, F	1.202	6.632	
2	292.2, F	0.244	6.673	
2	346.5, F	0.969	6.715	
2	291.0, F	1.081	6.757	
2	277.7, F	1.146	6.798	
2	27.0, F	0.589	6.840	
2	306.3, F	1.583	6.882	
2	330.9, F	0.189	6.924	
2	311.2, F	1.356	6.965	
2	296.1, F	0.549	7.007	
2	237.0, F	1.178	7.049	
2	347.5, F	0.728	7.090	
2	277.6, F	1.136	7.132	
2	338.4, F	0.74	7.174	
2	13.4, F	0.861	7.216	
2	299.7, F	0.185	7.257	
2	306.3, F	1.259	7.299	
2	269.4, F	0.653	7.341	
2	285.3, F	1.149	7.382	
2	327.4, F	0.907	7.424	
2	281.8, F	0.843	7.466	
2	336.7, F	0.727	7.507	
2	261.8, F	1.011	7.549	
2	273.7, F	0.776	7.591	
2	311.5, F	1.199	7.633	
2	276.6, F	0.709	7.674	
2	297.0, F	1.125	7.716	
2	320.0, F	0.942	7.758	
2	298.3, F	0.971	7.799	
2	355.4, F	0.916	7.841	
2	280.6, F	0.603	7.883	
2	18.9, F	0.735	7.925	
2	302.0, F	1.499	7.966	
2	108.2, F	0.287	8.008	
2	300.0, F	1.074	8.050	
2	346.8, F	1.076	8.091	
2	14.0, F	1.092	8.133	
2	247.7, F	0.829	8.175	
2	355.2, F	1.283	8.217	
2	228.5, F	0.151	8.258	
2	350.4, F	2.216	8.300	
2	85.2, F	0.61	8.342	
2	338.8, F	0.887	8.383	
2	336.7, F	1.361	8.425	
2	29.4, F	1.063	8.467	
2	291.9, F	0.667	8.508	
2	22.3, F	1.03	8.550	
2	27.5, F	0.699	8.592	
2	332.2, F	1.863	8.634	
2	304.2, F	0.094	8.675	
2	352.3, F	0.646	8.717	
2	295.2, F	0.348	8.759	
2	11.3, F	1.168	8.800	
2	313.3, F	1.097	8.842	
2	342.2, F	0.393	8.884	
2	343.5, F	0.992	8.926	
2	6.3, F	1.061	8.967	
2	308.9, F	1.326	9.009	
2	319.1, F	0.521	9.051	
2	21.9, F	1.019	9.092	
2	321.8, F	1.856	9.134	
2	85.4, F	0.655	9.176	
2	322.7, F	0.84	9.218	
2	288.2, F	0.928	9.259	
2	347.1, F	1.428	9.301	
2	27.3, F	1.175	9.343	
2	298.8, F	0.834	9.384	
2	72.1, F	0.192	9.426	
2	358.9, F	1.173	9.468	
2	1.0, F	0.778	9.509	
2	332.5, F	0.256	9.551	
2	346.2, F	0.813	9.593	
2	333.8, F	0.98	9.635	
2	289.2, F	0.744	9.676	
2	11.7, F	1.028	9.718	
2	10.7, F	0.724	9.760	
2	357.6, F	0.964	9.801	
2	3.7, F	0.581	9.843	
2	357.2, F	1.167	9.885	
2	359.6, F	0.943	9.927	
2	2.3, F	1.191	9.968	
2	12.3, F	0.895	10.010	
2	18.4, F	0.409	10.052	
2	270.6, F	0.649	10.093	
2	22.5, F	1.125	10.135	
2	38.2, F	0.783	10.177	
2	329.4, F	1.256	10.219	
2	39.1, F	0.651	10.260	
2	294.6, F	0.991	10.302	
2	2.5, F	0.95	10.344	
2	343.2, F	0.422	10.385	
2	243.2, F	0.204	10.427	
2	26.6, F	0.901	10.469	
2	324.5, F	1.582	10.511	
2	194.4, F	0.113	10.552	
2	323.1, F	0.53	10.594	
2	333.7, F	1.809	10.636	
2	329.6, F	0.21	10.677	
2	346.4, F	0.946	10.719	
2	31.9, F	0.435	10.761	
2	331.0, F	2.046	10.802	
2	335.0, F	0.506	10.844	
2	28.9, F	1.165	10.886	
2	316.2, F	0.767	10.928	
2	10.9, F	0.726	10.969	
2	272.7, F	0.989	11.011	
2	5.2, F	0.577	11.053	
2	352.4, F	1.026	11.094	
2	349.1, F	1.023	11.136	
2	54.6, F	0.808	11.178	
2	280.2, F	0.283	11.220	
2	319.3, F	0.553	11.261	
2	25.7, F	1.465	11.303	
2	266.9, F	0.204	11.345	
2	352.2, F	0.517	11.386	
2	352.5, F	1.035	11.428	
2	357.7, F	1.266	11.470	
2	5.4, F	0.914	11.511	
2	7.4, F	0.467	11.553	
2	56.6, F	0.356	11.595	
2	27.3, F	1.819	11.637	
2	315.9, F	0.221	11.678	
2	2.6, F	0.671	11.720	
2	1.9, F	1.12	11.762	
2	10.6, F	1.136	11.803	
2	137.9, F	0.447	11.845	
2	16.8, F	1.11	11.887	
2	299.3, F	0.784	11.929	
2	56.5, F	0.708	11.970	
2	44.5, F	1.059	12.012	
2	300.7, F	0.252	12.054	
2	333.9, F	0.511	12.095	
2	351.8, F	1.239	12.137	
2	189.2, F	0.358	12.179	
2	354.2, F	0.946	12.221	
2	68.0, F	0.854	12.262	
2	317.9, F	0.353	12.304	
2	347.6, F	0.804	12.346	
2	324.2, F	0.413	12.387	
2	345.0, F	0.91	12.429	
2	34.8, F	1.222	12.471	
2	322.4, F	0.579	12.512	
2	344.3, F	1.068	12.554	
2	56.6, F	0.778	12.596	
2	327.3, F	0.576	12.638	
2	348.9, F	0.855	12.679	
2	318.7, F	0.303	12.721	
2	53.9, F	1.092	12.763	
2	334.1, F	0.37	12.804	
2	351.2, F	0.723	12.846	
2	280.7, F	0.146	12.888	
2	340.4, F	0.519	12.930	
2	310.3, F	0.269	12.971	
2	52.5, F	1.006	13.013	
2	347.5, F	0.942	13.055	
2	313.6, F	0.296	13.096	
2	346.8, F	0.979	13.138	
2	315.4, F	0.288	13.180	
2	125.8, F	0.913	13.222	
2	339.7, F	0.796	13.263	
2	349.7, F	0.196	13.305	
2	18.7, F	0.306	13.347	
2	359.6, F	0.79	13.388	
2	16.1, F	0.473	13.430	
2	4.9, F	0.737	13.472	
2	10.0, F	1.301	13.513	
2	83.7, F	0.391	13.555	
2	358.0, F	0.457	13.597	
2	4.7, F	1.833	13.639	
2	48.9, F	0.588	13.680	
2	12.8, F	0.878	13.722	
2	290.8, F	0.737	13.764	
2	358.8, F	1.14	13.805	
2	350.5, F	0.632	13.847	
2	283.5, F	0.167	13.889	
2	333.0, F	0.452	13.931	
2	53.6, F	0.806	13.972	
2	340.4, F	0.954	14.014	
2	303.2, F	0.396	14.056	
2	35.2, F	0.756	14.097	
2	296.3, F	0.924	14.139	
2	350.3, F	0.804	14.181	
2	296.6, F	0.511	14.223	
2	18.8, F	0.767	14.264	
2	308.9, F	1.387	14.306	
2	310.9, F	0.38	14.348	
2	33.2, F	0.926	14.389	
2	282.7, F	0.612	14.431	
2	10.7, F	1.017	14.473	
2	24.6, F	0.333	14.514	
2	5.5, F	0.665	14.556	
2	267.0, F	0.933	14.598	
2	1.6, F	0.698	14.640	
2	350.2, F	0.124	14.681	
2	357.9, F	0.412	14.723	
2	357.8, F	0.771	14.765	
2	10.7, F	0.435	14.806	
2	8.7, F	0.792	14.848	
2	67.5, F	0.217	14.890	
2	30.2, F	0.551	14.932	
2	69.0, F	0.742	14.973	
2	357.0, F	0.698	15.015	
2	91.9, F	0.178	15.057	
2	50.0, F	0.457	15.098	
2	40.5, F	1.644	15.140	
2	36.1, F	0.771	15.182	
2	328.9, F	0.232	15.224	
2	14.6, F	0.503	15.265	
2	31.1, F	1.491	15.307	
2	147.6, F	0.383	15.349	
2	23.1, F	0.878	15.390	
2	83.8, F	0.462	15.432	
2	359.3, F	0.912	15.474	
2	6.6, F	0.234	15.515	
2	35.7, F	0.642	15.557	
2	73.4, F	0.545	15.599	
2	0.5, F	0.999	15.641	
2	9.5, F	0.326	15.682	
2	25.9, F	0.878	15.724	
2	54.1, F	0.895	15.766	
2	3.3, F	0.744	15.807	
2	0.3, F	1.154	15.849	
2	119.0, F	0.297	15.891	
2	17.1, F	1.883	15.933	
2	357.6, F	1.21	15.974	
2	10.4, F	0.999	16.016	
2	36.7, F	1.01	16.058	
2	55.5, F	0.836	16.099	
2	14.7, F	0.585	16.141	
2	8.7, F	1.018	16.183	
2	24.3, F	0.476	16.225	
2	265.2, F	0.536	16.266	
2	32.7, F	1.315	16.308	
2	356.8, F	0.671	16.350	
2	359.8, F	1.16	16.391	
2	147.9, F	0.335	16.433	
2	12.4, F	1.899	16.475	
2	46.0, F	0.954	16.517	
2	327.9, F	0.384	16.558	
2	358.8, F	0.906	16.600	
2	15.7, F	1.325	16.642	
2	30.1, F	1.431	16.683	
2	None	0	16.725	0.04199999999999804
2	19.5, F	0.886	16.767	
2	21.4, F	2.412	16.808	
2	None	0	16.850	0.04199999999999804
2	13.0, F	0.471	16.892	
2	13.4, F	1.128	16.934	
2	344.4, F	1.38	16.975	
2	95.4, F	0.759	17.017	
2	338.8, F	0.518	17.059	
2	356.7, F	1.002	17.100	
2	3.4, F	1.27	17.142	
2	10.7, F	0.919	17.184	
2	21.1, F	0.535	17.226	
2	78.3, F	0.193	17.267	
2	8.0, F	1.43	17.309	
2	12.4, F	1.111	17.351	
2	321.4, F	1.123	17.392	
2	21.8, F	0.758	17.434	
2	13.4, F	1.249	17.476	
2	327.8, F	1.076	17.517	
2	35.1, F	0.773	17.559	
2	61.7, F	0.489	17.601	
2	345.2, F	1.538	17.643	
2	29.8, F	1.264	17.684	
2	334.2, F	0.661	17.726	
2	296.0, F	0.349	17.768	
2	350.9, F	1.317	17.809	
2	45.4, F	1.224	17.851	
2	337.2, F	0.421	17.893	
2	None	0	17.935	0.04100000000000037
2	9.4, F	1.071	17.976	
2	31.0, F	0.734	18.018	
2	339.7, F	1.344	18.060	
2	91.5, F	0.823	18.101	
2	14.6, F	1.121	18.143	
2	37.7, F	1.068	18.185	
2	353.2, F	1.326	18.227	
2	None	0	18.268	0.04199999999999804
2	21.5, F	0.96	18.310	
2	50.3, F	0.504	18.352	
2	35.7, F	0.928	18.393	
2	294.4, F	0.475	18.435	
2	339.1, F	1.256	18.477	
2	46.9, F	0.59	18.518	
2	327.9, F	1.122	18.560	
2	33.5, F	0.541	18.602	
2	8.1, F	0.46	18.644	
2	359.7, F	0.868	18.685	
2	331.6, F	0.383	18.727	
2	258.2, F	0.391	18.769	
2	332.9, F	1.951	18.810	
2	335.4, F	0.207	18.852	
2	340.2, F	0.654	18.894	
2	278.2, F	0.413	18.936	
2	10.4, F	0.799	18.977	
2	58.1, F	0.163	19.019	
2	355.8, F	0.441	19.061	
2	355.7, F	0.807	19.102	
2	320.8, F	0.323	19.144	
2	329.5, F	0.492	19.186	
2	246.4, F	0.232	19.228	
2	271.6, F	0.215	19.269	
2	59.7, F	0.914	19.311	
2	343.7, F	0.643	19.353	
2	227.6, F	0.252	19.394	
2	212.4, F	0.136	19.436	
2	21.1, F	0.145	19.478	
2	7.9, F	0.328	19.520	
2	26.2, F	0.254	19.561	
2	37.6, F	0.341	19.603	
2	52.1, F	0.449	19.645	
2	224.2, F	0.54	19.686	
2	51.9, F	0.509	19.728	
2	225.6, F	0.441	19.770	
2	52.6, F	0.452	19.811	
2	228.5, F	0.519	19.853	
2	40.0, F	0.49	19.895	
2	226.9, F	0.949	19.937	
2	51.6, F	0.283	19.978	
2	52.8, F	0.233	20.020	
2	40.6, F	0.204	20.062	
2	173.7, F	0.826	20.103	
2	281.4, F	0.912	20.145	
2	22.7, F	0.241	20.187	
2	16.5, F	0.327	20.229	
2	20.4, F	0.267	20.270	
2	173.4, F	0.52	20.312	
2	10.2, F	0.627	20.354	
2	162.8, F	0.243	20.395	
2	181.7, F	0.169	20.437	
2	355.2, F	0.915	20.479	
2	296.7, F	0.151	20.520	
2	267.3, F	0.19	20.562	
2	314.7, F	0.286	20.604	
2	208.9, F	0.93	20.646	
2	57.9, F	0.425	20.687	
2	38.7, F	0.331	20.729	
2	286.1, F	0.821	20.771	
2	5.8, F	0.538	20.812	
2	179.9, F	0.47	20.854	
2	350.6, F	0.548	20.896	
2	191.6, F	0.447	20.938	
2	190.9, F	0.297	20.979	
2	354.9, F	0.739	21.021	
2	196.4, F	0.294	21.063	
2	224.8, F	0.189	21.104	
2	94.8, F	0.733	21.146	
2	248.0, F	0.262	21.188	
2	343.1, F	0.975	21.230	
2	268.9, F	0.35	21.271	
2	84.5, F	0.404	21.313	
2	274.9, F	0.566	21.355	
2	78.9, F	0.414	21.396	
2	213.5, F	1.046	21.438	
2	66.2, F	0.365	21.480	
2	69.7, F	0.337	21.521	
2	284.8, F	0.713	21.563	
2	60.3, F	0.289	21.605	
2	40.1, F	0.282	21.647	
2	36.6, F	0.257	21.688	
2	170.8, F	0.798	21.730	
2	280.4, F	0.889	21.772	
2	54.0, F	0.136	21.813	
2	92.4, F	0.097	21.855	
2	84.7, F	0.097	21.897	
2	76.4, F	0.102	21.939	
2	21.4, F	0.14	21.980	
2	10.7, F	0.124	22.022	
2	None	0	22.064	0.04100000000000037
2	7.3, F	0.095	22.105	
2	180.7, F	0.942	22.147	
2	None	0	22.189	
2	None	0	22.231	
2	None	0	22.272	0.125
2	359.1, F	0.93	22.314	
2	190.0, F	0.097	22.356	
2	188.5, F	0.163	22.397	
2	189.7, F	0.136	22.439	
2	185.3, F	0.195	22.481	
2	184.4, F	0.208	22.523	
2	185.3, F	0.097	22.564	
2	186.6, F	0.104	22.606	
2	356.6, F	0.848	22.648	
2	203.4, F	0.202	22.689	
2	193.5, F	0.283	22.731	
2	200.2, F	0.171	22.773	
2	201.3, F	0.157	22.814	
2	355.2, F	0.8	22.856	
2	218.3, F	0.132	22.898	
2	243.4, F	0.15	22.940	
2	93.6, F	0.923	22.981	
2	216.9, F	0.155	23.023	
2	228.7, F	0.142	23.065	
2	225.3, F	0.158	23.106	
2	222.7, F	0.162	23.148	
2	None	0	23.190	0.04199999999999804
2	186.2, F	0.129	23.232	
2	0.4, F	0.857	23.273	
2	166.2, F	0.307	23.315	
2	161.0, F	0.422	23.357	
2	163.8, F	0.461	23.398	
2	29.8, F	0.459	23.440	
2	155.6, F	0.796	23.482	
2	288.8, F	0.589	23.523	
2	66.8, F	0.564	23.565	
2	286.3, F	0.403	23.607	
2	85.7, F	0.769	23.649	
2	276.0, F	0.164	23.690	
2	248.3, F	0.111	23.732	
2	200.5, F	0.157	23.774	
2	177.5, F	0.347	23.815	
2	180.4, F	0.319	23.857	
2	182.5, F	0.599	23.899	
2	354.0, F	0.343	23.941	
2	9.6, F	0.144	23.982	
2	None	0	24.024	0.04199999999999804
2	174.4, F	0.943	24.066	
2	92.5, F	0.182	24.107	
2	117.6, F	0.326	24.149	
2	24.5, F	0.845	24.191	
2	253.8, F	0.631	24.233	
2	116.0, F	0.581	24.274	
2	225.4, F	0.479	24.316	
2	50.4, F	0.847	24.358	
2	215.3, F	0.502	24.399	
2	210.2, F	0.589	24.441	
2	65.0, F	0.783	24.483	
2	321.1, F	0.387	24.524	
2	191.6, F	0.824	24.566	
2	306.6, F	0.126	24.608	
2	234.6, F	0.093	24.650	
2	None	0	24.691	0.04200000000000159
2	96.2, F	0.954	24.733	
2	203.3, F	0.103	24.775	
2	199.0, F	0.129	24.816	
2	189.4, F	0.178	24.858	
2	357.9, F	0.808	24.900	
2	176.9, F	0.3	24.942	
2	175.4, F	0.137	24.983	
2	172.5, F	0.2	25.025	
2	163.3, F	0.16	25.067	
2	4.9, F	0.835	25.108	
2	153.8, F	0.311	25.150	
2	254.3, F	0.893	25.192	
2	137.0, F	0.289	25.234	
2	125.2, F	0.217	25.275	
2	14.4, F	0.878	25.317	
2	125.6, F	0.251	25.359	
2	127.8, F	0.237	25.400	
2	259.2, F	0.814	25.442	
2	130.0, F	0.282	25.484	
2	129.8, F	0.278	25.525	
2	14.6, F	0.818	25.567	
2	252.3, F	0.798	25.609	
2	140.9, F	0.38	25.651	
2	132.9, F	0.385	25.692	
2	18.7, F	0.841	25.734	
2	262.6, F	0.682	25.776	
2	108.5, F	0.309	25.817	
2	107.7, F	0.335	25.859	
2	109.5, F	0.338	25.901	
2	260.6, F	0.624	25.943	
2	97.9, F	0.416	25.984	
2	264.3, F	0.515	26.026	
2	87.3, F	0.544	26.068	
2	279.9, F	0.365	26.109	
2	71.4, F	0.722	26.151	
2	310.3, F	0.453	26.193	
2	311.1, F	0.354	26.235	
2	72.1, F	0.773	26.276	
2	196.7, F	0.779	26.318	
2	324.7, F	0.32	26.360	
2	332.4, F	0.35	26.401	
2	192.6, F	0.674	26.443	
2	77.6, F	0.819	26.485	
2	315.9, F	0.235	26.526	
2	318.7, F	0.217	26.568	
2	334.0, F	0.251	26.610	
2	187.1, F	0.699	26.652	
2	345.2, F	0.271	26.693	
2	347.7, F	0.239	26.735	
2	348.9, F	0.238	26.777	
2	126.7, F	1.258	26.818	
2	283.2, F	0.98	26.860	
2	12.4, F	0.279	26.902	
2	13.0, F	0.222	26.944	
2	173.9, F	0.708	26.985	
2	11.0, F	0.304	27.027	
2	20.0, F	0.286	27.069	
2	20.4, F	0.267	27.110	
2	172.9, F	0.838	27.152	
2	None	0	27.194	
2	None	0	27.236	
2	None	0	27.277	
2	None	0	27.319	
2	None	0	27.361	
2	None	0	27.402	
2	None	0	27.444	
2	None	0	27.486	
2	None	0	27.527	
2	None	0	27.569	0.4170000000000016
2	209.4, F	0.11	27.611	
2	216.2, F	0.115	27.653	
2	217.6, F	0.149	27.694	
2	222.2, F	0.205	27.736	
2	347.9, F	0.876	27.778	
2	231.5, F	0.207	27.819	
2	233.2, F	0.192	27.861	
2	98.0, F	0.81	27.903	
2	269.4, F	0.181	27.945	
2	238.9, F	0.159	27.986	
2	240.9, F	0.113	28.028	
2	251.3, F	0.118	28.070	
2	240.7, F	0.123	28.111	
2	240.0, F	0.164	28.153	
2	96.7, F	0.907	28.195	
2	355.4, F	0.813	28.237	
2	185.5, F	0.218	28.278	
2	171.3, F	0.257	28.320	
2	171.5, F	0.258	28.362	
2	180.8, F	0.228	28.403	
2	356.0, F	0.782	28.445	
2	198.4, F	0.228	28.487	
2	201.1, F	0.297	28.528	
2	198.4, F	0.323	28.570	
2	351.1, F	0.64	28.612	
2	199.2, F	0.313	28.654	
2	199.7, F	0.318	28.695	
2	349.0, F	0.646	28.737	
2	199.5, F	0.299	28.779	
2	107.0, F	0.873	28.820	
2	348.3, F	0.698	28.862	
2	206.8, F	0.353	28.904	
2	216.5, F	0.306	28.946	
2	229.9, F	0.216	28.987	
2	346.3, F	0.807	29.029	
2	105.0, F	0.729	29.071	
2	237.4, F	0.451	29.112	
2	265.3, F	0.379	29.154	
2	83.7, F	0.54	29.196	
2	288.4, F	0.422	29.238	
2	291.2, F	0.439	29.279	
2	70.5, F	0.61	29.321	
2	313.0, F	0.443	29.363	
2	136.6, F	0.976	29.404	
2	310.7, F	0.365	29.446	
2	313.9, F	0.336	29.488	
2	310.7, F	0.333	29.529	
2	133.4, F	0.946	29.571	
2	313.6, F	0.374	29.613	
2	305.4, F	0.392	29.655	
2	67.1, F	0.605	29.696	
2	210.0, F	0.785	29.738	
2	314.4, F	0.51	29.780	
2	46.0, F	0.772	29.821	
2	229.4, F	0.49	29.863	
2	114.5, F	0.642	29.905	
2	328.7, F	0.791	29.947	
2	230.1, F	0.472	29.988	
2	116.9, F	0.654	30.030	
2	331.4, F	0.717	30.072	
2	113.6, F	0.725	30.113	
2	223.0, F	0.469	30.155	
2	330.7, F	0.64	30.197	
2	125.7, F	0.875	30.239	
2	325.2, F	0.51	30.280	
2	214.7, F	0.619	30.322	
2	315.6, F	0.576	30.364	
2	139.9, F	0.779	30.405	
2	305.6, F	0.639	30.447	
2	157.9, F	0.626	30.489	
2	24.6, F	0.416	30.530	
2	297.9, F	0.925	30.572	
2	177.4, F	0.493	30.614	
2	4.9, F	0.503	30.656	
2	172.8, F	0.455	30.697	
2	23.8, F	0.486	30.739	
2	177.4, F	0.457	30.781	
2	8.2, F	0.464	30.822	
2	183.9, F	0.49	30.864	
2	1.2, F	0.391	30.906	
2	181.7, F	0.578	30.948	
2	332.7, F	0.362	30.989	
2	331.5, F	0.338	31.031	
2	193.8, F	0.672	31.073	
2	332.2, F	0.4	31.114	
2	66.0, F	0.702	31.156	
2	209.7, F	0.754	31.198	
2	311.3, F	0.478	31.240	
2	49.6, F	0.549	31.281	
2	230.0, F	0.955	31.323	
2	31.6, F	0.35	31.365	
2	26.6, F	0.366	31.406	
2	170.6, F	0.577	31.448	
2	4.4, F	0.4	31.490	
2	186.0, F	0.481	31.531	
2	352.0, F	0.591	31.573	
2	191.3, F	0.403	31.615	
2	349.9, F	0.556	31.657	
2	195.7, F	0.352	31.698	
2	350.7, F	0.709	31.740	
2	201.5, F	0.303	31.782	
2	206.8, F	0.206	31.823	
2	218.2, F	0.173	31.865	
2	225.0, F	0.194	31.907	
2	45.6, F	1.172	31.949	
2	220.4, F	0.213	31.990	
2	211.6, F	0.164	32.032	
2	214.5, F	0.148	32.074	
2	220.0, F	0.162	32.115	
2	223.6, F	0.146	32.157	
2	223.1, F	0.195	32.199	
2	351.5, F	0.836	32.241	
2	228.0, F	0.161	32.282	
2	95.7, F	0.85	32.324	
2	241.5, F	0.147	32.366	
2	240.4, F	0.133	32.407	
2	262.2, F	7.087	32.449	
2	None	0	32.491	
2	None	0	32.532	
2	None	0	32.574	0.125
2	17.3, F	0.131	32.616	
2	None	0	32.658	
2	None	0	32.699	
2	None	0	32.741	
2	None	0	32.783	
2	None	0	32.824	
2	None	0	32.866	0.25
2	109.7, F	0.124	32.908	
2	267.7, F	0.856	32.950	
2	110.4, F	0.226	32.991	
2	110.6, F	0.255	33.033	
2	103.9, F	0.376	33.075	
2	104.5, F	0.565	33.116	
2	232.6, F	0.317	33.158	
2	231.0, F	0.265	33.200	
2	345.4, F	0.829	33.242	
2	104.6, F	0.83	33.283	
2	207.1, F	0.191	33.325	
2	191.3, F	0.235	33.367	
2	180.2, F	0.272	33.408	
2	9.6, F	0.577	33.450	
2	134.3, F	0.354	33.492	
2	127.0, F	0.326	33.533	
2	316.9, F	0.965	33.575	
2	132.3, F	0.401	33.617	
2	130.8, F	0.34	33.659	
2	258.5, F	0.799	33.700	
2	6.9, F	0.858	33.742	
2	153.4, F	0.145	33.784	
2	182.9, F	0.117	33.825	
2	218.6, F	0.183	33.867	
2	212.4, F	0.159	33.909	
2	220.5, F	0.154	33.951	
2	212.7, F	0.176	33.992	
2	225.0, F	0.156	34.034	
2	43.9, F	1.186	34.076	
2	234.6, F	0.174	34.117	
2	None	0	34.159	
2	None	0	34.201	
2	None	0	34.243	
2	None	0	34.284	0.1670000000000016
2	15.2, F	0.13	34.326	
2	31.2, F	0.157	34.368	
2	41.2, F	0.246	34.409	
2	38.4, F	0.367	34.451	
2	134.4, F	0.606	34.493	
2	322.8, F	0.748	34.535	
2	119.5, F	0.674	34.576	
2	230.9, F	0.423	34.618	
2	345.3, F	0.852	34.660	
2	97.0, F	0.796	34.701	
2	242.6, F	0.206	34.743	
2	240.4, F	0.168	34.785	
2	231.9, F	0.112	34.826	
2	None	0	34.868	0.041999999999994486
2	337.1, F	0.147	34.910	
2	4.9, F	0.212	34.952	
2	30.0, F	0.272	34.993	
2	22.6, F	0.369	35.035	
2	169.3, F	0.667	35.077	
2	20.0, F	0.35	35.118	
2	20.8, F	0.461	35.160	
2	168.8, F	0.667	35.202	
2	23.1, F	0.321	35.244	
2	304.7, F	0.972	35.285	
2	146.2, F	0.374	35.327	
2	132.8, F	0.383	35.369	
2	22.5, F	0.781	35.410	
2	257.6, F	0.67	35.452	
2	111.5, F	0.467	35.494	
2	101.3, F	0.413	35.535	
2	268.6, F	0.576	35.577	
2	89.8, F	0.361	35.619	
2	280.0, F	0.526	35.661	
2	75.4, F	0.48	35.702	
2	68.2, F	0.475	35.744	
2	284.8, F	0.5	35.786	
2	68.4, F	0.479	35.827	
2	288.2, F	0.586	35.869	
2	153.7, F	0.924	35.911	
2	293.9, F	0.692	35.953	
2	37.2, F	0.453	35.994	
2	29.4, F	0.41	36.036	
2	237.0, F	0.936	36.078	
2	13.5, F	0.455	36.119	
2	183.6, F	0.523	36.161	
2	342.3, F	0.556	36.203	
2	202.2, F	0.447	36.245	
2	345.8, F	0.514	36.286	
2	127.6, F	0.785	36.328	
2	324.4, F	0.659	36.370	
2	212.8, F	0.592	36.411	
2	51.5, F	0.813	36.453	
2	218.7, F	0.578	36.495	
2	333.1, F	0.586	36.536	
2	122.3, F	0.828	36.578	
2	214.4, F	0.475	36.620	
2	1.1, F	0.489	36.662	
2	197.2, F	0.447	36.703	
2	348.9, F	0.55	36.745	
2	179.3, F	0.397	36.787	
2	7.4, F	0.609	36.828	
2	145.8, F	0.328	36.870	
2	141.8, F	0.393	36.912	
2	20.8, F	0.718	36.954	
2	141.2, F	0.329	36.995	
2	258.4, F	0.744	37.037	
2	116.6, F	0.349	37.079	
2	17.8, F	0.845	37.120	
2	113.2, F	0.353	37.162	
2	252.9, F	0.651	37.204	
2	118.9, F	0.393	37.246	
2	107.3, F	0.379	37.287	
2	258.8, F	0.568	37.329	
2	95.9, F	0.467	37.371	
2	335.5, F	0.873	37.412	
2	102.5, F	0.725	37.454	
2	239.9, F	0.176	37.496	
2	None	0	37.538	
2	None	0	37.579	0.08300000000000551
2	342.3, F	0.115	37.621	
2	335.4, F	0.132	37.663	
2	None	0	37.704	0.04200000000000159
2	331.2, F	0.129	37.746	
2	296.7, F	0.165	37.788	
2	81.9, F	0.785	37.829	
2	190.9, F	0.869	37.871	
2	327.3, F	0.272	37.913	
2	321.4, F	0.196	37.955	
2	21.2, F	0.1	37.996	
2	28.0, F	0.245	38.038	
2	46.6, F	0.246	38.080	
2	156.9, F	0.819	38.121	
2	55.1, F	0.556	38.163	
2	279.7, F	0.405	38.205	
2	82.6, F	0.577	38.247	
2	269.9, F	0.387	38.288	
2	270.0, F	0.349	38.330	
2	99.9, F	0.67	38.372	
2	250.7, F	0.459	38.413	
2	96.1, F	0.478	38.455	
2	249.9, F	0.404	38.497	
2	256.5, F	0.304	38.538	
2	92.5, F	0.785	38.580	
2	None	0	38.622	0.04200000000000159
2	115.7, F	0.256	38.664	
2	101.9, F	0.363	38.705	
2	259.8, F	0.475	38.747	
2	92.9, F	0.623	38.789	
2	355.7, F	0.88	38.830	
2	142.5, F	0.153	38.872	
2	107.3, F	0.248	38.914	
2	96.4, F	0.44	38.956	
2	220.3, F	0.244	38.997	
2	104.4, F	0.96	39.039	
2	168.2, F	0.288	39.081	
2	16.8, F	0.735	39.122	
2	207.6, F	0.623	39.164	
2	136.2, F	1.141	39.206	
2	329.0, F	0.132	39.248	
2	76.7, F	0.144	39.289	
2	104.3, F	0.363	39.331	
2	103.8, F	0.448	39.373	
2	237.6, F	0.405	39.414	
2	341.9, F	0.718	39.456	
2	116.7, F	0.893	39.498	
2	203.2, F	0.461	39.539	
2	356.5, F	0.463	39.581	
2	194.7, F	0.473	39.623	
2	20.8, F	0.451	39.665	
2	157.2, F	0.683	39.706	
2	49.3, F	0.486	39.748	
2	295.3, F	0.617	39.790	
2	151.1, F	1.056	39.831	
2	270.3, F	0.343	39.873	
2	88.9, F	0.667	39.915	
2	265.9, F	0.226	39.957	
2	None	0	39.998	
2	None	0	40.040	
2	None	0	40.082	0.125
2	151.3, F	0.144	40.123	
2	11.3, F	0.849	40.165	
2	134.2, F	0.255	40.207	
2	131.1, F	0.28	40.249	
2	131.2, F	0.258	40.290	
2	129.0, F	0.257	40.332	
2	261.3, F	0.791	40.374	
2	13.9, F	0.827	40.415	
2	128.2, F	0.258	40.457	
2	139.8, F	0.31	40.499	
2	136.4, F	0.286	40.541	
2	255.1, F	0.826	40.582	
2	13.7, F	0.692	40.624	
2	148.2, F	0.315	40.666	
2	151.1, F	0.368	40.707	
2	147.4, F	0.325	40.749	
2	24.0, F	0.501	40.791	
2	241.8, F	0.906	40.832	
2	19.7, F	0.566	40.874	
2	161.2, F	0.511	40.916	
2	15.9, F	0.581	40.958	
2	161.3, F	0.474	40.999	
2	307.3, F	1.012	41.041	
2	158.9, F	0.467	41.083	
2	153.4, F	0.385	41.124	
2	28.0, F	0.563	41.166	
2	160.6, F	0.506	41.208	
2	35.4, F	0.585	41.250	
2	239.2, F	0.808	41.291	
2	31.1, F	0.648	41.333	
2	146.8, F	0.577	41.375	
2	309.5, F	0.731	41.416	
2	143.4, F	0.743	41.458	
2	307.1, F	0.695	41.500	
2	148.2, F	0.719	41.541	
2	42.0, F	0.471	41.583	
2	296.0, F	0.754	41.625	
2	157.0, F	0.633	41.667	
2	21.2, F	0.427	41.708	
2	230.5, F	1.088	41.750	
2	36.6, F	0.193	41.792	
2	33.9, F	0.095	41.833	
2	346.4, F	0.128	41.875	
2	310.9, F	0.138	41.917	
2	313.5, F	0.167	41.959	
2	277.8, F	0.154	42.000	
2	143.8, F	1.27	42.042	
2	344.9, F	0.904	42.084	
2	232.4, F	0.314	42.125	
2	237.5, F	0.348	42.167	
2	110.9, F	0.693	42.209	
2	234.9, F	0.438	42.251	
2	325.4, F	0.777	42.292	
2	133.6, F	0.593	42.334	
2	234.9, F	0.758	42.376	
2	40.4, F	0.63	42.417	
2	155.0, F	0.758	42.459	
2	289.0, F	0.757	42.501	
2	49.6, F	0.315	42.542	
2	166.1, F	0.885	42.584	
2	275.5, F	0.803	42.626	
2	84.6, F	0.129	42.668	
2	74.6, F	0.136	42.709	
2	113.8, F	0.119	42.751	
2	150.1, F	0.122	42.793	
2	174.5, F	0.228	42.834	
2	356.6, F	0.715	42.876	
2	202.0, F	0.329	42.918	
2	206.5, F	0.471	42.960	
2	332.3, F	0.47	43.001	
2	209.8, F	0.607	43.043	
2	56.2, F	0.795	43.085	
2	219.6, F	0.696	43.126	
2	301.6, F	0.682	43.168	
2	148.1, F	0.727	43.210	
2	48.7, F	0.412	43.252	
2	283.6, F	0.757	43.293	
2	48.5, F	0.199	43.335	
2	173.6, F	0.913	43.377	
2	None	0	43.418	
2	None	0	43.460	0.08400000000000318
2	248.4, F	0.209	43.502	
2	247.2, F	0.273	43.544	
2	336.9, F	0.855	43.585	
2	110.5, F	0.64	43.627	
2	247.5, F	0.503	43.669	
2	235.8, F	0.564	43.710	
2	118.2, F	0.596	43.752	
2	325.5, F	0.892	43.794	
2	129.2, F	0.527	43.835	
2	228.0, F	0.794	43.877	
2	40.7, F	0.567	43.919	
2	148.5, F	0.731	43.961	
2	295.3, F	0.636	44.002	
2	59.7, F	0.463	44.044	
2	289.4, F	0.568	44.086	
2	156.0, F	0.941	44.127	
2	68.5, F	0.385	44.169	
2	274.4, F	0.641	44.211	
2	94.5, F	0.347	44.253	
2	95.2, F	0.341	44.294	
2	261.1, F	0.548	44.336	
2	110.1, F	0.46	44.378	
2	253.8, F	0.578	44.419	
2	28.9, F	0.918	44.461	
2	245.6, F	0.703	44.503	
2	143.8, F	0.514	44.544	
2	143.1, F	0.45	44.586	
2	23.6, F	0.575	44.628	
2	236.0, F	0.894	44.670	
2	30.3, F	0.483	44.711	
2	159.1, F	0.649	44.753	
2	39.5, F	0.462	44.795	
2	292.0, F	0.784	44.836	
2	155.1, F	0.713	44.878	
2	42.1, F	0.395	44.920	
2	291.8, F	0.747	44.962	
2	167.2, F	0.747	45.003	
2	24.6, F	0.298	45.045	
2	8.7, F	0.264	45.087	
2	359.1, F	0.254	45.128	
2	196.9, F	0.564	45.170	
2	326.8, F	0.752	45.212	
2	242.0, F	0.637	45.254	
2	17.3, F	0.859	45.295	
2	None	0	45.337	0.041999999999994486
2	277.9, F	0.284	45.379	
2	280.3, F	0.464	45.420	
2	295.5, F	0.645	45.462	
2	168.9, F	0.683	45.504	
2	2.3, F	0.222	45.545	
2	330.1, F	0.228	45.587	
2	314.4, F	0.273	45.629	
2	199.8, F	0.919	45.671	
2	76.8, F	0.488	45.712	
2	280.1, F	0.57	45.754	
2	67.1, F	0.409	45.796	
2	279.7, F	0.789	45.837	
2	36.5, F	0.252	45.879	
2	179.4, F	0.728	45.921	
2	356.1, F	0.341	45.963	
2	305.3, F	0.277	46.004	
2	277.3, F	0.368	46.046	
2	284.6, F	0.459	46.088	
2	83.2, F	0.423	46.129	
2	81.6, F	0.281	46.171	
2	217.7, F	1.179	46.213	
2	63.0, F	0.295	46.255	
2	83.2, F	0.194	46.296	
2	62.7, F	0.163	46.338	
2	277.5, F	0.86	46.380	
2	None	0	46.421	0.04200000000000159
2	192.8, F	0.122	46.463	
2	289.7, F	0.169	46.505	
2	298.4, F	0.301	46.547	
2	88.0, F	0.595	46.588	
2	261.6, F	0.467	46.630	
2	285.8, F	0.587	46.672	
2	57.6, F	0.437	46.713	
2	54.8, F	0.373	46.755	
2	222.4, F	1.052	46.797	
2	49.5, F	0.289	46.838	
2	46.4, F	0.207	46.880	
2	40.9, F	0.197	46.922	
2	28.8, F	0.135	46.964	
2	274.6, F	0.937	47.005	
2	40.3, F	0.096	47.047	
2	178.0, F	0.929	47.089	
2	None	0	47.130	
2	None	0	47.172	
2	None	0	47.214	
2	None	0	47.256	
2	None	0	47.297	0.20899999999999608
2	168.6, F	0.101	47.339	
2	160.9, F	0.104	47.381	
2	3.2, F	0.871	47.422	
2	162.8, F	0.129	47.464	
2	None	0	47.506	0.04099999999999682
2	159.2, F	0.102	47.547	
2	None	0	47.589	
2	None	0	47.631	
2	None	0	47.673	
2	None	0	47.714	
2	None	0	47.756	
2	None	0	47.798	0.25
2	68.8, F	0.119	47.839	
2	55.8, F	0.185	47.881	
2	58.1, F	0.174	47.923	
2	280.6, F	0.821	47.965	
2	46.1, F	0.323	48.006	
2	46.6, F	0.335	48.048	
2	162.8, F	0.784	48.090	
2	293.9, F	0.803	48.131	
2	36.1, F	0.437	48.173	
2	155.3, F	0.632	48.215	
2	19.0, F	0.566	48.257	
2	156.4, F	0.45	48.298	
2	308.7, F	1.009	48.340	
2	149.0, F	0.362	48.382	
2	141.1, F	0.307	48.423	
2	15.3, F	0.719	48.465	
2	133.5, F	0.342	48.507	
2	252.6, F	0.754	48.548	
2	126.3, F	0.335	48.590	
2	21.7, F	0.917	48.632	
2	263.6, F	0.536	48.674	
2	98.1, F	0.463	48.715	
2	264.8, F	0.486	48.757	
2	87.5, F	0.547	48.799	
2	274.4, F	0.42	48.840	
2	78.0, F	0.607	48.882	
2	288.8, F	0.392	48.924	
2	77.8, F	0.608	48.966	
2	294.6, F	0.413	49.007	
2	204.5, F	0.879	49.049	
2	65.2, F	0.711	49.091	
2	312.2, F	0.435	49.132	
2	309.8, F	0.448	49.174	
2	136.6, F	0.867	49.216	
2	311.2, F	0.533	49.258	
2	58.2, F	0.658	49.299	
2	222.6, F	0.754	49.341	
2	47.0, F	0.611	49.383	
2	230.8, F	0.724	49.424	
2	44.7, F	0.635	49.466	
2	226.6, F	0.749	49.508	
2	30.7, F	0.722	49.550	
2	236.1, F	0.69	49.591	
2	27.4, F	0.752	49.633	
2	134.9, F	0.467	49.675	
2	247.3, F	0.706	49.716	
2	26.5, F	0.775	49.758	
2	118.4, F	0.391	49.800	
2	261.9, F	0.682	49.841	
2	113.2, F	0.323	49.883	
2	114.5, F	0.291	49.925	
2	264.7, F	0.741	49.967	
2	13.5, F	0.978	50.008	
2	95.4, F	0.202	50.050	
2	68.9, F	0.131	50.092	
2	None	0	50.133	0.041999999999994486
2	271.0, F	0.899	50.175	
2	None	0	50.217	0.04200000000000159
2	175.1, F	1.037	50.259	
2	5.9, F	0.936	50.300	
2	97.1, F	0.122	50.342	
2	93.1, F	0.129	50.384	
2	108.0, F	0.139	50.425	
2	102.2, F	0.142	50.467	
2	109.6, F	0.11	50.509	
2	267.9, F	0.866	50.550	
2	None	0	50.592	0.04200000000000159
2	180.0, F	0.102	50.634	
2	215.4, F	0.19	50.676	
2	230.6, F	0.145	50.717	
2	233.6, F	0.17	50.759	
2	93.4, F	0.752	50.801	
2	278.5, F	0.391	50.842	
2	274.6, F	0.499	50.884	
2	70.6, F	0.371	50.926	
2	278.5, F	0.651	50.968	
2	46.9, F	0.129	51.009	
2	3.8, F	0.105	51.051	
2	347.1, F	0.25	51.093	
2	337.8, F	0.238	51.134	
2	201.2, F	0.8	51.176	
2	304.9, F	0.467	51.218	
2	52.0, F	0.614	51.260	
2	227.3, F	0.863	51.301	
2	24.2, F	0.452	51.343	
2	11.1, F	0.438	51.385	
2	183.5, F	0.547	51.426	
2	345.0, F	0.461	51.468	
2	202.3, F	0.54	51.510	
2	317.8, F	0.484	51.551	
2	212.1, F	0.803	51.593	
2	46.8, F	0.574	51.635	
2	305.6, F	0.813	51.677	
2	168.2, F	0.476	51.718	
2	12.9, F	0.481	51.760	
2	177.2, F	0.52	51.802	
2	351.8, F	0.421	51.843	
2	188.9, F	0.545	51.885	
2	348.2, F	0.478	51.927	
2	224.9, F	0.482	51.969	
2	327.9, F	0.985	52.010	
2	108.5, F	0.458	52.052	
2	258.5, F	0.665	52.094	
2	138.3, F	0.307	52.135	
2	175.5, F	0.308	52.177	
2	359.7, F	0.665	52.219	
2	187.0, F	0.344	52.261	
2	187.8, F	0.324	52.302	
2	347.0, F	0.7	52.344	
2	216.8, F	0.351	52.386	
2	222.2, F	0.333	52.427	
2	43.5, F	1.004	52.469	
2	249.0, F	0.546	52.511	
2	249.4, F	0.637	52.552	
2	134.9, F	0.37	52.594	
2	10.8, F	0.712	52.636	
2	180.0, F	0.31	52.678	
2	191.2, F	0.426	52.719	
2	344.3, F	0.522	52.761	
2	204.2, F	0.535	52.803	
2	327.5, F	0.459	52.844	
2	211.0, F	0.728	52.886	
2	55.7, F	0.595	52.928	
2	215.6, F	0.834	52.970	
2	47.4, F	0.495	53.011	
2	289.9, F	0.798	53.053	
2	163.6, F	0.804	53.095	
2	58.9, F	0.221	53.136	
2	115.8, F	0.106	53.178	
2	275.3, F	0.902	53.220	
2	31.7, F	0.169	53.262	
2	45.0, F	0.109	53.303	
2	15.7, F	0.14	53.345	
2	353.8, F	0.185	53.387	
2	338.9, F	0.297	53.428	
2	195.5, F	0.671	53.470	
2	326.2, F	0.572	53.512	
2	128.5, F	0.487	53.553	
2	312.9, F	1.008	53.595	
2	130.8, F	0.213	53.637	
2	166.0, F	0.095	53.679	
2	232.3, F	0.095	53.720	
2	284.4, F	0.14	53.762	
2	306.1, F	0.256	53.804	
2	308.1, F	0.357	53.845	
2	64.6, F	0.675	53.887	
2	308.7, F	0.531	53.929	
2	238.5, F	0.635	53.971	
2	26.7, F	0.875	54.012	
2	106.9, F	0.357	54.054	
2	263.9, F	0.671	54.096	
2	99.5, F	0.28	54.137	
2	62.6, F	0.285	54.179	
2	280.0, F	0.723	54.221	
2	53.6, F	0.448	54.263	
2	42.0, F	0.612	54.304	
2	228.3, F	0.648	54.346	
2	43.7, F	0.783	54.388	
2	231.7, F	0.5	54.429	
2	109.6, F	0.642	54.471	
2	339.3, F	0.888	54.513	
2	258.6, F	0.313	54.554	
2	87.5, F	0.627	54.596	
2	276.5, F	0.328	54.638	
2	281.5, F	0.285	54.680	
2	81.4, F	0.711	54.721	
2	303.1, F	0.285	54.763	
2	198.7, F	0.767	54.805	
2	327.9, F	0.461	54.846	
2	57.3, F	0.897	54.888	
2	211.3, F	0.563	54.930	
2	327.1, F	0.455	54.972	
2	126.3, F	0.934	55.013	
2	332.7, F	0.571	55.055	
2	209.5, F	0.517	55.097	
2	333.3, F	0.586	55.138	
2	124.2, F	0.837	55.180	
2	328.2, F	0.601	55.222	
2	219.0, F	0.584	55.264	
2	35.7, F	0.813	55.305	
2	246.7, F	0.68	55.347	
2	138.7, F	0.407	55.389	
2	311.7, F	1.082	55.430	
2	144.4, F	0.268	55.472	
2	150.0, F	0.208	55.514	
2	161.7, F	0.197	55.555	
2	160.9, F	0.107	55.597	
2	2.2, F	0.807	55.639	
2	160.9, F	0.186	55.681	
2	144.5, F	0.158	55.722	
2	142.2, F	0.147	55.764	
2	110.0, F	0.164	55.806	
2	270.9, F	0.717	55.847	
2	86.4, F	0.315	55.889	
2	87.0, F	0.329	55.931	
2	85.8, F	0.355	55.973	
2	278.1, F	0.414	56.014	
2	84.0, F	0.551	56.056	
2	287.4, F	0.405	56.098	
2	266.4, F	0.349	56.139	
2	76.9, F	0.631	56.181	
2	305.6, F	0.385	56.223	
2	305.2, F	0.371	56.265	
2	132.7, F	0.933	56.306	
2	327.4, F	0.7	56.348	
2	225.7, F	0.409	56.390	
2	40.7, F	1.047	56.431	
2	263.8, F	0.305	56.473	
2	282.3, F	0.347	56.515	
2	74.1, F	0.674	56.556	
2	312.0, F	0.478	56.598	
2	207.6, F	0.7	56.640	
2	31.8, F	0.829	56.682	
2	243.2, F	0.621	56.723	
2	26.6, F	0.852	56.765	
2	249.8, F	0.682	56.807	
2	89.2, F	0.374	56.848	
2	67.0, F	0.462	56.890	
2	285.4, F	0.398	56.932	
2	76.7, F	0.733	56.974	
2	349.8, F	0.437	57.015	
2	187.7, F	0.545	57.057	
2	355.8, F	0.412	57.099	
2	177.9, F	0.541	57.140	
2	13.9, F	0.496	57.182	
2	149.4, F	0.402	57.224	
2	20.5, F	0.9	57.266	
2	247.0, F	0.538	57.307	
2	94.3, F	0.727	57.349	
2	258.0, F	0.24	57.391	
2	284.4, F	0.221	57.432	
2	84.2, F	0.761	57.474	
2	300.7, F	0.252	57.516	
2	312.3, F	0.26	57.557	
2	309.7, F	0.263	57.599	
2	77.0, F	0.767	57.641	
2	196.0, F	0.932	57.683	
2	317.1, F	0.366	57.724	
2	318.3, F	0.448	57.766	
2	63.3, F	0.734	57.808	
2	238.6, F	0.639	57.849	
2	43.9, F	0.643	57.891	
2	236.9, F	0.804	57.933	
2	31.8, F	0.6	57.975	
2	234.7, F	1.027	58.016	
2	6.4, F	0.501	58.058	
2	175.8, F	0.342	58.100	
2	358.2, F	0.484	58.141	
2	184.5, F	0.589	58.183	
2	354.2, F	0.668	58.225	
2	190.4, F	0.414	58.267	
2	191.6, F	0.347	58.308	
2	349.2, F	0.721	58.350	
2	108.0, F	0.864	58.392	
2	239.0, F	0.295	58.433	
2	233.8, F	0.421	58.475	
2	327.7, F	0.831	58.517	
2	119.1, F	0.444	58.558	
2	248.8, F	0.601	58.600	
2	127.7, F	0.345	58.642	
2	10.4, F	0.775	58.684	
2	158.0, F	0.179	58.725	
2	259.8, F	1.006	58.767	
2	207.2, F	0.162	58.809	
2	94.4, F	0.857	58.850	
2	228.5, F	0.184	58.892	
2	349.9, F	0.779	58.934	
2	215.6, F	0.156	58.976	
2	None	0	59.017	0.041999999999994486
2	147.7, F	0.18	59.059	
2	139.1, F	0.279	59.101	
2	134.4, F	0.349	59.142	
2	29.4, F	0.749	59.184	
2	235.8, F	0.667	59.226	
2	129.3, F	0.643	59.268	
2	299.8, F	0.499	59.309	
2	145.0, F	1.034	59.351	
2	285.5, F	0.348	59.393	
2	283.6, F	0.247	59.434	
2	92.5, F	0.792	59.476	
2	221.0, F	0.236	59.518	
2	232.1, F	0.184	59.559	
2	350.0, F	0.794	59.601	
2	207.6, F	0.328	59.643	
2	204.1, F	0.435	59.685	
2	120.8, F	0.986	59.726	
2	342.0, F	0.371	59.768	
2	350.9, F	0.27	59.810	
2	177.9, F	0.777	59.851	
2	359.1, F	0.187	59.893	
2	350.2, F	0.177	59.935	
2	315.4, F	0.194	59.977	
2	268.7, F	0.536	60.018	
2	109.0, F	0.326	60.060	
2	259.2, F	0.926	60.102	
2	204.0, F	0.142	60.143	
2	225.0, F	0.264	60.185	
2	234.2, F	0.323	60.227	
2	104.6, F	0.671	60.269	
2	326.3, F	0.751	60.310	
2	241.3, F	0.601	60.352	
2	136.3, F	0.641	60.394	
2	54.7, F	0.615	60.435	
2	217.7, F	0.763	60.477	
2	66.8, F	0.685	60.519	
2	292.6, F	0.353	60.560	
2	281.4, F	0.355	60.602	
2	143.1, F	1.105	60.644	
2	260.8, F	0.3	60.686	
2	260.3, F	0.292	60.727	
2	237.6, F	0.323	60.769	
2	48.4, F	1.051	60.811	
2	200.3, F	0.398	60.852	
2	185.5, F	0.365	60.894	
2	7.5, F	0.582	60.936	
2	156.5, F	0.492	60.978	
2	46.4, F	0.619	61.019	
2	218.2, F	0.617	61.061	
2	53.1, F	0.893	61.103	
2	202.8, F	0.426	61.144	
2	183.8, F	0.367	61.186	
2	356.1, F	0.512	61.228	
2	182.6, F	0.572	61.270	
2	358.1, F	0.512	61.311	
2	167.5, F	0.721	61.353	
2	23.7, F	0.398	61.395	
2	56.9, F	0.284	61.436	
2	58.2, F	0.3	61.478	
2	159.2, F	0.834	61.520	
2	275.3, F	0.641	61.561	
2	83.5, F	0.352	61.603	
2	105.8, F	0.372	61.645	
2	267.2, F	0.63	61.687	
2	105.7, F	0.378	61.728	
2	250.5, F	0.525	61.770	
2	112.4, F	0.625	61.812	
2	339.2, F	0.845	61.853	
2	104.1, F	0.787	61.895	
2	211.1, F	0.326	61.937	
2	200.2, F	0.432	61.979	
2	345.7, F	0.584	62.020	
2	199.2, F	0.431	62.062	
2	44.5, F	1.152	62.104	
2	203.8, F	0.424	62.145	
2	199.1, F	0.395	62.187	
2	349.0, F	0.692	62.229	
2	192.1, F	0.553	62.271	
2	193.4, F	0.525	62.312	
2	342.6, F	0.331	62.354	
2	340.3, F	0.253	62.396	
2	122.1, F	1.08	62.437	
2	348.4, F	0.397	62.479	
2	320.4, F	0.227	62.521	
2	187.3, F	0.844	62.562	
2	326.6, F	0.113	62.604	
2	346.7, F	0.117	62.646	
2	17.5, F	0.116	62.688	
2	None	0	62.729	
2	None	0	62.771	
2	None	0	62.813	0.125
2	304.4, F	0.161	62.854	
2	306.9, F	0.25	62.896	
2	306.4, F	0.25	62.938	
2	141.7, F	1.094	62.980	
2	281.2, F	0.483	63.021	
2	273.9, F	0.323	63.063	
2	92.3, F	0.755	63.105	
2	303.7, F	0.206	63.146	
2	205.2, F	0.113	63.188	
2	173.7, F	0.219	63.230	
2	145.1, F	0.19	63.272	
2	15.0, F	0.742	63.313	
2	124.4, F	0.69	63.355	
2	203.6, F	0.544	63.397	
2	66.8, F	1.011	63.438	
2	177.3, F	0.583	63.480	
2	39.7, F	0.473	63.522	
2	301.3, F	0.699	63.563	
2	140.3, F	0.848	63.605	
2	310.6, F	0.424	63.647	
2	73.5, F	0.988	63.689	
2	176.1, F	0.626	63.730	
2	24.6, F	0.281	63.772	
2	39.3, F	0.287	63.814	
2	219.8, F	0.863	63.855	
2	63.0, F	0.593	63.897	
2	305.8, F	0.427	63.939	
2	72.5, F	0.811	63.981	
2	187.5, F	0.798	64.022	
2	346.5, F	0.133	64.064	
2	359.4, F	0.095	64.106	
2	38.0, F	0.115	64.147	
2	55.3, F	0.206	64.189	
2	65.1, F	0.273	64.231	
2	64.7, F	0.361	64.273	
2	215.5, F	1.096	64.314	
2	77.1, F	0.44	64.356	
2	275.7, F	0.491	64.398	
2	80.4, F	0.542	64.439	
2	281.3, F	0.454	64.481	
2	89.9, F	0.718	64.523	
2	295.2, F	0.211	64.564	
2	302.2, F	0.16	64.606	
2	309.4, F	0.123	64.648	
2	85.3, F	1.038	64.690	
2	49.8, F	0.101	64.731	
2	274.4, F	0.868	64.773	
2	167.9, F	0.974	64.815	
2	80.5, F	0.547	64.856	
2	82.0, F	0.57	64.898	
2	281.4, F	0.355	64.940	
2	273.5, F	0.265	64.982	
2	84.7, F	0.815	65.023	
2	308.6, F	0.146	65.065	
2	None	0	65.107	0.04099999999999682
2	348.2, F	0.167	65.148	
2	25.0, F	0.18	65.190	
2	22.8, F	0.234	65.232	
2	173.0, F	0.731	65.274	
2	18.9, F	0.428	65.315	
2	12.5, F	0.492	65.357	
2	169.4, F	0.526	65.399	
2	305.5, F	1.152	65.440	
2	163.2, F	0.319	65.482	
2	157.4, F	0.122	65.524	
2	2.1, F	0.884	65.566	
2	168.0, F	0.121	65.607	
2	174.7, F	0.162	65.649	
2	None	0	65.691	
2	None	0	65.732	0.08299999999999841
2	185.5, F	0.158	65.774	
2	188.1, F	0.107	65.816	
2	181.8, F	0.227	65.857	
2	358.7, F	0.75	65.899	
2	190.9, F	0.259	65.941	
2	191.9, F	0.427	65.983	
2	200.4, F	0.505	66.024	
2	61.5, F	0.991	66.066	
2	220.2, F	0.601	66.108	
2	318.5, F	0.668	66.149	
2	264.5, F	0.661	66.191	
2	70.6, F	0.108	66.233	
2	313.5, F	0.139	66.275	
2	305.7, F	0.322	66.316	
2	306.6, F	1.055	66.358	
2	199.4, F	0.364	66.400	
2	334.5, F	0.93	66.441	
2	73.5, F	0.299	66.483	
2	280.7, F	1.196	66.525	
2	21.4, F	0.672	66.566	
2	253.4, F	1.033	66.608	
2	237.2, F	0.26	66.650	
2	12.0, F	1.146	66.692	
2	233.2, F	1.322	66.733	
2	300.7, F	0.411	66.775	
2	32.8, F	0.471	66.817	
2	327.5, F	0.611	66.858	
2	238.7, F	0.622	66.900	
2	242.9, F	0.791	66.942	
2	2.2, F	0.772	66.984	
2	248.0, F	0.422	67.025	
2	256.1, F	0.767	67.067	
2	159.2, F	0.172	67.109	
2	202.7, F	0.197	67.150	
2	337.4, F	0.871	67.192	
2	104.8, F	0.457	67.234	
2	264.2, F	0.718	67.276	
2	126.4, F	0.133	67.317	
2	259.1, F	0.127	67.359	
2	271.1, F	0.351	67.401	
2	272.6, F	0.567	67.442	
2	90.0, F	0.223	67.484	
2	0.8, F	0.139	67.526	
2	304.8, F	0.1	67.567	
2	301.5, F	0.212	67.609	
2	283.9, F	0.416	67.651	
2	288.1, F	0.656	67.693	
2	157.9, F	0.739	67.734	
2	27.0, F	0.321	67.776	
2	290.1, F	0.924	67.818	
2	339.9, F	0.351	67.859	
2	198.0, F	0.715	67.901	
2	62.3, F	0.632	67.943	
2	297.8, F	0.642	67.985	
2	159.7, F	0.679	68.026	
2	293.5, F	0.884	68.068	
2	13.1, F	0.435	68.110	
2	177.6, F	0.626	68.151	
2	345.6, F	0.325	68.193	
2	338.0, F	0.328	68.235	
2	189.4, F	0.752	68.277	
2	333.9, F	0.264	68.318	
2	78.8, F	0.867	68.360	
2	318.9, F	0.208	68.402	
2	186.0, F	0.842	68.443	
2	321.9, F	0.159	68.485	
2	None	0	68.527	
2	None	0	68.569	
2	None	0	68.610	
2	None	0	68.652	
2	None	0	68.694	0.2079999999999984
2	329.0, F	0.126	68.735	
2	313.3, F	0.17	68.777	
2	296.2, F	0.22	68.819	
2	299.2, F	0.27	68.860	
2	136.9, F	1.024	68.902	
2	309.6, F	0.393	68.944	
2	324.4, F	0.445	68.986	
2	69.9, F	0.74	69.027	
2	196.5, F	0.814	69.069	
2	305.5, F	0.262	69.111	
2	287.2, F	0.229	69.152	
2	93.1, F	0.721	69.194	
2	246.1, F	0.287	69.236	
2	233.9, F	0.333	69.278	
2	239.9, F	0.273	69.319	
2	119.4, F	1.05	69.361	
2	349.8, F	0.333	69.403	
2	349.2, F	0.305	69.444	
2	181.2, F	0.724	69.486	
2	None	0	69.528	
2	None	0	69.569	0.08299999999999841
2	200.9, F	0.168	69.611	
2	190.4, F	0.266	69.653	
2	185.3, F	0.477	69.695	
2	13.7, F	0.279	69.736	
2	23.8, F	0.235	69.778	
2	170.6, F	0.827	69.820	
2	88.2, F	0.193	69.861	
2	125.9, F	0.198	69.903	
2	260.7, F	0.722	69.945	
2	25.5, F	0.872	69.987	
2	129.5, F	0.527	70.028	
2	242.4, F	0.626	70.070	
2	129.6, F	0.614	70.112	
2	314.2, F	0.53	70.153	
2	137.1, F	1.003	70.195	
2	297.1, F	0.334	70.237	
2	282.4, F	0.293	70.279	
2	86.3, F	0.664	70.320	
2	241.4, F	0.324	70.362	
2	222.2, F	0.332	70.404	
2	109.7, F	0.804	70.445	
2	339.5, F	0.587	70.487	
2	187.1, F	0.611	70.529	
2	354.1, F	0.367	70.570	
2	183.3, F	0.626	70.612	
2	354.2, F	0.357	70.654	
2	183.8, F	0.875	70.696	
2	None	0	70.737	0.04200000000000159
2	328.4, F	0.113	70.779	
2	None	0	70.821	
2	None	0	70.862	
2	None	0	70.904	0.125
2	193.9, F	0.22	70.946	
2	48.4, F	1.264	70.988	
2	191.1, F	0.239	71.029	
2	192.4, F	0.238	71.071	
2	192.7, F	0.237	71.113	
2	190.6, F	0.218	71.154	
2	7.0, F	0.66	71.196	
2	167.1, F	0.31	71.238	
2	162.2, F	0.249	71.280	
2	6.7, F	0.646	71.321	
2	245.8, F	0.999	71.363	
2	168.1, F	0.379	71.405	
2	4.9, F	0.584	71.446	
2	173.1, F	0.408	71.488	
2	358.0, F	0.522	71.530	
2	183.8, F	0.472	71.572	
2	183.6, F	0.519	71.613	
2	352.7, F	0.462	71.655	
2	348.6, F	0.424	71.697	
2	187.6, F	0.704	71.738	
2	73.0, F	0.931	71.780	
2	324.5, F	0.181	71.822	
2	187.6, F	0.846	71.863	
2	307.8, F	0.227	71.905	
2	295.6, F	0.245	71.947	
2	294.9, F	0.264	71.989	
2	94.4, F	0.711	72.030	
2	273.4, F	0.284	72.072	
2	273.9, F	0.268	72.114	
2	251.7, F	0.207	72.155	
2	92.2, F	0.868	72.197	
2	None	0	72.239	
2	None	0	72.281	0.08299999999999841
2	132.0, F	0.12	72.322	
2	103.7, F	0.254	72.364	
2	266.2, F	0.6	72.406	
2	94.3, F	0.483	72.447	
2	264.0, F	0.487	72.489	
2	103.2, F	0.33	72.531	
2	120.8, F	0.244	72.572	
2	260.7, F	0.852	72.614	
2	3.7, F	0.782	72.656	
2	210.4, F	0.269	72.698	
2	230.2, F	0.286	72.739	
2	107.0, F	0.696	72.781	
2	228.0, F	0.457	72.823	
2	324.2, F	0.774	72.864	
2	135.2, F	0.777	72.906	
2	306.6, F	0.689	72.948	
2	142.2, F	0.703	72.990	
2	287.5, F	0.607	73.031	
2	66.7, F	0.43	73.073	
2	211.1, F	1.145	73.115	
2	87.3, F	0.381	73.156	
2	92.6, F	0.375	73.198	
2	255.0, F	0.604	73.240	
2	27.6, F	0.904	73.282	
2	254.6, F	0.599	73.323	
2	138.8, F	0.425	73.365	
2	139.2, F	0.41	73.407	
2	19.7, F	0.682	73.448	
2	245.2, F	0.804	73.490	
2	152.9, F	0.805	73.532	
2	71.7, F	0.49	73.573	
2	293.7, F	0.44	73.615	
2	73.8, F	0.708	73.657	
2	191.9, F	0.869	73.699	
2	294.7, F	0.141	73.740	
2	343.8, F	0.111	73.782	
2	None	0	73.824	0.04099999999999682
2	66.0, F	0.162	73.865	
2	70.4, F	0.229	73.907	
2	71.3, F	0.222	73.949	
2	71.2, F	0.218	73.991	
2	269.1, F	0.731	74.032	
2	112.4, F	0.268	74.074	
2	136.6, F	0.271	74.116	
2	120.0, F	0.256	74.157	
2	248.5, F	0.776	74.199	
2	27.6, F	0.794	74.241	
2	123.5, F	0.487	74.283	
2	224.8, F	0.716	74.324	
2	43.1, F	0.694	74.366	
2	235.0, F	0.574	74.408	
2	134.6, F	0.713	74.449	
2	324.2, F	0.64	74.491	
2	130.9, F	0.981	74.533	
2	340.9, F	0.497	74.575	
2	337.5, F	0.374	74.616	
2	201.9, F	0.429	74.658	
2	61.1, F	1.162	74.700	
2	159.0, F	0.587	74.741	
2	309.3, F	0.812	74.783	
2	126.0, F	0.775	74.825	
2	349.3, F	0.4	74.866	
2	179.1, F	0.716	74.908	
2	29.7, F	0.172	74.950	
2	61.9, F	0.202	74.992	
2	65.6, F	0.314	75.033	
2	65.2, F	0.424	75.075	
2	207.3, F	0.992	75.117	
2	82.4, F	0.535	75.158	
2	261.0, F	0.206	75.200	
2	93.5, F	0.84	75.242	
2	250.0, F	0.149	75.284	
2	209.1, F	0.111	75.325	
2	153.6, F	0.2	75.367	
2	9.9, F	0.758	75.409	
2	147.6, F	0.367	75.450	
2	140.1, F	0.434	75.492	
2	231.2, F	0.637	75.534	
2	42.9, F	0.767	75.575	
2	225.4, F	0.594	75.617	
2	44.6, F	0.812	75.659	
2	223.7, F	0.544	75.701	
2	331.0, F	0.745	75.742	
2	114.1, F	0.677	75.784	
2	251.3, F	0.346	75.826	
2	256.4, F	0.335	75.867	
2	99.3, F	0.668	75.909	
2	253.4, F	0.329	75.951	
2	342.2, F	1.0	75.993	
2	93.4, F	0.673	76.034	
2	281.8, F	0.303	76.076	
2	279.5, F	0.302	76.118	
2	91.2, F	0.647	76.159	
2	269.6, F	0.542	76.201	
2	88.5, F	0.31	76.243	
2	265.6, F	0.789	76.285	
2	113.4, F	0.096	76.326	
2	None	0	76.368	0.04200000000000159
2	321.0, F	0.135	76.410	
2	185.4, F	0.92	76.451	
2	309.5, F	0.11	76.493	
2	320.1, F	0.159	76.535	
2	318.8, F	0.149	76.576	
2	339.7, F	0.188	76.618	
2	74.5, F	0.989	76.660	
2	351.4, F	0.341	76.702	
2	185.8, F	0.581	76.743	
2	2.1, F	0.567	76.785	
2	174.7, F	0.455	76.827	
2	2.4, F	0.673	76.868	
2	171.5, F	0.217	76.910	
2	169.7, F	0.196	76.952	
2	170.0, F	0.116	76.994	
2	1.2, F	0.909	77.035	
2	None	0	77.077	
2	None	0	77.119	0.08299999999999841
2	265.5, F	0.982	77.160	
2	None	0	77.202	
2	None	0	77.244	0.08400000000000318
2	91.0, F	0.922	77.286	
2	281.4, F	0.111	77.327	
2	279.2, F	0.187	77.369	
2	279.6, F	0.204	77.411	
2	272.5, F	0.184	77.452	
2	273.1, F	0.187	77.494	
2	281.7, F	0.187	77.536	
2	86.0, F	0.809	77.578	
2	293.0, F	0.187	77.619	
2	297.1, F	0.191	77.661	
2	314.8, F	0.25	77.703	
2	312.7, F	0.243	77.744	
2	140.0, F	1.08	77.786	
2	290.8, F	0.417	77.828	
2	284.9, F	0.514	77.869	
2	72.8, F	0.516	77.911	
2	283.6, F	0.6	77.953	
2	68.5, F	0.327	77.995	
2	69.8, F	0.191	78.036	
2	222.9, F	1.267	78.078	
2	63.4, F	0.157	78.120	
2	59.5, F	0.138	78.161	
2	55.1, F	0.117	78.203	
2	None	0	78.245	
2	None	0	78.287	
2	None	0	78.328	0.125
2	35.7, F	0.118	78.370	
2	29.4, F	0.092	78.412	
2	274.9, F	0.941	78.453	
2	34.4, F	0.092	78.495	
2	8.3, F	0.167	78.537	
2	5.4, F	0.193	78.578	
2	179.1, F	0.793	78.620	
2	358.5, F	0.264	78.662	
2	357.8, F	0.281	78.704	
2	347.5, F	0.278	78.745	
2	185.6, F	0.687	78.787	
2	349.7, F	0.331	78.829	
2	72.0, F	0.942	78.870	
2	192.1, F	0.68	78.912	
2	340.0, F	0.428	78.954	
2	338.0, F	0.489	78.996	
2	206.7, F	0.557	79.037	
2	328.4, F	0.669	79.079	
2	128.7, F	0.771	79.121	
2	323.5, F	0.673	79.162	
2	122.2, F	0.665	79.204	
2	232.3, F	0.54	79.246	
2	325.8, F	0.739	79.288	
2	123.0, F	0.658	79.329	
2	329.3, F	0.849	79.371	
2	117.4, F	0.581	79.413	
2	241.9, F	0.524	79.454	
2	111.4, F	0.556	79.496	
2	330.9, F	0.951	79.538	
2	99.4, F	0.551	79.579	
2	258.3, F	0.449	79.621	
2	261.1, F	0.387	79.663	
2	93.0, F	0.566	79.705	
2	269.3, F	0.431	79.746	
2	85.0, F	0.554	79.788	
2	275.5, F	0.43	79.830	
2	80.6, F	0.491	79.871	
2	283.6, F	0.493	79.913	
2	69.3, F	0.543	79.955	
2	297.5, F	0.483	79.997	
2	211.0, F	0.741	80.038	
2	52.7, F	0.771	80.080	
2	208.0, F	0.678	80.122	
2	54.5, F	0.848	80.163	
2	332.2, F	0.681	80.205	
2	210.5, F	0.522	80.247	
2	211.1, F	0.492	80.289	
2	49.4, F	0.96	80.330	
2	218.4, F	0.404	80.372	
2	341.6, F	0.778	80.414	
2	226.2, F	0.306	80.455	
2	102.9, F	0.783	80.497	
2	244.4, F	0.229	80.539	
2	245.9, F	0.22	80.581	
2	227.1, F	0.226	80.622	
2	44.7, F	1.168	80.664	
2	232.5, F	0.212	80.706	
2	244.3, F	0.18	80.747	
2	248.1, F	0.182	80.789	
2	269.3, F	0.164	80.831	
2	299.7, F	0.163	80.872	
2	84.3, F	0.845	80.914	
2	286.2, F	0.179	80.956	
2	280.3, F	0.202	80.998	
2	287.7, F	0.22	81.039	
2	282.5, F	0.203	81.081	
2	275.6, F	0.194	81.123	
2	90.8, F	0.759	81.164	
2	265.5, F	0.303	81.206	
2	F	0.291	81.248	
2	275.2, F	0.317	81.290	
2	88.4, F	0.616	81.331	
2	270.9, F	0.609	81.373	
2	80.5, F	0.303	81.415	
2	276.0, F	0.732	81.456	
2	164.3, F	0.866	81.498	
2	48.6, F	0.248	81.540	
2	57.3, F	0.219	81.581	
2	F	0.213	81.623	
2	284.2, F	0.828	81.665	
2	50.9, F	0.208	81.707	
2	45.0, F	0.255	81.748	
2	166.0, F	0.833	81.790	
2	61.5, F	0.271	81.832	
2	289.0, F	0.561	81.873	
2	73.1, F	0.587	81.915	
2	300.3, F	0.46	81.957	
2	141.8, F	0.966	81.999	
2	298.1, F	0.441	82.040	
2	67.0, F	0.664	82.082	
2	297.4, F	0.43	82.124	
2	299.3, F	0.406	82.165	
2	148.1, F	1.053	82.207	
2	280.9, F	0.464	82.249	
2	79.3, F	0.49	82.291	
2	279.5, F	0.538	82.332	
2	79.4, F	0.38	82.374	
2	275.6, F	0.576	82.416	
2	85.4, F	0.471	82.457	
2	283.2, F	0.444	82.499	
2	74.3, F	0.601	82.541	
2	298.0, F	0.511	82.582	
2	147.4, F	0.819	82.624	
2	301.4, F	0.599	82.666	
2	46.0, F	0.552	82.708	
2	221.7, F	0.832	82.749	
2	48.5, F	0.562	82.791	
2	45.9, F	0.516	82.833	
2	225.0, F	0.859	82.874	
2	26.9, F	0.591	82.916	
2	241.8, F	0.824	82.958	
2	16.7, F	0.609	83.000	
2	169.5, F	0.408	83.041	
2	188.2, F	0.422	83.083	
2	345.4, F	0.557	83.125	
2	209.3, F	0.399	83.166	
2	339.8, F	0.805	83.208	
2	113.1, F	0.647	83.250	
2	246.6, F	0.452	83.292	
2	248.2, F	0.498	83.333	
2	22.8, F	0.886	83.375	
2	118.0, F	0.333	83.417	
2	258.2, F	0.708	83.458	
2	100.8, F	0.282	83.500	
2	93.7, F	0.246	83.542	
2	274.1, F	0.741	83.584	
2	70.8, F	0.234	83.625	
2	60.7, F	0.227	83.667	
2	35.6, F	0.196	83.709	
2	30.3, F	0.139	83.750	
2	18.6, F	0.11	83.792	
2	14.4, F	0.113	83.834	
2	181.2, F	0.795	83.875	
2	333.0, F	0.218	83.917	
2	332.1, F	0.233	83.959	
2	325.2, F	0.259	84.001	
2	312.8, F	0.236	84.042	
2	191.4, F	0.826	84.084	
2	321.5, F	0.243	84.126	
2	316.6, F	0.255	84.167	
2	72.2, F	0.814	84.209	
2	318.7, F	0.329	84.251	
2	199.9, F	0.683	84.293	
2	321.7, F	0.337	84.334	
2	321.6, F	0.361	84.376	
2	127.8, F	0.963	84.418	
2	329.6, F	0.435	84.459	
2	330.0, F	0.414	84.501	
2	196.7, F	0.559	84.543	
2	334.7, F	0.636	84.584	
2	109.7, F	0.796	84.626	
2	341.1, F	0.716	84.668	
2	202.0, F	0.302	84.710	
2	186.0, F	0.202	84.751	
2	None	0	84.793	
2	None	0	84.835	0.08299999999999841
2	65.3, F	0.149	84.876	
2	59.5, F	0.302	84.918	
2	52.4, F	0.447	84.960	
2	310.3, F	0.669	85.002	
2	128.4, F	0.96	85.043	
2	334.7, F	0.618	85.085	
2	112.9, F	0.813	85.127	
2	344.5, F	0.717	85.168	
2	231.5, F	0.339	85.210	
2	231.8, F	0.31	85.252	
2	261.2, F	0.267	85.294	
2	89.5, F	0.729	85.335	
2	261.0, F	0.147	85.377	
2	356.0, F	0.895	85.419	
2	None	0	85.460	
2	None	0	85.502	0.08400000000000318
2	122.2, F	0.178	85.544	
2	106.7, F	0.227	85.585	
2	118.6, F	0.293	85.627	
2	126.0, F	0.429	85.669	
2	234.0, F	0.629	85.711	
2	59.1, F	0.782	85.752	
2	201.7, F	0.703	85.794	
2	323.0, F	0.421	85.836	
2	77.5, F	0.851	85.877	
2	184.6, F	0.878	85.919	
2	None	0	85.961	
2	None	0	86.003	0.08299999999999841
2	38.3, F	0.097	86.044	
2	63.4, F	0.096	86.086	
2	77.7, F	0.136	86.128	
2	271.1, F	0.85	86.169	
2	38.9, F	0.179	86.211	
2	41.6, F	0.169	86.253	
2	64.0, F	0.191	86.295	
2	69.3, F	0.204	86.336	
2	68.4, F	0.354	86.378	
2	212.6, F	1.036	86.420	
2	77.6, F	0.54	86.461	
2	288.7, F	0.427	86.503	
2	74.9, F	0.633	86.545	
2	285.4, F	0.308	86.587	
2	289.5, F	0.267	86.628	
2	82.4, F	0.729	86.670	
2	249.7, F	0.3	86.712	
2	252.8, F	0.29	86.753	
2	107.3, F	0.687	86.795	
2	238.5, F	0.429	86.837	
2	245.0, F	0.382	86.878	
2	109.9, F	0.696	86.920	
2	336.6, F	0.768	86.962	
2	215.6, F	0.323	87.004	
2	193.9, F	0.296	87.045	
2	105.1, F	1.036	87.087	
2	6.2, F	0.678	87.129	
2	244.5, F	0.968	87.170	
2	160.0, F	0.57	87.212	
2	25.2, F	0.389	87.254	
2	38.9, F	0.285	87.296	
2	164.7, F	0.768	87.337	
2	42.2, F	0.317	87.379	
2	293.6, F	0.682	87.421	
2	54.0, F	0.424	87.462	
2	153.4, F	0.814	87.504	
2	280.5, F	0.59	87.546	
2	75.6, F	0.402	87.587	
2	278.5, F	0.619	87.629	
2	72.1, F	0.361	87.671	
2	68.8, F	0.332	87.713	
2	281.0, F	0.689	87.754	
2	159.0, F	0.897	87.796	
2	64.2, F	0.342	87.838	
2	287.5, F	0.737	87.879	
2	54.4, F	0.36	87.921	
2	62.0, F	0.314	87.963	
2	61.3, F	0.308	88.005	
2	225.7, F	1.05	88.046	
2	42.4, F	0.34	88.088	
2	40.7, F	0.318	88.130	
2	36.1, F	0.309	88.171	
2	228.1, F	1.071	88.213	
2	33.6, F	0.253	88.255	
2	23.8, F	0.302	88.297	
2	20.5, F	0.295	88.338	
2	175.2, F	0.731	88.380	
2	2.3, F	0.269	88.422	
2	358.2, F	0.227	88.463	
2	343.9, F	0.198	88.505	
2	186.8, F	0.806	88.547	
2	335.3, F	0.194	88.588	
2	345.4, F	0.229	88.630	
2	F	0.222	88.672	
2	352.1, F	0.261	88.714	
2	182.4, F	0.721	88.755	
2	350.4, F	0.305	88.797	
2	351.5, F	0.29	88.839	
2	187.1, F	0.691	88.880	
2	336.8, F	0.33	88.922	
2	70.8, F	0.887	88.964	
2	326.8, F	0.28	89.006	
2	190.0, F	0.82	89.047	
2	322.1, F	0.228	89.089	
2	308.1, F	0.224	89.131	
2	305.8, F	0.213	89.172	
2	82.5, F	0.771	89.214	
2	287.5, F	0.273	89.256	
2	283.2, F	0.319	89.298	
2	200.3, F	0.956	89.339	
2	101.1, F	0.476	89.381	
2	260.3, F	0.523	89.423	
2	26.6, F	0.987	89.464	
2	251.4, F	0.605	89.506	
2	121.9, F	0.432	89.548	
2	241.3, F	0.742	89.590	
2	137.9, F	0.468	89.631	
2	29.6, F	0.579	89.673	
2	169.8, F	0.672	89.715	
2	287.8, F	0.911	89.756	
2	15.5, F	0.168	89.798	
2	180.3, F	0.894	89.840	
2	None	0	89.881	0.04200000000000159
2	214.4, F	0.119	89.923	
2	349.6, F	0.803	89.965	
2	212.6, F	0.312	90.007	
2	107.4, F	0.887	90.048	
2	207.3, F	0.46	90.090	
2	332.0, F	0.495	90.132	
2	198.8, F	0.737	90.173	
2	295.3, F	0.248	90.215	
2	86.5, F	0.764	90.257	
2	281.7, F	0.241	90.299	
2	257.9, F	0.242	90.340	
2	231.4, F	0.265	90.382	
2	109.4, F	0.763	90.424	
2	215.1, F	0.414	90.465	
2	340.2, F	0.619	90.507	
2	198.5, F	0.495	90.549	
2	201.7, F	0.403	90.590	
2	53.2, F	1.036	90.632	
2	202.3, F	0.396	90.674	
2	350.5, F	0.369	90.716	
2	181.3, F	0.608	90.757	
2	357.6, F	0.361	90.799	
2	181.4, F	0.632	90.841	
2	351.3, F	0.289	90.882	
2	339.9, F	0.262	90.924	
2	340.3, F	0.261	90.966	
2	187.5, F	0.748	91.008	
2	318.7, F	0.21	91.049	
2	78.9, F	0.794	91.091	
2	298.1, F	0.306	91.133	
2	283.6, F	0.28	91.174	
2	197.3, F	0.868	91.216	
2	80.4, F	0.764	91.258	
2	298.2, F	0.256	91.300	
2	307.0, F	0.239	91.341	
2	311.4, F	0.203	91.383	
2	326.6, F	0.191	91.425	
2	334.7, F	0.14	91.466	
2	84.6, F	0.936	91.508	
2	176.0, F	0.923	91.550	
2	101.8, F	0.137	91.591	
2	264.2, F	0.789	91.633	
2	102.7, F	0.336	91.675	
2	29.0, F	1.008	91.717	
2	259.6, F	0.409	91.758	
2	97.7, F	0.57	91.800	
2	269.2, F	0.352	91.842	
2	91.4, F	0.714	91.883	
2	266.3, F	0.267	91.925	
2	269.1, F	0.198	91.967	
2	268.8, F	0.197	92.009	
2	86.2, F	0.806	92.050	
2	308.4, F	0.246	92.092	
2	293.9, F	0.2	92.134	
2	294.4, F	0.177	92.175	
2	191.4, F	0.83	92.217	
2	318.4, F	0.237	92.259	
2	71.5, F	0.847	92.301	
2	326.0, F	0.357	92.342	
2	341.7, F	0.399	92.384	
2	192.4, F	0.475	92.426	
2	353.0, F	0.482	92.467	
2	189.2, F	0.377	92.509	
2	355.1, F	0.79	92.551	
2	196.8, F	0.19	92.593	
2	None	0	92.634	
2	None	0	92.676	0.08400000000000318
2	88.4, F	0.975	92.718	
2	10.8, F	0.096	92.759	
2	26.3, F	0.097	92.801	
2	272.4, F	0.901	92.843	
2	120.2, F	0.185	92.884	
2	97.5, F	0.169	92.926	
2	93.3, F	0.241	92.968	
2	83.1, F	0.273	93.010	
2	81.0, F	0.417	93.051	
2	283.9, F	0.508	93.093	
2	66.1, F	0.508	93.135	
2	295.0, F	0.555	93.176	
2	152.3, F	0.671	93.218	
2	300.7, F	0.764	93.260	
2	152.6, F	0.717	93.302	
2	41.2, F	0.471	93.343	
2	317.3, F	1.01	93.385	
2	127.4, F	0.384	93.427	
2	115.0, F	0.364	93.468	
2	267.1, F	0.643	93.510	
2	79.4, F	0.524	93.552	
2	78.1, F	0.542	93.593	
2	303.3, F	0.397	93.635	
2	319.9, F	0.299	93.677	
2	63.0, F	1.092	93.719	
2	177.8, F	0.372	93.760	
2	7.6, F	0.743	93.802	
2	253.5, F	0.893	93.844	
2	101.7, F	0.29	93.885	
2	83.4, F	0.366	93.927	
2	76.4, F	0.52	93.969	
2	310.9, F	0.431	94.011	
2	343.2, F	0.46	94.052	
2	108.3, F	1.029	94.094	
2	5.5, F	0.837	94.136	
2	105.6, F	0.201	94.177	
2	272.0, F	0.399	94.219	
2	82.0, F	0.793	94.261	
2	356.4, F	0.256	94.303	
2	20.3, F	0.389	94.344	
2	130.6, F	0.65	94.386	
2	333.5, F	0.629	94.428	
2	116.0, F	0.951	94.469	
2	169.7, F	0.391	94.511	
2	32.5, F	0.918	94.553	
2	225.6, F	0.333	94.594	
2	188.8, F	0.209	94.636	
2	130.1, F	0.165	94.678	
2	31.4, F	1.08	94.720	
2	95.7, F	0.688	94.761	
2	277.0, F	0.181	94.803	
2	205.5, F	0.098	94.845	
2	111.4, F	0.277	94.886	
2	106.4, F	0.414	94.928	
2	114.1, F	0.616	94.970	
2	224.8, F	0.402	95.012	
2	349.4, F	0.575	95.053	
2	118.0, F	1.188	95.095	
2	290.9, F	0.873	95.137	
2	160.6, F	0.7	95.178	
2	80.1, F	0.488	95.220	
2	93.1, F	0.558	95.262	
2	256.2, F	0.292	95.304	
2	280.8, F	0.17	95.345	
2	213.6, F	0.215	95.387	
2	109.1, F	0.917	95.429	
2	None	0	95.470	0.04200000000000159
2	287.5, F	0.12	95.512	
2	231.0, F	0.189	95.554	
2	254.3, F	0.195	95.596	
2	346.8, F	0.975	95.637	
2	262.6, F	0.285	95.679	
2	56.9, F	0.487	95.721	
2	233.2, F	1.022	95.762	
2	0.9, F	0.313	95.804	
2	332.3, F	0.361	95.846	
2	233.6, F	0.816	95.887	
2	15.4, F	0.562	95.929	
2	191.5, F	0.302	95.971	
2	342.9, F	0.738	96.013	
2	255.9, F	0.672	96.054	
2	108.3, F	0.223	96.096	
2	102.5, F	0.101	96.138	
2	271.5, F	1.001	96.179	
2	287.1, F	0.268	96.221	
2	81.4, F	0.649	96.263	
2	290.1, F	0.524	96.305	
2	58.5, F	0.385	96.346	
2	280.9, F	0.872	96.388	
2	174.3, F	0.768	96.430	
2	353.8, F	0.27	96.471	
2	342.9, F	0.368	96.513	
2	214.5, F	0.556	96.555	
2	325.9, F	0.747	96.596	
2	127.7, F	0.521	96.638	
2	319.5, F	0.862	96.680	
2	114.7, F	0.359	96.722	
