9	134.6, F	0.99	0.042	
9	90.5, F	0.893	0.083	
9	131.2, F	0.453	0.125	
9	201.9, F	0.791	0.167	
9	99.1, F	0.926	0.209	
9	159.7, F	0.529	0.250	
9	95.0, F	0.324	0.292	
9	227.5, F	0.465	0.334	
9	132.3, F	1.851	0.375	
9	236.0, F	0.308	0.417	
9	183.6, F	0.491	0.459	
9	99.4, F	0.764	0.500	
9	182.0, F	0.997	0.542	
9	155.9, F	0.532	0.584	
9	182.9, F	1.007	0.626	
9	247.4, F	0.975	0.667	
9	74.1, F	0.475	0.709	
9	92.4, F	1.045	0.751	
9	144.4, F	0.482	0.792	
9	175.8, F	1.222	0.834	
9	211.2, F	1.562	0.876	
9	85.6, F	0.991	0.918	
9	41.6, F	0.894	0.959	
9	179.3, F	1.214	1.001	
9	157.8, F	1.278	1.043	
9	118.6, F	0.684	1.084	
9	32.4, F	1.054	1.126	
9	208.9, F	0.303	1.168	
9	185.2, F	1.16	1.210	
9	185.9, F	0.8	1.251	
9	133.6, F	0.203	1.293	
9	93.3, F	0.701	1.335	
9	189.4, F	0.635	1.376	
9	74.0, F	1.237	1.418	
9	112.4, F	0.901	1.460	
9	9.7, F	0.637	1.502	
9	103.8, F	0.957	1.543	
9	181.0, F	0.441	1.585	
9	8.8, F	0.623	1.627	
9	81.1, F	0.9	1.668	
9	65.5, F	0.77	1.710	
9	None	0	1.752	0.040999999999999925
9	97.7, F	0.627	1.793	
9	172.3, F	0.097	1.835	
9	63.3, F	1.127	1.877	
9	30.3, F	0.674	1.919	
9	98.1, F	0.728	1.960	
9	None	0	2.002	0.04200000000000026
9	34.0, F	1.283	2.044	
9	133.3, F	1.348	2.085	
9	81.4, F	0.207	2.127	
9	286.0, F	0.403	2.169	
9	87.3, F	1.047	2.211	
9	92.8, F	0.308	2.252	
9	105.1, F	0.501	2.294	
9	220.6, F	0.258	2.336	
9	23.1, F	0.548	2.377	
9	162.5, F	0.806	2.419	
9	84.5, F	0.438	2.461	
9	278.3, F	0.306	2.502	
9	128.4, F	0.885	2.544	
9	181.9, F	0.826	2.586	
9	130.4, F	0.14	2.628	
9	135.4, F	0.443	2.669	
9	148.8, F	1.049	2.711	
9	209.8, F	0.254	2.753	
9	340.1, F	0.23	2.794	
9	165.8, F	1.055	2.836	
9	117.4, F	0.831	2.878	
9	350.6, F	0.27	2.920	
9	98.6, F	0.234	2.961	
9	104.7, F	0.561	3.003	
9	187.7, F	0.754	3.045	
9	130.0, F	1.577	3.086	
9	265.9, F	0.365	3.128	
9	97.0, F	1.088	3.170	
9	48.4, F	1.148	3.212	
9	115.5, F	0.717	3.253	
9	176.1, F	0.327	3.295	
9	115.8, F	0.634	3.337	
9	63.0, F	1.334	3.378	
9	247.7, F	0.488	3.420	
9	113.4, F	0.562	3.462	
9	346.7, F	0.666	3.503	
9	144.6, F	0.389	3.545	
9	145.8, F	0.375	3.587	
9	24.3, F	0.67	3.629	
9	135.3, F	0.441	3.670	
9	249.4, F	0.653	3.712	
9	122.6, F	0.416	3.754	
9	27.7, F	0.89	3.795	
9	249.9, F	0.554	3.837	
9	96.3, F	0.576	3.879	
9	264.3, F	0.385	3.921	
9	101.7, F	0.497	3.962	
9	258.6, F	0.384	4.004	
9	252.8, F	0.412	4.046	
9	37.6, F	0.968	4.087	
9	235.4, F	0.395	4.129	
9	109.7, F	0.802	4.171	
9	229.5, F	0.337	4.213	
9	216.0, F	0.313	4.254	
9	349.0, F	0.693	4.296	
9	194.2, F	0.421	4.338	
9	118.1, F	0.928	4.379	
9	329.2, F	0.575	4.421	
9	197.2, F	0.606	4.463	
9	335.5, F	0.403	4.505	
9	325.7, F	0.225	4.546	
9	187.7, F	0.877	4.588	
9	90.6, F	0.917	4.630	
9	None	0	4.671	0.041999999999999815
9	161.0, F	0.282	4.713	
9	14.7, F	0.626	4.755	
9	235.7, F	0.807	4.796	
9	151.8, F	0.648	4.838	
9	63.6, F	0.344	4.880	
9	67.3, F	0.335	4.922	
9	263.0, F	0.611	4.963	
9	117.8, F	0.399	5.005	
9	231.7, F	1.013	5.047	
9	64.0, F	0.185	5.088	
9	168.1, F	0.194	5.130	
9	179.4, F	0.459	5.172	
9	199.5, F	0.998	5.214	
9	243.7, F	0.531	5.255	
9	170.6, F	0.92	5.297	
9	183.8, F	0.181	5.339	
9	203.6, F	1.164	5.380	
9	242.5, F	0.738	5.422	
9	11.7, F	0.157	5.464	
9	213.2, F	0.29	5.505	
9	213.5, F	1.258	5.547	
9	184.5, F	0.305	5.589	
9	193.1, F	0.85	5.631	
9	233.5, F	0.438	5.672	
9	214.9, F	0.897	5.714	
9	111.8, F	0.266	5.756	
9	244.7, F	0.829	5.797	
9	46.4, F	0.21	5.839	
9	173.5, F	1.591	5.881	
9	75.3, F	0.336	5.923	
9	105.9, F	0.47	5.964	
9	225.4, F	0.575	6.006	
9	142.6, F	1.627	6.048	
9	34.3, F	0.367	6.089	
9	206.2, F	1.099	6.131	
9	110.4, F	0.746	6.173	
9	181.3, F	0.313	6.215	
9	169.8, F	0.71	6.256	
9	83.5, F	0.342	6.298	
9	103.6, F	0.603	6.340	
9	182.9, F	0.694	6.381	
9	171.3, F	1.147	6.423	
9	22.6, F	0.463	6.465	
9	158.4, F	0.873	6.506	
9	246.4, F	0.377	6.548	
9	118.7, F	0.705	6.590	
9	208.8, F	0.758	6.632	
9	103.6, F	0.663	6.673	
9	203.9, F	0.966	6.715	
9	244.5, F	0.383	6.757	
9	140.7, F	0.836	6.798	
9	256.2, F	0.386	6.840	
9	200.3, F	0.86	6.882	
9	102.9, F	0.719	6.924	
9	204.9, F	0.83	6.965	
9	221.3, F	0.406	7.007	
9	147.3, F	1.324	7.049	
9	198.9, F	0.866	7.090	
9	205.6, F	0.622	7.132	
9	91.0, F	0.796	7.174	
9	190.3, F	1.077	7.216	
9	191.5, F	0.71	7.257	
9	188.6, F	0.981	7.299	
9	187.0, F	0.511	7.341	
9	186.7, F	0.629	7.382	
9	175.3, F	0.974	7.424	
9	166.5, F	0.51	7.466	
9	44.1, F	0.19	7.507	
9	157.5, F	1.07	7.549	
9	138.0, F	0.707	7.591	
9	197.5, F	0.995	7.633	
9	189.4, F	0.683	7.674	
9	122.0, F	1.42	7.716	
9	233.6, F	0.493	7.758	
9	134.7, F	1.155	7.799	
9	183.0, F	0.338	7.841	
9	171.0, F	1.317	7.883	
9	149.1, F	0.655	7.925	
9	285.1, F	0.44	7.966	
9	110.1, F	0.807	8.008	
9	203.2, F	0.996	8.050	
9	244.5, F	0.367	8.091	
9	141.1, F	0.695	8.133	
9	314.6, F	0.482	8.175	
9	155.6, F	0.97	8.217	
9	254.2, F	0.718	8.258	
9	17.1, F	0.566	8.300	
9	171.4, F	0.598	8.342	
9	None	0	8.383	0.04200000000000159
9	205.2, F	0.329	8.425	
9	213.3, F	0.525	8.467	
9	209.6, F	0.799	8.508	
9	117.7, F	0.47	8.550	
9	231.5, F	0.991	8.592	
9	68.6, F	0.104	8.634	
9	None	0	8.675	0.041999999999999815
9	193.4, F	0.76	8.717	
9	206.8, F	0.217	8.759	
9	204.7, F	0.611	8.800	
9	191.9, F	0.988	8.842	
9	133.8, F	1.044	8.884	
9	254.5, F	0.154	8.926	
9	211.1, F	0.628	8.967	
9	269.1, F	0.436	9.009	
9	162.0, F	0.867	9.051	
9	220.4, F	1.251	9.092	
9	159.5, F	0.351	9.134	
9	345.4, F	0.226	9.176	
9	194.7, F	1.593	9.218	
9	72.9, F	0.498	9.259	
9	271.4, F	0.489	9.301	
9	119.5, F	0.512	9.343	
9	222.5, F	1.114	9.384	
9	124.3, F	0.339	9.426	
9	167.7, F	0.541	9.468	
9	49.9, F	0.247	9.509	
9	235.7, F	0.97	9.551	
9	165.9, F	0.836	9.593	
9	134.1, F	0.549	9.635	
9	154.5, F	0.893	9.676	
9	201.0, F	0.978	9.718	
9	116.3, F	0.791	9.760	
9	199.9, F	0.756	9.801	
9	278.6, F	0.148	9.843	
9	179.6, F	1.024	9.885	
9	156.4, F	0.427	9.927	
9	157.7, F	0.744	9.968	
9	80.5, F	0.386	10.010	
9	223.9, F	4.343	10.052	
9	162.5, F	0.429	10.093	
9	30.0, F	0.326	10.135	
9	162.9, F	0.691	10.177	
9	109.9, F	0.376	10.219	
9	100.5, F	0.418	10.260	
9	258.2, F	0.58	10.302	
9	83.9, F	0.544	10.344	
9	288.7, F	0.233	10.385	
9	267.2, F	0.102	10.427	
9	26.1, F	0.511	10.469	
9	169.6, F	0.879	10.511	
9	25.9, F	0.899	10.552	
9	152.8, F	0.418	10.594	
9	232.1, F	1.17	10.636	
9	61.7, F	0.377	10.677	
9	98.9, F	0.869	10.719	
9	236.6, F	0.514	10.761	
9	67.0, F	0.528	10.802	
9	284.8, F	0.771	10.844	
9	101.4, F	0.304	10.886	
9	150.1, F	0.303	10.928	
9	249.2, F	0.968	10.969	
9	157.1, F	0.318	11.011	
9	58.2, F	0.248	11.053	
9	43.9, F	0.383	11.094	
9	189.1, F	2.09	11.136	
9	20.8, F	0.409	11.178	
9	72.3, F	0.185	11.220	
9	91.2, F	0.093	11.261	
9	171.4, F	0.343	11.303	
9	161.3, F	0.681	11.345	
9	231.0, F	0.994	11.386	
9	165.6, F	0.824	11.428	
9	69.9, F	0.16	11.470	
9	179.2, F	0.152	11.511	
9	169.9, F	0.652	11.553	
9	None	0	11.595	0.041999999999999815
9	200.0, F	0.179	11.637	
9	188.9, F	0.303	11.678	
9	185.1, F	0.816	11.720	
9	None	0	11.762	0.04100000000000037
9	206.0, F	0.336	11.803	
9	357.9, F	0.246	11.845	
9	181.3, F	1.307	11.887	
9	68.9, F	0.164	11.929	
9	160.3, F	0.321	11.970	
9	159.4, F	0.617	12.012	
9	143.1, F	0.3	12.054	
9	160.9, F	0.744	12.095	
9	217.8, F	1.201	12.137	
9	144.0, F	0.345	12.179	
9	95.8, F	0.296	12.221	
9	148.6, F	0.642	12.262	
9	213.9, F	1.112	12.304	
9	113.1, F	0.389	12.346	
9	205.9, F	1.023	12.387	
9	143.6, F	0.722	12.429	
9	294.1, F	0.329	12.471	
9	92.6, F	0.613	12.512	
9	208.5, F	0.417	12.554	
9	181.9, F	0.486	12.596	
9	18.8, F	0.329	12.638	
9	170.9, F	0.764	12.679	
9	105.9, F	0.298	12.721	
9	108.4, F	0.311	12.763	
9	129.7, F	0.335	12.804	
9	239.9, F	0.721	12.846	
9	67.1, F	0.466	12.888	
9	261.1, F	0.471	12.930	
9	82.9, F	0.486	12.971	
9	231.2, F	0.413	13.013	
9	111.2, F	0.661	13.055	
9	232.8, F	0.225	13.096	
9	None	0	13.138	0.041999999999999815
9	121.2, F	0.1	13.180	
9	93.5, F	0.197	13.222	
9	95.6, F	0.173	13.263	
9	None	0	13.305	0.041999999999999815
9	223.1, F	0.104	13.347	
9	332.0, F	0.341	13.388	
9	333.2, F	0.363	13.430	
9	324.0, F	0.308	13.472	
9	72.1, F	0.815	13.513	
9	213.2, F	0.711	13.555	
9	316.2, F	0.509	13.597	
9	312.8, F	0.495	13.639	
9	141.4, F	0.867	13.680	
9	317.2, F	0.727	13.722	
9	122.1, F	0.423	13.764	
9	312.8, F	0.931	13.805	
9	149.6, F	0.354	13.847	
9	178.4, F	0.14	13.889	
9	224.0, F	0.12	13.931	
9	237.9, F	0.107	13.972	
9	343.5, F	0.833	14.014	
9	249.9, F	0.511	14.056	
9	90.3, F	0.339	14.097	
9	270.9, F	0.738	14.139	
9	86.5, F	0.232	14.181	
9	170.7, F	0.154	14.223	
9	None	0	14.264	
9	None	0	14.306	0.0840000000000014
9	209.0, F	0.105	14.348	
9	213.7, F	0.148	14.389	
9	119.0, F	37.823	14.431	
9	61.2, F	1.513	14.473	
9	119.2, F	1.182	14.514	
9	121.2, F	1.999	14.556	
9	120.2, F	0.598	14.598	
9	25.7, F	0.323	14.640	
9	83.6, F	0.769	14.681	
9	148.1, F	1.538	14.723	
9	44.4, F	1.991	14.765	
9	177.0, F	1.496	14.806	
9	69.4, F	1.255	14.848	
9	136.4, F	1.361	14.890	
9	130.8, F	0.585	14.932	
9	105.6, F	0.429	14.973	
9	99.5, F	1.064	15.015	
9	62.0, F	1.933	15.057	
9	65.4, F	0.397	15.098	
9	126.1, F	1.259	15.140	
9	70.4, F	0.727	15.182	
9	178.9, F	3.14	15.224	
9	67.4, F	1.337	15.265	
9	195.9, F	1.104	15.307	
9	75.6, F	1.112	15.349	
9	65.8, F	1.157	15.390	
9	62.6, F	1.179	15.432	
9	80.4, F	1.015	15.474	
9	77.0, F	0.822	15.515	
9	75.5, F	1.341	15.557	
9	165.2, F	0.604	15.599	
9	334.1, F	3.669	15.641	
9	78.2, F	1.174	15.682	
9	1.6, F	0.397	15.724	
9	60.8, F	1.104	15.766	
9	126.0, F	0.472	15.807	
9	47.1, F	1.102	15.849	
9	107.4, F	0.234	15.891	
9	65.5, F	0.796	15.933	
9	25.9, F	0.165	15.974	
9	172.7, F	0.835	16.016	
9	103.3, F	0.399	16.058	
9	84.6, F	0.83	16.099	
9	126.9, F	0.236	16.141	
9	144.4, F	0.445	16.183	
9	355.8, F	0.366	16.225	
9	117.2, F	0.765	16.266	
9	118.5, F	0.134	16.308	
9	123.9, F	0.465	16.350	
9	138.2, F	0.826	16.391	
9	258.2, F	0.683	16.433	
9	167.5, F	0.832	16.475	
9	316.8, F	0.555	16.517	
9	145.6, F	1.53	16.558	
9	94.3, F	0.57	16.600	
9	218.6, F	0.534	16.642	
9	76.3, F	0.631	16.683	
9	137.6, F	0.387	16.725	
9	145.4, F	0.809	16.767	
9	235.2, F	0.621	16.808	
9	107.0, F	0.832	16.850	
9	187.9, F	0.782	16.892	
9	136.4, F	0.296	16.934	
9	126.6, F	0.463	16.975	
9	339.0, F	0.861	17.017	
9	112.4, F	1.182	17.059	
9	149.2, F	0.6	17.100	
9	316.8, F	0.734	17.142	
9	117.5, F	1.048	17.184	
9	49.9, F	0.492	17.226	
9	115.0, F	0.866	17.267	
9	346.3, F	0.532	17.309	
9	142.4, F	0.478	17.351	
9	50.2, F	1.029	17.392	
9	177.7, F	0.427	17.434	
9	155.1, F	0.478	17.476	
9	36.7, F	0.415	17.517	
9	194.2, F	0.488	17.559	
9	346.0, F	0.466	17.601	
9	120.7, F	1.211	17.643	
9	44.1, F	0.262	17.684	
9	311.3, F	0.619	17.726	
9	127.4, F	0.902	17.768	
9	320.0, F	0.375	17.809	
9	334.4, F	0.322	17.851	
9	125.5, F	1.246	17.893	
9	285.8, F	0.962	17.935	
9	33.4, F	0.211	17.976	
9	49.8, F	0.253	18.018	
9	61.6, F	0.235	18.060	
9	162.2, F	0.949	18.101	
9	69.5, F	0.459	18.143	
9	294.4, F	0.493	18.185	
9	80.4, F	0.428	18.227	
9	292.8, F	0.512	18.268	
9	74.9, F	0.434	18.310	
9	286.3, F	0.521	18.352	
9	154.7, F	0.943	18.393	
9	293.2, F	0.479	18.435	
9	75.5, F	0.569	18.477	
9	306.1, F	0.387	18.518	
9	67.6, F	0.781	18.560	
9	200.9, F	0.693	18.602	
9	331.4, F	0.447	18.644	
9	342.4, F	0.557	18.685	
9	194.4, F	0.294	18.727	
9	107.1, F	1.001	18.769	
9	357.6, F	0.643	18.810	
9	178.2, F	0.291	18.852	
9	145.3, F	0.221	18.894	
9	318.7, F	1.152	18.936	
9	117.1, F	0.263	18.977	
9	112.1, F	0.316	19.019	
9	102.0, F	0.448	19.061	
9	263.9, F	0.454	19.102	
9	98.4, F	0.569	19.144	
9	272.7, F	0.322	19.186	
9	288.2, F	0.096	19.228	
9	89.4, F	0.872	19.269	
9	None	0	19.311	0.04200000000000159
9	259.3, F	0.092	19.353	
9	345.8, F	0.146	19.394	
9	332.0, F	0.138	19.436	
9	338.8, F	0.182	19.478	
9	329.6, F	0.257	19.520	
9	192.1, F	0.619	19.561	
9	335.0, F	0.472	19.603	
9	57.9, F	0.895	19.645	
9	202.9, F	0.519	19.686	
9	303.9, F	0.615	19.728	
9	229.0, F	0.427	19.770	
9	38.5, F	0.293	19.811	
9	173.8, F	0.589	19.853	
9	22.0, F	0.853	19.895	
9	251.4, F	0.804	19.937	
9	139.0, F	0.121	19.978	
9	35.1, F	0.762	20.020	
9	331.7, F	0.135	20.062	
9	78.9, F	0.754	20.103	
9	299.9, F	0.448	20.145	
9	215.9, F	0.904	20.187	
9	17.1, F	0.484	20.229	
9	348.0, F	0.509	20.270	
9	200.6, F	0.549	20.312	
9	334.8, F	0.531	20.354	
9	223.3, F	0.545	20.395	
9	337.4, F	0.967	20.437	
9	75.1, F	0.59	20.479	
9	272.3, F	0.585	20.520	
9	46.6, F	0.467	20.562	
9	178.9, F	1.031	20.604	
9	276.3, F	1.017	20.646	
9	347.5, F	0.189	20.687	
9	77.0, F	0.808	20.729	
9	315.8, F	0.303	20.771	
9	314.0, F	0.377	20.812	
9	204.2, F	0.739	20.854	
9	58.2, F	0.717	20.896	
9	317.2, F	0.471	20.938	
9	206.3, F	0.695	20.979	
9	60.6, F	0.664	21.021	
9	301.1, F	0.67	21.063	
9	149.6, F	0.672	21.104	
9	306.9, F	0.683	21.146	
9	136.5, F	0.641	21.188	
9	329.6, F	0.675	21.230	
9	114.6, F	0.714	21.271	
9	342.4, F	0.739	21.313	
9	198.2, F	0.307	21.355	
9	177.7, F	0.248	21.396	
9	160.7, F	0.272	21.438	
9	15.5, F	0.735	21.480	
9	136.1, F	0.378	21.521	
9	120.9, F	0.54	21.563	
9	68.6, F	1.512	21.605	
9	77.7, F	0.202	21.647	
9	130.0, F	0.17	21.688	
9	21.1, F	0.732	21.730	
9	96.0, F	0.653	21.772	
9	171.3, F	0.896	21.813	
9	70.5, F	0.39	21.855	
9	313.4, F	0.465	21.897	
9	326.6, F	0.18	21.939	
9	67.4, F	0.925	21.980	
9	171.2, F	0.578	22.022	
9	25.1, F	0.318	22.064	
9	295.8, F	0.131	22.105	
9	48.4, F	0.132	22.147	
9	66.6, F	0.461	22.189	
9	61.6, F	0.892	22.231	
9	37.6, F	1.13	22.272	
9	224.6, F	1.001	22.314	
9	114.0, F	1.119	22.356	
9	162.5, F	0.658	22.397	
9	10.0, F	1.012	22.439	
9	130.7, F	0.357	22.481	
9	166.3, F	0.661	22.523	
9	81.6, F	0.63	22.564	
9	103.3, F	0.68	22.606	
9	123.4, F	0.211	22.648	
9	95.0, F	0.705	22.689	
9	77.0, F	0.898	22.731	
9	195.0, F	0.387	22.773	
9	104.0, F	0.493	22.814	
9	260.5, F	0.128	22.856	
9	104.1, F	0.428	22.898	
9	89.1, F	0.697	22.940	
9	None	0	22.981	0.04199999999999804
9	64.4, F	0.462	23.023	
9	140.7, F	0.572	23.065	
9	90.1, F	0.908	23.106	
9	72.5, F	0.187	23.148	
9	274.4, F	0.606	23.190	
9	57.5, F	1.325	23.232	
9	359.9, F	0.47	23.273	
9	147.4, F	0.627	23.315	
9	35.8, F	0.567	23.357	
9	228.1, F	0.159	23.398	
9	50.6, F	1.38	23.440	
9	123.0, F	0.204	23.482	
9	245.6, F	0.919	23.523	
9	82.8, F	0.852	23.565	
9	326.8, F	0.108	23.607	
9	46.3, F	0.122	23.649	
9	56.4, F	0.244	23.690	
9	64.4, F	0.707	23.732	
9	194.1, F	0.382	23.774	
9	75.1, F	0.796	23.815	
9	319.6, F	0.167	23.857	
9	None	0	23.899	0.04199999999999804
9	185.3, F	1.281	23.941	
9	16.1, F	0.954	23.982	
9	109.3, F	0.257	24.024	
9	244.2, F	0.81	24.066	
9	140.1, F	0.383	24.107	
9	139.4, F	0.386	24.149	
9	18.2, F	0.543	24.191	
9	236.8, F	0.981	24.233	
9	15.9, F	0.423	24.274	
9	168.7, F	0.62	24.316	
9	26.6, F	0.342	24.358	
9	49.3, F	0.225	24.399	
9	171.0, F	0.992	24.441	
9	269.5, F	0.81	24.483	
9	78.3, F	0.207	24.524	
9	108.9, F	0.173	24.566	
9	133.8, F	0.197	24.608	
9	8.2, F	0.893	24.650	
9	162.8, F	0.241	24.691	
9	180.5, F	0.444	24.733	
9	183.2, F	0.45	24.775	
9	338.4, F	0.426	24.816	
9	185.5, F	0.512	24.858	
9	325.3, F	0.397	24.900	
9	312.2, F	0.429	24.942	
9	210.2, F	0.724	24.983	
9	70.1, F	0.486	25.025	
9	290.9, F	0.647	25.067	
9	53.1, F	0.366	25.108	
9	163.4, F	0.796	25.150	
9	285.6, F	0.791	25.192	
9	30.8, F	0.219	25.234	
9	21.6, F	0.209	25.275	
9	176.6, F	0.799	25.317	
9	10.7, F	0.178	25.359	
9	348.1, F	0.126	25.400	
9	329.0, F	0.173	25.442	
9	308.5, F	0.132	25.484	
9	306.7, F	0.122	25.525	
9	303.6, F	0.132	25.567	
9	297.3, F	0.172	25.609	
9	299.8, F	0.143	25.651	
9	137.4, F	1.263	25.692	
9	300.3, F	0.224	25.734	
9	290.0, F	0.236	25.776	
9	286.3, F	0.217	25.817	
9	285.5, F	0.217	25.859	
9	87.2, F	0.786	25.901	
9	273.0, F	0.213	25.943	
9	271.5, F	0.223	25.984	
9	269.5, F	0.235	26.026	
9	264.7, F	0.271	26.068	
9	93.8, F	0.669	26.109	
9	261.3, F	0.31	26.151	
9	257.6, F	0.313	26.193	
9	103.9, F	0.631	26.235	
9	251.8, F	0.391	26.276	
9	257.0, F	0.404	26.318	
9	33.4, F	1.118	26.360	
9	255.0, F	0.42	26.401	
9	116.3, F	0.58	26.443	
9	248.1, F	0.481	26.485	
9	252.1, F	0.5	26.526	
9	127.9, F	0.541	26.568	
9	32.8, F	0.753	26.610	
9	247.9, F	0.638	26.652	
9	138.5, F	0.563	26.693	
9	297.3, F	0.799	26.735	
9	142.1, F	0.653	26.777	
9	20.9, F	0.521	26.818	
9	249.3, F	0.597	26.860	
9	16.2, F	0.481	26.902	
9	139.2, F	0.624	26.944	
9	333.2, F	0.945	26.985	
9	120.0, F	0.574	27.027	
9	283.6, F	0.316	27.069	
9	73.0, F	0.705	27.110	
9	326.4, F	0.316	27.152	
9	167.8, F	0.6	27.194	
9	12.2, F	0.41	27.236	
9	31.4, F	0.438	27.277	
9	104.1, F	0.719	27.319	
9	239.0, F	0.146	27.361	
9	9.4, F	1.143	27.402	
9	163.4, F	0.806	27.444	
9	50.6, F	0.482	27.486	
9	322.6, F	0.712	27.527	
9	97.1, F	0.909	27.569	
9	None	0	27.611	
9	None	0	27.653	0.08299999999999841
9	35.2, F	0.146	27.694	
9	40.7, F	0.233	27.736	
9	42.2, F	0.25	27.778	
9	44.5, F	0.247	27.819	
9	283.5, F	0.866	27.861	
9	55.5, F	0.116	27.903	
9	178.5, F	0.97	27.945	
9	None	0	27.986	
9	None	0	28.028	0.08399999999999963
9	213.8, F	1.205	28.070	
9	125.4, F	0.174	28.111	
9	None	0	28.153	0.04200000000000159
9	235.2, F	0.264	28.195	
9	233.9, F	0.957	28.237	
9	271.1, F	0.72	28.278	
9	269.0, F	0.854	28.320	
9	266.4, F	0.095	28.362	
9	280.9, F	0.491	28.403	
9	131.2, F	0.29	28.445	
9	121.0, F	0.293	28.487	
9	275.2, F	0.389	28.528	
9	91.0, F	0.801	28.570	
9	203.4, F	0.154	28.612	
9	166.4, F	0.166	28.654	
9	138.3, F	0.206	28.695	
9	99.8, F	0.581	28.737	
9	264.6, F	0.225	28.779	
9	None	0	28.820	0.04199999999999804
9	88.1, F	1.13	28.862	
9	322.3, F	0.2	28.904	
9	79.2, F	0.835	28.946	
9	78.7, F	0.43	28.987	
9	287.1, F	0.18	29.029	
9	80.8, F	0.749	29.071	
9	305.7, F	1.244	29.112	
9	89.5, F	0.565	29.154	
9	70.1, F	0.191	29.196	
9	81.7, F	1.529	29.238	
9	43.4, F	0.198	29.279	
9	9.9, F	0.636	29.321	
9	109.8, F	0.825	29.363	
9	78.7, F	1.437	29.404	
9	71.9, F	1.137	29.446	
9	26.6, F	0.826	29.488	
9	93.0, F	1.183	29.529	
9	76.8, F	0.713	29.571	
9	62.4, F	1.299	29.613	
9	100.1, F	0.925	29.655	
9	81.1, F	0.844	29.696	
9	59.8, F	1.523	29.738	
9	47.9, F	1.548	29.780	
9	184.7, F	0.878	29.821	
9	73.0, F	0.697	29.863	
9	74.5, F	2.1	29.905	
9	47.0, F	1.056	29.947	
9	67.8, F	0.296	29.988	
9	86.1, F	0.946	30.030	
9	71.4, F	1.515	30.072	
9	128.4, F	0.253	30.113	
9	79.4, F	1.122	30.155	
9	70.9, F	0.975	30.197	
9	71.5, F	1.775	30.239	
9	110.0, F	0.532	30.280	
9	90.9, F	1.331	30.322	
9	93.7, F	1.221	30.364	
9	50.0, F	1.417	30.405	
9	87.2, F	1.08	30.447	
9	97.2, F	0.819	30.489	
9	99.1, F	0.678	30.530	
9	90.5, F	2.182	30.572	
9	86.1, F	0.935	30.614	
9	67.6, F	0.624	30.656	
9	63.2, F	0.476	30.697	
9	96.0, F	2.189	30.739	
9	7.5, F	1.043	30.781	
9	75.3, F	0.946	30.822	
9	112.4, F	0.982	30.864	
9	55.1, F	2.006	30.906	
9	77.6, F	1.527	30.948	
9	126.6, F	0.49	30.989	
9	93.7, F	1.331	31.031	
9	61.7, F	2.35	31.073	
9	135.4, F	1.048	31.114	
9	72.1, F	4.163	31.156	
9	115.4, F	0.694	31.198	
9	54.4, F	2.867	31.240	
9	78.0, F	0.827	31.281	
9	145.1, F	0.659	31.323	
9	64.9, F	1.279	31.365	
9	73.5, F	1.337	31.406	
9	52.7, F	1.718	31.448	
9	73.8, F	1.208	31.490	
9	56.6, F	0.73	31.531	
9	93.3, F	1.527	31.573	
9	58.2, F	0.718	31.615	
9	63.0, F	1.577	31.657	
9	60.8, F	0.309	31.698	
9	76.8, F	1.483	31.740	
9	57.6, F	1.742	31.782	
9	72.2, F	0.982	31.823	
9	64.2, F	0.361	31.865	
9	80.7, F	1.003	31.907	
9	56.6, F	1.043	31.949	
9	36.3, F	1.135	31.990	
9	74.0, F	0.387	32.032	
9	62.2, F	2.052	32.074	
9	89.3, F	1.164	32.115	
9	33.3, F	1.34	32.157	
9	54.4, F	0.643	32.199	
9	84.9, F	2.0	32.241	
9	66.5, F	0.869	32.282	
9	24.2, F	0.953	32.324	
9	81.8, F	1.127	32.366	
9	55.6, F	1.969	32.407	
9	152.0, F	0.47	32.449	
9	63.3, F	1.601	32.491	
9	50.7, F	2.828	32.532	
9	75.6, F	2.115	32.574	
9	299.9, F	0.872	32.616	
9	152.6, F	0.714	32.658	
9	52.7, F	1.83	32.699	
9	65.3, F	1.883	32.741	
9	28.8, F	0.926	32.783	
9	146.4, F	0.351	32.824	
9	45.9, F	1.832	32.866	
9	109.5, F	0.39	32.908	
9	73.9, F	2.059	32.950	
9	15.2, F	0.944	32.991	
9	133.2, F	0.792	33.033	
9	62.9, F	2.761	33.075	
9	352.3, F	1.086	33.116	
9	72.3, F	0.993	33.158	
9	358.2, F	0.694	33.200	
9	40.2, F	1.634	33.242	
9	63.3, F	2.182	33.283	
9	351.9, F	1.069	33.325	
9	34.7, F	0.328	33.367	
9	58.3, F	2.345	33.408	
9	33.8, F	0.363	33.450	
9	25.7, F	1.051	33.492	
9	353.5, F	0.908	33.533	
9	42.7, F	0.939	33.575	
9	34.1, F	2.03	33.617	
9	120.3, F	0.883	33.659	
9	8.8, F	0.521	33.700	
9	42.9, F	2.38	33.742	
9	43.4, F	0.365	33.784	
9	64.3, F	1.187	33.825	
9	52.2, F	2.029	33.867	
9	20.9, F	1.155	33.909	
9	68.8, F	1.646	33.951	
9	43.2, F	0.731	33.992	
9	69.8, F	1.138	34.034	
9	61.1, F	1.176	34.076	
9	15.7, F	1.612	34.117	
9	244.0, F	0.542	34.159	
9	59.0, F	1.097	34.201	
9	51.7, F	1.91	34.243	
9	41.1, F	0.362	34.284	
9	68.6, F	1.339	34.326	
9	24.7, F	1.301	34.368	
9	45.7, F	1.235	34.409	
9	49.9, F	1.275	34.451	
9	None	0	34.493	0.041999999999994486
9	47.8, F	1.155	34.535	
9	46.9, F	2.057	34.576	
9	32.3, F	0.832	34.618	
9	82.2, F	1.019	34.660	
9	358.7, F	1.519	34.701	
9	65.8, F	2.326	34.743	
9	324.4, F	0.952	34.785	
9	96.7, F	1.429	34.826	
9	71.2, F	0.65	34.868	
9	42.7, F	1.987	34.910	
9	127.9, F	0.363	34.952	
9	16.7, F	1.911	34.993	
9	80.6, F	1.548	35.035	
9	48.8, F	1.526	35.077	
9	77.4, F	0.266	35.118	
9	84.5, F	1.197	35.160	
9	68.2, F	1.474	35.202	
9	20.2, F	1.412	35.244	
9	135.1, F	1.188	35.285	
9	40.2, F	0.44	35.327	
9	36.1, F	1.451	35.369	
9	68.7, F	2.229	35.410	
9	106.0, F	0.232	35.452	
9	89.1, F	1.207	35.494	
9	355.9, F	0.825	35.535	
9	37.5, F	1.836	35.577	
9	37.4, F	0.439	35.619	
9	72.3, F	1.338	35.661	
9	52.1, F	1.908	35.702	
9	34.9, F	1.108	35.744	
9	63.1, F	1.741	35.786	
9	None	0	35.827	0.04200000000000159
9	55.0, F	0.674	35.869	
9	9.5, F	1.423	35.911	
9	88.5, F	1.009	35.953	
9	70.3, F	1.178	35.994	
9	1.3, F	1.002	36.036	
9	48.6, F	2.049	36.078	
9	78.0, F	1.883	36.119	
9	68.1, F	0.18	36.161	
9	21.9, F	0.823	36.203	
9	89.4, F	1.701	36.245	
9	76.0, F	2.015	36.286	
9	30.1, F	1.048	36.328	
9	3.4, F	0.682	36.370	
9	87.9, F	1.657	36.411	
9	36.2, F	0.195	36.453	
9	74.3, F	1.189	36.495	
9	70.0, F	1.378	36.536	
9	59.3, F	1.483	36.578	
9	109.1, F	0.784	36.620	
9	356.2, F	1.568	36.662	
9	77.5, F	0.589	36.703	
9	67.1, F	1.696	36.745	
9	130.7, F	0.583	36.787	
9	28.3, F	1.543	36.828	
9	99.7, F	1.607	36.870	
9	61.7, F	1.427	36.912	
9	20.9, F	0.819	36.954	
9	123.8, F	0.368	36.995	
9	82.2, F	1.398	37.037	
9	56.9, F	1.649	37.079	
9	347.8, F	0.604	37.120	
9	54.5, F	2.218	37.162	
9	144.7, F	0.707	37.204	
9	13.2, F	0.646	37.246	
9	54.2, F	1.039	37.287	
9	47.3, F	1.288	37.329	
9	211.1, F	0.511	37.371	
9	89.9, F	2.649	37.412	
9	5.5, F	0.5	37.454	
9	39.3, F	1.204	37.496	
9	63.5, F	1.367	37.538	
9	106.9, F	1.13	37.579	
9	47.3, F	2.032	37.621	
9	193.3, F	0.414	37.663	
9	83.2, F	0.544	37.704	
9	72.5, F	2.099	37.746	
9	69.5, F	0.746	37.788	
9	356.6, F	0.561	37.829	
9	164.8, F	0.626	37.871	
9	43.5, F	2.248	37.913	
9	91.8, F	1.709	37.955	
9	30.2, F	0.346	37.996	
9	57.6, F	1.021	38.038	
9	90.1, F	0.51	38.080	
9	67.5, F	0.818	38.121	
9	68.0, F	1.883	38.163	
9	26.8, F	0.689	38.205	
9	5.1, F	1.736	38.247	
9	90.9, F	1.055	38.288	
9	77.7, F	1.201	38.330	
9	10.4, F	0.475	38.372	
9	92.1, F	1.491	38.413	
9	81.3, F	1.64	38.455	
9	20.6, F	0.529	38.497	
9	26.9, F	1.215	38.538	
9	41.1, F	1.055	38.580	
9	124.8, F	0.631	38.622	
9	94.6, F	1.531	38.664	
9	54.0, F	0.298	38.705	
9	64.1, F	2.128	38.747	
9	51.8, F	0.709	38.789	
9	64.7, F	1.823	38.830	
9	132.3, F	0.318	38.872	
9	79.5, F	2.027	38.914	
9	37.2, F	0.993	38.956	
9	347.8, F	0.392	38.997	
9	47.7, F	0.985	39.039	
9	94.0, F	1.891	39.081	
9	83.4, F	0.678	39.122	
9	61.4, F	0.929	39.164	
9	313.8, F	0.28	39.206	
9	66.5, F	1.481	39.248	
9	40.4, F	1.801	39.289	
9	131.0, F	0.151	39.331	
9	74.1, F	0.748	39.373	
9	69.3, F	1.91	39.414	
9	8.5, F	1.439	39.456	
9	103.2, F	0.729	39.498	
9	None	0	39.539	0.04200000000000159
9	62.2, F	2.04	39.581	
9	94.5, F	1.67	39.623	
9	324.9, F	1.949	39.665	
9	50.6, F	2.418	39.706	
9	172.0, F	0.684	39.748	
9	49.3, F	1.132	39.790	
9	217.4, F	0.591	39.831	
9	254.5, F	0.224	39.873	
9	77.0, F	2.153	39.915	
9	352.9, F	0.988	39.957	
9	140.4, F	0.86	39.998	
9	89.7, F	0.891	40.040	
9	57.3, F	2.259	40.082	
9	33.2, F	1.153	40.123	
9	59.4, F	2.506	40.165	
9	187.6, F	0.348	40.207	
9	50.7, F	1.964	40.249	
9	128.8, F	0.735	40.290	
9	93.6, F	1.06	40.332	
9	99.5, F	0.685	40.374	
9	60.0, F	2.265	40.415	
9	194.0, F	0.177	40.457	
9	167.3, F	0.324	40.499	
9	43.8, F	1.683	40.541	
9	48.0, F	0.899	40.582	
9	89.0, F	0.713	40.624	
9	30.3, F	0.558	40.666	
9	103.2, F	0.877	40.707	
9	82.7, F	1.159	40.749	
9	51.7, F	1.345	40.791	
9	38.8, F	1.201	40.832	
9	92.1, F	0.81	40.874	
9	59.9, F	1.972	40.916	
9	257.8, F	0.401	40.958	
9	351.1, F	0.487	40.999	
9	57.7, F	0.889	41.041	
9	340.0, F	0.721	41.083	
9	199.0, F	0.681	41.124	
9	306.4, F	0.17	41.166	
9	332.8, F	0.243	41.208	
9	294.1, F	0.133	41.250	
9	52.0, F	3.124	41.291	
9	None	0	41.333	
9	None	0	41.375	
9	None	0	41.416	
9	None	0	41.458	0.1670000000000016
9	52.9, F	0.113	41.500	
9	None	0	41.541	0.04200000000000159
9	51.1, F	0.119	41.583	
9	269.1, F	0.737	41.625	
9	None	0	41.667	0.04099999999999682
9	172.0, F	0.237	41.708	
9	14.1, F	0.532	41.750	
9	144.8, F	0.507	41.792	
9	131.0, F	0.523	41.833	
9	270.5, F	0.887	41.875	
9	353.3, F	0.267	41.917	
9	338.4, F	0.166	41.959	
9	187.3, F	0.794	42.000	
9	308.1, F	0.206	42.042	
9	None	0	42.084	0.04099999999999682
9	95.2, F	21.558	42.125	
9	89.0, F	1.044	42.167	
9	76.5, F	0.864	42.209	
9	81.5, F	1.02	42.251	
9	64.1, F	0.925	42.292	
9	165.1, F	0.767	42.334	
9	68.8, F	1.1	42.376	
9	59.2, F	1.139	42.417	
9	170.7, F	0.514	42.459	
9	112.8, F	0.897	42.501	
9	27.0, F	0.591	42.542	
9	106.0, F	0.912	42.584	
9	16.3, F	0.552	42.626	
9	118.0, F	0.622	42.668	
9	178.0, F	0.116	42.709	
9	154.9, F	0.676	42.751	
9	57.6, F	1.013	42.793	
9	183.2, F	0.658	42.834	
9	45.0, F	0.192	42.876	
9	94.5, F	1.102	42.918	
9	96.1, F	0.692	42.960	
9	195.1, F	0.231	43.001	
9	172.0, F	0.582	43.043	
9	91.2, F	1.147	43.085	
9	102.0, F	0.716	43.126	
9	180.5, F	0.59	43.168	
9	69.6, F	0.575	43.210	
9	117.5, F	2.041	43.252	
9	145.7, F	0.247	43.293	
9	38.6, F	1.033	43.335	
9	180.5, F	0.544	43.377	
9	130.5, F	1.174	43.418	
9	126.6, F	0.285	43.460	
9	99.1, F	0.74	43.502	
9	132.5, F	0.423	43.544	
9	74.4, F	0.975	43.585	
9	157.3, F	1.095	43.627	
9	84.5, F	0.964	43.669	
9	109.4, F	0.492	43.710	
9	35.0, F	0.703	43.752	
9	108.5, F	1.179	43.794	
9	113.2, F	0.941	43.835	
9	52.5, F	0.179	43.877	
9	101.3, F	1.368	43.919	
9	188.6, F	0.392	43.961	
9	118.5, F	1.541	44.002	
9	None	0	44.044	0.04200000000000159
9	119.3, F	1.226	44.086	
9	87.2, F	0.466	44.127	
9	98.6, F	1.181	44.169	
9	213.8, F	0.36	44.211	
9	133.1, F	1.9	44.253	
9	211.3, F	0.442	44.294	
9	10.0, F	0.207	44.336	
9	116.5, F	0.458	44.378	
9	139.9, F	1.169	44.419	
9	162.4, F	0.42	44.461	
9	169.9, F	0.938	44.503	
9	98.8, F	0.572	44.544	
9	191.4, F	1.198	44.586	
9	138.1, F	1.116	44.628	
9	200.4, F	0.583	44.670	
9	101.7, F	0.198	44.711	
9	150.0, F	1.481	44.753	
9	195.6, F	0.902	44.795	
9	180.5, F	0.37	44.836	
9	175.8, F	0.947	44.878	
9	159.0, F	1.001	44.920	
9	89.2, F	0.736	44.962	
9	199.9, F	0.591	45.003	
9	105.3, F	0.11	45.045	
9	155.0, F	0.922	45.087	
9	139.1, F	1.224	45.128	
9	153.2, F	0.389	45.170	
9	49.0, F	0.286	45.212	
9	99.5, F	1.143	45.254	
9	172.2, F	0.692	45.295	
9	153.0, F	1.004	45.337	
9	None	0	45.379	0.04100000000000392
9	164.8, F	0.749	45.420	
9	78.0, F	0.754	45.462	
9	168.9, F	0.141	45.504	
9	172.1, F	0.748	45.545	
9	104.0, F	0.966	45.587	
9	206.9, F	0.602	45.629	
9	341.1, F	0.124	45.671	
9	178.1, F	1.532	45.712	
9	116.0, F	0.456	45.754	
9	129.2, F	0.604	45.796	
9	321.7, F	0.637	45.837	
9	142.7, F	0.935	45.879	
9	203.4, F	0.658	45.921	
9	140.5, F	1.09	45.963	
9	259.9, F	0.314	46.004	
9	218.0, F	0.484	46.046	
9	252.9, F	0.501	46.088	
9	164.3, F	0.891	46.129	
9	126.4, F	0.278	46.171	
9	240.1, F	1.105	46.213	
9	181.0, F	1.462	46.255	
9	304.1, F	0.41	46.296	
9	100.5, F	0.606	46.338	
9	225.5, F	0.862	46.380	
9	177.1, F	0.941	46.421	
9	173.3, F	0.333	46.463	
9	326.4, F	0.351	46.505	
9	195.9, F	0.917	46.547	
9	225.2, F	0.479	46.588	
9	24.0, F	0.473	46.630	
9	230.1, F	1.084	46.672	
9	107.8, F	0.17	46.713	
9	182.8, F	0.799	46.755	
9	333.4, F	0.159	46.797	
9	251.3, F	0.137	46.838	
9	206.0, F	0.334	46.880	
9	228.7, F	0.966	46.922	
9	88.4, F	0.18	46.964	
9	161.8, F	0.321	47.005	
9	176.2, F	0.728	47.047	
9	170.9, F	0.29	47.089	
9	208.9, F	0.583	47.130	
9	214.3, F	1.011	47.172	
9	84.2, F	0.218	47.214	
9	230.3, F	1.327	47.256	
9	214.2, F	0.333	47.297	
9	155.0, F	0.773	47.339	
9	276.3, F	0.86	47.381	
9	199.8, F	0.676	47.422	
9	256.1, F	0.52	47.464	
9	144.0, F	0.482	47.506	
9	190.0, F	0.635	47.547	
9	245.3, F	0.564	47.589	
9	226.6, F	1.132	47.631	
9	333.4, F	0.172	47.673	
9	260.7, F	0.406	47.714	
9	242.0, F	1.151	47.756	
9	143.8, F	1.02	47.798	
9	253.0, F	0.85	47.839	
9	202.2, F	0.475	47.881	
9	270.5, F	1.255	47.923	
9	249.3, F	0.807	47.965	
9	204.2, F	0.744	48.006	
9	271.9, F	0.856	48.048	
9	244.8, F	1.505	48.090	
9	218.2, F	1.04	48.131	
9	181.7, F	0.102	48.173	
9	228.3, F	0.352	48.215	
9	237.3, F	1.367	48.257	
9	291.2, F	0.458	48.298	
9	102.6, F	0.281	48.340	
9	None	0	48.382	0.04100000000000392
9	278.1, F	0.409	48.423	
9	263.5, F	0.702	48.465	
9	204.7, F	0.098	48.507	
9	284.1, F	0.312	48.548	
9	272.3, F	0.721	48.590	
9	None	0	48.632	0.04200000000000159
9	321.4, F	0.298	48.674	
9	315.6, F	0.526	48.715	
9	238.8, F	1.126	48.757	
9	341.7, F	0.405	48.799	
9	322.9, F	0.499	48.840	
9	113.9, F	0.795	48.882	
9	254.2, F	0.42	48.924	
9	316.7, F	0.801	48.966	
9	155.4, F	0.365	49.007	
9	175.9, F	0.255	49.049	
9	336.7, F	0.565	49.091	
9	210.9, F	1.007	49.132	
9	73.4, F	0.34	49.174	
9	269.9, F	0.77	49.216	
9	197.6, F	0.192	49.258	
9	217.7, F	0.239	49.299	
9	205.8, F	0.363	49.341	
9	316.2, F	0.667	49.383	
9	152.5, F	1.171	49.424	
9	240.7, F	0.485	49.466	
9	164.9, F	0.712	49.508	
9	63.2, F	0.222	49.550	
9	254.6, F	0.748	49.591	
9	139.0, F	0.464	49.633	
9	148.0, F	0.502	49.675	
9	291.4, F	0.939	49.716	
9	46.3, F	0.221	49.758	
9	168.7, F	1.02	49.800	
9	109.7, F	0.181	49.841	
9	144.1, F	0.407	49.883	
9	15.1, F	0.319	49.925	
9	22.4, F	0.199	49.967	
9	223.5, F	1.297	50.008	
9	138.5, F	0.163	50.050	
9	145.2, F	0.352	50.092	
9	17.3, F	0.639	50.133	
9	174.6, F	0.633	50.175	
9	15.9, F	0.337	50.217	
9	165.0, F	1.124	50.259	
9	251.3, F	0.656	50.300	
9	34.1, F	0.742	50.342	
9	136.5, F	0.671	50.384	
9	293.3, F	0.714	50.425	
9	156.9, F	0.974	50.467	
9	304.5, F	0.596	50.509	
9	74.4, F	0.577	50.550	
9	282.5, F	0.374	50.592	
9	85.3, F	0.594	50.634	
9	254.6, F	0.355	50.676	
9	227.6, F	0.265	50.717	
9	107.4, F	0.828	50.759	
9	217.3, F	0.248	50.801	
9	210.2, F	0.274	50.842	
9	206.4, F	0.239	50.884	
9	353.0, F	0.751	50.926	
9	191.6, F	0.243	50.968	
9	179.8, F	0.259	51.009	
9	174.8, F	0.233	51.051	
9	357.4, F	0.855	51.093	
9	183.3, F	0.193	51.134	
9	191.2, F	0.128	51.176	
9	187.4, F	0.116	51.218	
9	166.8, F	0.14	51.260	
9	None	0	51.301	
9	None	0	51.343	0.08399999999999608
9	1.5, F	0.928	51.385	
9	None	0	51.426	
9	None	0	51.468	0.08399999999999608
9	179.6, F	0.926	51.510	
9	348.4, F	0.13	51.551	
9	338.3, F	0.154	51.593	
9	345.9, F	0.189	51.635	
9	335.5, F	0.222	51.677	
9	80.4, F	0.899	51.718	
9	319.4, F	0.175	51.760	
9	191.6, F	0.732	51.802	
9	336.3, F	0.424	51.843	
9	338.3, F	0.535	51.885	
9	192.3, F	0.452	51.927	
9	332.6, F	0.539	51.969	
9	124.6, F	0.901	52.010	
9	334.2, F	0.541	52.052	
9	202.3, F	0.622	52.094	
9	330.4, F	0.462	52.135	
9	126.2, F	0.969	52.177	
9	337.8, F	0.42	52.219	
9	343.5, F	0.447	52.261	
9	192.2, F	0.421	52.302	
9	344.9, F	0.415	52.344	
9	190.1, F	0.559	52.386	
9	340.2, F	0.413	52.427	
9	124.5, F	1.016	52.469	
9	339.2, F	0.534	52.511	
9	199.6, F	0.656	52.552	
9	311.3, F	0.327	52.594	
9	310.5, F	0.294	52.636	
9	75.7, F	0.776	52.678	
9	196.3, F	0.807	52.719	
9	320.3, F	0.288	52.761	
9	316.9, F	0.234	52.803	
9	314.5, F	0.221	52.844	
9	81.2, F	0.828	52.886	
9	309.8, F	0.133	52.928	
9	None	0	52.970	0.04100000000000392
9	183.9, F	0.868	53.011	
9	None	0	53.053	
9	None	0	53.095	
9	None	0	53.136	0.125
9	185.0, F	0.092	53.178	
9	188.4, F	0.13	53.220	
9	0.5, F	0.629	53.262	
9	180.1, F	0.423	53.303	
9	181.4, F	0.466	53.345	
9	355.6, F	0.451	53.387	
9	176.9, F	0.678	53.428	
9	30.5, F	0.138	53.470	
9	47.9, F	0.139	53.512	
9	80.2, F	0.183	53.553	
9	90.9, F	0.251	53.595	
9	94.0, F	0.299	53.637	
9	266.9, F	0.625	53.679	
9	109.5, F	0.38	53.720	
9	108.4, F	0.367	53.762	
9	252.3, F	0.69	53.804	
9	116.6, F	0.32	53.845	
9	19.9, F	0.831	53.887	
9	253.0, F	0.736	53.929	
9	128.0, F	0.344	53.971	
9	128.3, F	0.326	54.012	
9	254.1, F	0.791	54.054	
9	13.0, F	0.589	54.096	
9	168.7, F	0.336	54.137	
9	168.3, F	0.345	54.179	
9	2.9, F	0.673	54.221	
9	182.4, F	0.331	54.263	
9	184.3, F	0.33	54.304	
9	354.7, F	0.627	54.346	
9	191.0, F	0.351	54.388	
9	196.7, F	0.443	54.429	
9	329.6, F	0.485	54.471	
9	203.1, F	0.607	54.513	
9	57.3, F	0.799	54.554	
9	299.3, F	0.322	54.596	
9	196.7, F	0.904	54.638	
9	88.5, F	0.709	54.680	
9	277.5, F	0.283	54.721	
9	296.5, F	0.278	54.763	
9	299.9, F	0.212	54.805	
9	83.6, F	0.827	54.846	
9	326.6, F	0.214	54.888	
9	349.5, F	0.373	54.930	
9	181.2, F	0.565	54.972	
9	5.3, F	0.426	55.013	
9	137.4, F	0.532	55.055	
9	24.0, F	0.897	55.097	
9	251.8, F	0.546	55.138	
9	112.6, F	0.438	55.180	
9	254.1, F	0.592	55.222	
9	30.1, F	1.82	55.264	
9	191.6, F	0.337	55.305	
9	201.8, F	0.228	55.347	
9	184.3, F	0.215	55.389	
9	358.5, F	0.847	55.430	
9	217.0, F	0.126	55.472	
9	198.0, F	0.136	55.514	
9	185.1, F	0.191	55.555	
9	172.7, F	0.329	55.597	
9	0.9, F	0.609	55.639	
9	177.9, F	0.455	55.681	
9	196.6, F	0.578	55.722	
9	328.3, F	0.316	55.764	
9	82.3, F	0.813	55.806	
9	308.5, F	0.18	55.847	
9	279.2, F	0.094	55.889	
9	183.0, F	0.93	55.931	
9	None	0	55.973	
9	None	0	56.014	
9	None	0	56.056	0.125
9	143.0, F	0.126	56.098	
9	6.8, F	0.864	56.139	
9	134.4, F	0.2	56.181	
9	130.1, F	0.2	56.223	
9	130.4, F	0.257	56.265	
9	253.8, F	0.748	56.306	
9	131.2, F	0.367	56.348	
9	21.6, F	0.75	56.390	
9	133.0, F	0.387	56.431	
9	248.8, F	0.741	56.473	
9	136.3, F	0.538	56.515	
9	33.5, F	0.676	56.556	
9	235.3, F	0.742	56.598	
9	21.0, F	0.452	56.640	
9	145.8, F	0.554	56.682	
9	298.8, F	0.903	56.723	
9	155.0, F	0.651	56.765	
9	36.5, F	0.448	56.807	
9	158.7, F	0.728	56.848	
9	293.9, F	0.754	56.890	
9	53.8, F	0.356	56.932	
9	70.3, F	0.377	56.974	
9	212.1, F	1.097	57.015	
9	96.1, F	0.413	57.057	
9	123.1, F	0.401	57.099	
9	332.3, F	1.023	57.140	
9	98.6, F	0.668	57.182	
9	233.8, F	0.2	57.224	
9	181.5, F	0.232	57.266	
9	172.3, F	0.284	57.307	
9	14.0, F	0.616	57.349	
9	153.8, F	0.391	57.391	
9	109.3, F	0.194	57.432	
9	71.5, F	0.22	57.474	
9	334.5, F	0.692	57.516	
9	41.8, F	1.2	57.557	
9	2.1, F	0.332	57.599	
9	132.1, F	0.522	57.641	
9	29.5, F	1.171	57.683	
9	323.1, F	0.181	57.724	
9	18.3, F	0.392	57.766	
9	129.4, F	0.484	57.808	
9	31.5, F	1.027	57.849	
9	259.3, F	0.215	57.891	
9	34.9, F	0.182	57.933	
9	61.3, F	0.348	57.975	
9	150.7, F	0.974	58.016	
9	313.3, F	0.356	58.058	
9	86.1, F	0.993	58.100	
9	85.5, F	0.167	58.141	
9	94.6, F	0.2	58.183	
9	263.4, F	0.551	58.225	
9	107.4, F	0.744	58.267	
9	199.2, F	0.395	58.308	
9	1.2, F	0.496	58.350	
9	163.4, F	0.495	58.392	
9	57.3, F	0.429	58.433	
9	149.8, F	1.066	58.475	
9	263.4, F	0.166	58.517	
9	192.8, F	0.217	58.558	
9	160.1, F	0.282	58.600	
9	14.1, F	0.723	58.642	
9	122.2, F	0.298	58.684	
9	F	0.3	58.725	
9	141.8, F	0.475	58.767	
9	310.3, F	0.851	58.809	
9	142.2, F	0.634	58.850	
9	41.5, F	0.526	58.892	
9	221.1, F	0.971	58.934	
9	66.1, F	0.338	58.976	
9	75.4, F	0.267	59.017	
9	272.0, F	0.734	59.059	
9	96.2, F	0.222	59.101	
9	89.0, F	0.176	59.142	
9	77.5, F	0.176	59.184	
9	75.6, F	0.209	59.226	
9	274.1, F	0.831	59.268	
9	39.3, F	0.15	59.309	
9	12.9, F	0.179	59.351	
9	179.9, F	0.739	59.393	
9	343.1, F	0.327	59.434	
9	343.2, F	0.349	59.476	
9	191.0, F	0.447	59.518	
9	345.4, F	0.625	59.559	
9	324.8, F	0.266	59.601	
9	66.0, F	0.735	59.643	
9	311.8, F	0.437	59.685	
9	212.0, F	0.623	59.726	
9	37.8, F	0.741	59.768	
9	247.5, F	0.575	59.810	
9	19.5, F	0.846	59.851	
9	254.7, F	0.767	59.893	
9	178.6, F	0.284	59.935	
9	197.8, F	0.314	59.977	
9	343.5, F	0.541	60.018	
9	211.7, F	0.647	60.060	
9	90.6, F	0.444	60.102	
9	249.4, F	0.562	60.143	
9	136.9, F	0.589	60.185	
9	229.7, F	0.973	60.227	
9	114.4, F	0.361	60.269	
9	142.3, F	0.56	60.310	
9	272.6, F	0.784	60.352	
9	168.0, F	1.243	60.394	
9	100.7, F	0.14	60.435	
9	170.3, F	0.578	60.477	
9	161.3, F	0.841	60.519	
9	301.9, F	0.501	60.560	
9	109.0, F	1.045	60.602	
9	197.2, F	0.601	60.644	
9	24.1, F	0.115	60.686	
9	151.7, F	0.306	60.727	
9	168.9, F	0.755	60.769	
9	105.4, F	0.32	60.811	
9	271.0, F	0.408	60.852	
9	112.9, F	0.985	60.894	
9	180.4, F	0.968	60.936	
9	147.2, F	0.426	60.978	
9	148.7, F	0.466	61.019	
9	286.8, F	0.71	61.061	
9	108.5, F	0.905	61.103	
9	190.1, F	0.662	61.144	
9	None	0	61.186	0.04200000000000159
9	138.6, F	0.558	61.228	
9	145.6, F	1.338	61.270	
9	195.7, F	0.659	61.311	
9	None	0	61.353	0.04200000000000159
9	146.6, F	0.391	61.395	
9	151.6, F	1.014	61.436	
9	102.2, F	0.715	61.478	
9	194.2, F	0.502	61.520	
9	342.8, F	0.237	61.561	
9	172.5, F	1.248	61.603	
9	24.3, F	0.455	61.645	
9	164.4, F	0.772	61.687	
9	88.4, F	0.211	61.728	
9	231.9, F	0.883	61.770	
9	58.2, F	0.275	61.812	
9	167.8, F	1.019	61.853	
9	151.7, F	0.408	61.895	
9	263.1, F	0.986	61.937	
9	193.2, F	0.46	61.979	
9	141.5, F	0.969	62.020	
9	261.0, F	0.415	62.062	
9	226.1, F	1.379	62.104	
9	201.5, F	0.273	62.145	
9	213.5, F	0.941	62.187	
9	114.3, F	0.352	62.229	
9	189.2, F	0.917	62.271	
9	201.0, F	0.316	62.312	
9	211.6, F	0.713	62.354	
9	281.5, F	0.33	62.396	
9	157.7, F	1.059	62.437	
9	255.4, F	0.487	62.479	
9	154.8, F	0.922	62.521	
9	272.5, F	0.44	62.562	
9	141.3, F	1.035	62.604	
9	153.5, F	0.546	62.646	
9	187.9, F	0.676	62.688	
9	109.9, F	0.153	62.729	
9	167.7, F	1.068	62.771	
9	186.6, F	0.586	62.813	
9	90.0, F	0.258	62.854	
9	203.8, F	0.139	62.896	
9	171.9, F	1.497	62.938	
9	172.6, F	0.962	62.980	
9	172.4, F	0.676	63.021	
9	139.3, F	0.554	63.063	
9	142.4, F	1.15	63.105	
9	224.7, F	2.564	63.146	
9	133.8, F	0.471	63.188	
9	216.3, F	1.094	63.230	
9	166.2, F	0.973	63.272	
9	167.0, F	0.52	63.313	
9	105.1, F	0.241	63.355	
9	231.2, F	0.732	63.397	
9	168.4, F	1.67	63.438	
9	94.1, F	0.558	63.480	
9	211.2, F	0.547	63.522	
9	182.2, F	1.15	63.563	
9	158.7, F	1.159	63.605	
9	58.8, F	0.676	63.647	
9	185.2, F	1.225	63.689	
9	132.2, F	1.184	63.730	
9	162.3, F	1.123	63.772	
9	207.7, F	0.752	63.814	
9	102.2, F	0.896	63.855	
9	177.9, F	0.823	63.897	
9	155.6, F	1.101	63.939	
9	179.2, F	0.45	63.981	
9	175.2, F	0.815	64.022	
9	111.0, F	0.672	64.064	
9	132.5, F	1.809	64.106	
9	350.5, F	0.556	64.147	
9	172.4, F	0.827	64.189	
9	83.0, F	0.656	64.231	
9	119.6, F	1.358	64.273	
9	327.4, F	0.254	64.314	
9	129.4, F	1.735	64.356	
9	177.2, F	0.141	64.398	
9	60.2, F	1.208	64.439	
9	159.5, F	0.955	64.481	
9	82.3, F	0.819	64.523	
9	110.5, F	0.174	64.564	
9	111.4, F	1.331	64.606	
9	F	0.965	64.648	
9	16.4, F	0.283	64.690	
9	156.4, F	1.077	64.731	
9	154.0, F	0.676	64.773	
9	63.4, F	1.131	64.815	
9	163.6, F	0.931	64.856	
9	82.3, F	0.756	64.898	
9	130.0, F	1.082	64.940	
9	75.8, F	0.232	64.982	
9	103.6, F	0.742	65.023	
9	137.5, F	0.551	65.065	
9	129.1, F	1.553	65.107	
9	298.3, F	2.645	65.148	
9	109.1, F	1.26	65.190	
9	39.8, F	0.797	65.232	
9	82.4, F	0.922	65.274	
9	163.6, F	1.057	65.315	
9	205.6, F	0.304	65.357	
9	148.1, F	0.269	65.399	
9	135.4, F	2.657	65.440	
9	None	0	65.482	0.04200000000000159
9	226.4, F	0.18	65.524	
9	2.1, F	1.26	65.566	
9	94.5, F	0.717	65.607	
9	212.9, F	0.53	65.649	
9	92.5, F	0.752	65.691	
9	200.4, F	0.459	65.732	
9	215.1, F	1.016	65.774	
9	82.3, F	1.549	65.816	
9	305.0, F	0.426	65.857	
9	217.6, F	0.928	65.899	
9	357.0, F	0.583	65.941	
9	8.4, F	0.342	65.983	
9	205.5, F	0.884	66.024	
9	80.8, F	1.764	66.066	
9	291.6, F	0.399	66.108	
9	273.5, F	0.312	66.149	
9	51.6, F	0.275	66.191	
9	175.0, F	1.073	66.233	
9	301.5, F	0.574	66.275	
9	18.7, F	0.306	66.316	
9	345.2, F	0.262	66.358	
9	27.9, F	0.169	66.400	
9	311.1, F	0.395	66.441	
9	200.0, F	1.84	66.483	
9	12.6, F	1.584	66.525	
9	120.6, F	0.486	66.566	
9	239.6, F	0.303	66.608	
9	221.8, F	0.365	66.650	
9	222.3, F	0.419	66.692	
9	111.0, F	1.391	66.733	
9	214.2, F	0.331	66.775	
9	208.6, F	0.321	66.817	
9	112.5, F	0.369	66.858	
9	20.1, F	1.304	66.900	
9	171.9, F	0.719	66.942	
9	162.2, F	0.771	66.984	
9	64.4, F	0.442	67.025	
9	320.2, F	0.422	67.067	
9	182.9, F	1.406	67.109	
9	11.8, F	0.392	67.150	
9	60.0, F	0.354	67.192	
9	78.7, F	0.484	67.234	
9	102.5, F	0.775	67.276	
9	103.9, F	0.563	67.317	
9	225.7, F	0.653	67.359	
9	97.8, F	1.115	67.401	
9	154.2, F	0.228	67.442	
9	231.1, F	0.494	67.484	
9	13.7, F	0.792	67.526	
9	169.6, F	0.861	67.567	
9	33.6, F	0.542	67.609	
9	185.4, F	1.07	67.651	
9	356.5, F	0.362	67.693	
9	13.7, F	0.165	67.734	
9	None	0	67.776	0.04200000000000159
9	231.2, F	0.297	67.818	
9	163.6, F	0.348	67.859	
9	214.4, F	0.766	67.901	
9	203.3, F	0.761	67.943	
9	320.0, F	0.664	67.985	
9	147.1, F	1.145	68.026	
9	291.2, F	0.867	68.068	
9	93.3, F	0.382	68.110	
9	264.6, F	1.274	68.151	
9	113.2, F	0.699	68.193	
9	172.0, F	0.496	68.235	
9	201.9, F	0.207	68.277	
9	197.4, F	0.535	68.318	
9	194.8, F	0.59	68.360	
9	351.5, F	0.475	68.402	
9	182.0, F	1.209	68.443	
9	43.8, F	0.536	68.485	
9	241.6, F	0.156	68.527	
9	204.3, F	0.212	68.569	
9	117.2, F	0.197	68.610	
9	143.2, F	0.336	68.652	
9	130.1, F	0.334	68.694	
9	132.2, F	0.53	68.735	
9	226.2, F	0.982	68.777	
9	60.6, F	0.848	68.819	
9	299.8, F	0.6	68.860	
9	138.5, F	1.179	68.902	
9	297.5, F	0.375	68.944	
9	296.0, F	0.235	68.986	
9	87.6, F	1.123	69.027	
9	266.8, F	0.8	69.069	
9	202.5, F	0.144	69.111	
9	178.1, F	0.123	69.152	
9	176.1, F	0.145	69.194	
9	153.8, F	0.131	69.236	
9	354.4, F	0.163	69.278	
9	189.8, F	0.234	69.319	
9	None	0	69.361	
9	None	0	69.403	
9	None	0	69.444	
9	None	0	69.486	
9	None	0	69.528	0.2079999999999984
9	217.6, F	0.225	69.569	
9	219.3, F	0.256	69.611	
9	88.1, F	0.95	69.653	
9	242.1, F	0.334	69.695	
9	227.0, F	0.384	69.736	
9	233.4, F	0.33	69.778	
9	56.0, F	1.039	69.820	
9	211.8, F	0.754	69.861	
9	319.8, F	0.91	69.903	
9	136.3, F	0.84	69.945	
9	309.9, F	0.701	69.987	
9	146.7, F	0.988	70.028	
9	305.5, F	0.731	70.070	
9	61.3, F	0.619	70.112	
9	213.3, F	1.256	70.153	
9	61.3, F	0.613	70.195	
9	286.8, F	0.791	70.237	
9	70.5, F	0.564	70.279	
9	65.7, F	0.457	70.320	
9	215.4, F	1.602	70.362	
9	34.6, F	0.729	70.404	
9	67.1, F	0.54	70.445	
9	278.2, F	0.847	70.487	
9	75.9, F	0.443	70.529	
9	69.2, F	0.51	70.570	
9	216.9, F	1.866	70.612	
9	27.0, F	0.587	70.654	
9	62.5, F	0.343	70.696	
9	70.4, F	0.277	70.737	
9	275.1, F	1.261	70.779	
9	77.5, F	0.794	70.821	
9	69.1, F	0.249	70.862	
9	66.2, F	0.266	70.904	
9	276.8, F	1.19	70.946	
9	81.3, F	0.848	70.988	
9	171.3, F	1.435	71.029	
9	291.3, F	1.315	71.071	
9	77.3, F	0.876	71.113	
9	69.3, F	0.235	71.154	
9	84.2, F	0.219	71.196	
9	275.7, F	1.197	71.238	
9	75.2, F	0.764	71.280	
9	52.0, F	0.323	71.321	
9	69.0, F	0.17	71.363	
9	280.3, F	1.252	71.405	
9	154.9, F	1.443	71.446	
9	2.4, F	0.747	71.488	
9	42.3, F	0.122	71.530	
9	28.7, F	0.181	71.572	
9	42.5, F	0.148	71.613	
9	178.9, F	1.352	71.655	
9	1.4, F	0.551	71.697	
9	None	0	71.738	0.04200000000000159
9	183.9, F	0.162	71.780	
9	189.2, F	0.187	71.822	
9	350.0, F	0.253	71.863	
9	192.3, F	0.259	71.905	
9	325.5, F	0.171	71.947	
9	318.5, F	0.198	71.989	
9	204.7, F	0.336	72.030	
9	338.5, F	0.286	72.072	
9	205.4, F	0.531	72.114	
9	101.8, F	0.221	72.155	
9	258.0, F	0.279	72.197	
9	127.8, F	0.237	72.239	
9	239.9, F	0.209	72.281	
9	118.4, F	0.28	72.322	
9	223.5, F	0.219	72.364	
9	350.0, F	1.273	72.406	
9	162.0, F	0.583	72.447	
9	111.8, F	0.337	72.489	
9	227.0, F	0.221	72.531	
9	207.1, F	0.34	72.572	
9	96.7, F	0.187	72.614	
9	295.9, F	0.332	72.656	
9	101.1, F	0.114	72.698	
9	127.0, F	0.096	72.739	
9	304.0, F	0.443	72.781	
9	4.0, F	0.376	72.823	
9	358.9, F	0.412	72.864	
9	None	0	72.906	
9	None	0	72.948	
9	None	0	72.990	0.125
9	356.1, F	0.104	73.031	
9	347.4, F	0.096	73.073	
9	None	0	73.115	0.04100000000001103
9	275.5, F	0.116	73.156	
9	None	0	73.198	
9	None	0	73.240	
9	None	0	73.282	
9	None	0	73.323	
9	None	0	73.365	0.20900000000000318
9	20.8, F	0.166	73.407	
9	None	0	73.448	0.04200000000000159
9	46.6, F	0.226	73.490	
9	44.2, F	0.244	73.532	
9	177.6, F	1.322	73.573	
9	359.5, F	0.683	73.615	
9	35.7, F	0.206	73.657	
9	31.7, F	0.2	73.699	
9	283.7, F	0.338	73.740	
9	46.7, F	0.168	73.782	
9	15.7, F	0.222	73.824	
9	181.8, F	1.223	73.865	
9	2.6, F	0.629	73.907	
9	30.7, F	0.215	73.949	
9	329.3, F	0.28	73.991	
9	172.6, F	1.058	74.032	
9	351.2, F	0.886	74.074	
9	39.6, F	0.477	74.116	
9	185.2, F	0.962	74.157	
9	351.0, F	0.478	74.199	
9	352.5, F	0.472	74.241	
9	162.8, F	0.809	74.283	
9	343.3, F	0.585	74.324	
9	342.9, F	0.566	74.366	
9	156.7, F	0.691	74.408	
9	350.1, F	0.604	74.449	
9	192.8, F	0.729	74.491	
9	17.9, F	0.661	74.533	
9	194.1, F	0.704	74.575	
9	17.0, F	0.67	74.616	
9	192.1, F	0.776	74.658	
9	14.0, F	0.669	74.700	
9	196.4, F	0.678	74.741	
9	21.6, F	0.716	74.783	
9	191.4, F	0.618	74.825	
9	353.3, F	0.766	74.866	
9	140.2, F	0.475	74.908	
9	181.8, F	0.386	74.950	
9	354.8, F	1.016	74.992	
9	187.0, F	0.277	75.033	
9	177.1, F	0.237	75.075	
9	201.4, F	0.326	75.117	
9	353.2, F	1.024	75.158	
9	111.0, F	0.344	75.200	
9	199.3, F	0.254	75.242	
9	218.5, F	0.239	75.284	
9	91.6, F	0.348	75.325	
9	221.2, F	0.194	75.367	
9	221.8, F	0.177	75.409	
9	244.3, F	0.154	75.450	
9	7.2, F	1.436	75.492	
9	206.7, F	0.686	75.534	
9	102.8, F	0.199	75.575	
9	256.5, F	0.308	75.617	
9	66.7, F	0.142	75.659	
9	None	0	75.701	
9	None	0	75.742	0.08300000000001262
9	195.3, F	0.11	75.784	
9	None	0	75.826	
9	None	0	75.867	
9	None	0	75.909	
9	None	0	75.951	
9	None	0	75.993	0.20800000000001262
9	210.0, F	0.126	76.034	
9	212.1, F	0.13	76.076	
9	217.7, F	0.139	76.118	
9	227.2, F	0.187	76.159	
9	226.1, F	0.283	76.201	
9	238.7, F	0.275	76.243	
9	344.8, F	1.088	76.285	
9	106.4, F	1.001	76.326	
9	211.4, F	0.513	76.368	
9	207.3, F	0.539	76.410	
9	348.7, F	0.737	76.451	
9	191.7, F	0.551	76.493	
9	351.0, F	0.682	76.535	
9	121.6, F	1.378	76.576	
9	299.2, F	0.924	76.618	
9	185.4, F	0.815	76.660	
9	346.4, F	0.471	76.702	
9	189.4, F	0.948	76.743	
9	77.4, F	1.251	76.785	
9	287.0, F	0.734	76.827	
9	329.4, F	0.244	76.868	
9	332.4, F	0.182	76.910	
9	320.0, F	0.193	76.952	
9	188.0, F	1.46	76.994	
9	72.7, F	1.059	77.035	
9	324.7, F	0.451	77.077	
9	226.4, F	0.472	77.119	
9	296.0, F	0.381	77.160	
9	116.8, F	0.817	77.202	
9	271.0, F	0.41	77.244	
9	248.7, F	0.57	77.286	
9	101.4, F	0.631	77.327	
9	247.8, F	0.662	77.369	
9	114.6, F	0.452	77.411	
9	242.3, F	0.914	77.452	
9	25.9, F	0.822	77.494	
9	152.4, F	0.607	77.536	
9	301.6, F	1.218	77.578	
9	135.4, F	1.153	77.619	
9	22.9, F	0.416	77.661	
9	39.4, F	0.29	77.703	
9	226.6, F	1.665	77.744	
9	76.8, F	0.613	77.786	
9	77.1, F	0.193	77.828	
9	124.8, F	0.163	77.869	
9	145.5, F	0.221	77.911	
9	38.1, F	0.182	77.953	
9	252.7, F	1.379	77.995	
9	80.0, F	0.606	78.036	
9	62.9, F	0.18	78.078	
9	68.6, F	0.168	78.120	
9	88.6, F	0.119	78.161	
9	43.1, F	0.127	78.203	
9	187.8, F	0.52	78.245	
9	232.5, F	0.108	78.287	
9	222.8, F	0.316	78.328	
9	225.7, F	0.216	78.370	
9	230.0, F	0.229	78.412	
9	343.9, F	1.226	78.453	
9	173.1, F	0.735	78.495	
9	None	0	78.537	
9	None	0	78.578	0.08299999999999841
9	261.3, F	0.815	78.620	
9	223.8, F	0.277	78.662	
9	344.6, F	1.117	78.704	
9	132.9, F	1.018	78.745	
9	249.9, F	0.52	78.787	
9	119.4, F	0.375	78.829	
9	324.9, F	1.278	78.870	
9	167.4, F	0.898	78.912	
9	114.8, F	0.243	78.954	
9	131.5, F	0.196	78.996	
9	310.6, F	1.833	79.037	
9	147.4, F	0.926	79.079	
9	220.5, F	0.1	79.121	
9	248.9, F	0.236	79.162	
9	113.5, F	0.203	79.204	
9	257.0, F	0.271	79.246	
9	145.0, F	0.176	79.288	
9	1.4, F	1.281	79.329	
9	210.6, F	0.685	79.371	
9	45.7, F	0.117	79.413	
9	5.7, F	0.21	79.454	
9	346.7, F	0.27	79.496	
9	202.2, F	0.291	79.538	
9	346.0, F	0.373	79.579	
9	273.4, F	0.239	79.621	
9	301.7, F	0.368	79.663	
9	72.4, F	0.606	79.705	
9	309.3, F	0.597	79.746	
9	308.1, F	0.736	79.788	
9	156.0, F	0.741	79.830	
9	39.2, F	0.697	79.871	
9	237.3, F	1.028	79.913	
9	23.8, F	0.744	79.955	
9	147.1, F	0.311	79.997	
9	132.2, F	0.261	80.038	
9	319.6, F	1.615	80.080	
9	123.4, F	0.985	80.122	
9	42.8, F	0.217	80.163	
9	41.0, F	0.245	80.205	
9	254.8, F	1.156	80.247	
9	21.6, F	0.448	80.289	
9	137.7, F	0.165	80.330	
9	91.5, F	0.148	80.372	
9	69.7, F	0.181	80.414	
9	56.7, F	0.306	80.455	
9	62.1, F	0.329	80.497	
9	283.9, F	0.784	80.539	
9	64.3, F	0.374	80.581	
9	63.7, F	0.463	80.622	
9	301.4, F	0.659	80.664	
9	147.7, F	0.764	80.706	
9	42.0, F	0.529	80.747	
9	216.4, F	0.91	80.789	
9	45.7, F	0.583	80.831	
9	310.6, F	0.668	80.872	
9	141.8, F	0.706	80.914	
9	316.0, F	0.78	80.956	
9	131.8, F	0.626	80.998	
9	320.3, F	0.798	81.039	
9	135.5, F	0.653	81.081	
9	319.6, F	0.694	81.123	
9	139.7, F	0.679	81.164	
9	317.3, F	0.677	81.206	
9	147.1, F	0.772	81.248	
9	43.8, F	0.588	81.290	
9	222.9, F	0.876	81.331	
9	40.8, F	0.552	81.373	
9	301.2, F	0.948	81.415	
9	160.9, F	0.614	81.456	
9	29.2, F	0.5	81.498	
9	169.8, F	0.6	81.540	
9	14.9, F	0.521	81.581	
9	253.2, F	1.465	81.623	
9	43.6, F	0.779	81.665	
9	186.1, F	0.505	81.707	
9	0.6, F	0.492	81.748	
9	184.8, F	0.518	81.790	
9	9.8, F	0.501	81.832	
9	178.5, F	0.546	81.873	
9	15.6, F	0.502	81.915	
9	169.1, F	0.592	81.957	
9	29.0, F	0.483	81.999	
9	162.2, F	0.592	82.040	
9	34.8, F	0.509	82.082	
9	298.6, F	0.913	82.124	
9	156.1, F	0.727	82.165	
9	40.4, F	0.614	82.207	
9	157.2, F	0.857	82.249	
9	300.1, F	0.848	82.291	
9	42.0, F	0.68	82.332	
9	226.6, F	1.081	82.374	
9	40.0, F	0.701	82.416	
9	130.5, F	0.538	82.457	
9	306.3, F	0.959	82.499	
9	134.8, F	0.488	82.541	
9	123.7, F	0.431	82.582	
9	315.9, F	1.187	82.624	
9	106.7, F	0.394	82.666	
9	92.3, F	0.369	82.708	
9	87.5, F	0.301	82.749	
9	277.5, F	1.174	82.791	
9	67.3, F	0.316	82.833	
9	68.4, F	0.25	82.874	
9	62.2, F	0.287	82.916	
9	133.2, F	0.288	82.958	
9	295.3, F	1.286	83.000	
9	99.4, F	0.951	83.041	
9	112.0, F	0.393	83.083	
9	261.4, F	0.508	83.125	
9	41.3, F	0.808	83.166	
9	255.8, F	0.497	83.208	
9	98.1, F	0.491	83.250	
9	237.3, F	0.37	83.292	
9	95.9, F	0.779	83.333	
9	254.6, F	0.106	83.375	
9	None	0	83.417	
9	None	0	83.458	
9	None	0	83.500	0.125
9	23.2, F	0.107	83.542	
9	14.7, F	0.193	83.584	
9	None	0	83.625	
9	None	0	83.667	0.08400000000000318
9	26.6, F	0.096	83.709	
9	None	0	83.750	0.04200000000000159
9	145.2, F	0.096	83.792	
9	None	0	83.834	
9	None	0	83.875	0.08299999999999841
9	329.6, F	0.166	83.917	
9	333.4, F	0.364	83.959	
9	201.1, F	0.815	84.001	
9	324.0, F	0.377	84.042	
9	311.3, F	0.395	84.084	
9	155.4, F	0.976	84.126	
9	297.8, F	0.764	84.167	
9	37.9, F	0.484	84.209	
9	56.0, F	0.351	84.251	
9	224.8, F	1.327	84.293	
9	41.5, F	0.403	84.334	
9	46.1, F	0.407	84.376	
9	51.3, F	0.369	84.418	
9	287.3, F	1.075	84.459	
9	172.5, F	0.855	84.501	
9	17.4, F	0.321	84.543	
9	3.7, F	0.283	84.584	
9	348.7, F	0.3	84.626	
9	196.7, F	0.682	84.668	
9	340.9, F	0.409	84.710	
9	161.6, F	0.636	84.751	
9	327.5, F	0.556	84.793	
9	20.5, F	0.501	84.835	
9	177.3, F	0.493	84.876	
9	356.0, F	0.444	84.918	
9	199.4, F	0.419	84.960	
9	343.8, F	0.501	85.002	
9	197.5, F	0.587	85.043	
9	344.7, F	0.405	85.085	
9	188.1, F	0.492	85.127	
9	1.9, F	0.382	85.168	
9	179.3, F	0.788	85.210	
9	10.4, F	0.326	85.252	
9	22.7, F	0.21	85.294	
9	49.6, F	0.167	85.335	
9	57.3, F	0.15	85.377	
9	172.9, F	1.412	85.419	
9	22.4, F	0.495	85.460	
9	221.0, F	0.367	85.502	
9	34.5, F	0.475	85.544	
9	203.4, F	0.313	85.585	
9	334.4, F	0.16	85.627	
9	135.5, F	0.6	85.669	
9	349.5, F	0.159	85.711	
9	324.8, F	0.104	85.752	
9	322.9, F	0.118	85.794	
9	None	0	85.836	0.04099999999999682
9	187.1, F	0.725	85.877	
9	None	0	85.919	
9	None	0	85.961	0.08400000000000318
9	67.5, F	0.094	86.003	
9	None	0	86.044	
9	None	0	86.086	0.08400000000000318
9	295.4, F	0.158	86.128	
9	273.6, F	0.348	86.169	
9	38.4, F	0.179	86.211	
9	3.7, F	0.249	86.253	
9	209.1, F	0.358	86.295	
9	341.6, F	0.333	86.336	
9	221.8, F	0.302	86.378	
9	323.7, F	0.441	86.420	
9	238.0, F	0.442	86.461	
9	70.7, F	0.755	86.503	
9	227.3, F	0.449	86.545	
9	315.2, F	0.416	86.587	
9	111.6, F	0.771	86.628	
9	307.6, F	0.408	86.670	
9	230.4, F	0.565	86.712	
9	73.0, F	0.647	86.753	
9	276.9, F	0.495	86.795	
9	221.6, F	0.802	86.837	
9	96.8, F	0.629	86.878	
9	266.5, F	0.453	86.920	
9	95.6, F	0.623	86.962	
9	260.3, F	0.42	87.004	
9	96.7, F	0.661	87.045	
9	266.2, F	0.389	87.087	
9	263.9, F	0.311	87.129	
9	87.9, F	0.811	87.170	
9	298.4, F	0.367	87.212	
9	308.6, F	0.411	87.254	
9	315.3, F	0.402	87.296	
9	80.5, F	0.906	87.337	
9	313.1, F	0.345	87.379	
9	227.5, F	0.434	87.421	
9	353.9, F	0.215	87.462	
9	148.6, F	0.117	87.504	
9	107.7, F	0.151	87.546	
9	20.3, F	0.691	87.587	
9	63.4, F	0.646	87.629	
9	25.5, F	0.256	87.671	
9	170.6, F	0.672	87.713	
9	30.2, F	0.603	87.754	
9	30.1, F	1.307	87.796	
9	196.2, F	0.892	87.838	
9	94.7, F	1.151	87.879	
9	272.5, F	0.523	87.921	
9	44.7, F	0.431	87.963	
9	57.3, F	0.536	88.005	
9	348.9, F	0.426	88.046	
9	None	0	88.088	0.04200000000000159
9	35.7, F	0.206	88.130	
9	41.4, F	0.222	88.171	
9	29.1, F	0.292	88.213	
9	31.4, F	0.268	88.255	
9	28.7, F	0.435	88.297	
9	236.3, F	1.338	88.338	
9	63.6, F	0.888	88.380	
9	24.0, F	0.376	88.422	
9	146.8, F	0.433	88.463	
9	304.9, F	1.123	88.505	
9	129.4, F	0.377	88.547	
9	111.4, F	0.337	88.588	
9	131.1, F	0.345	88.630	
9	252.3, F	0.838	88.672	
9	31.7, F	0.962	88.714	
9	96.2, F	0.543	88.755	
9	275.0, F	0.346	88.797	
9	86.8, F	0.704	88.839	
9	273.9, F	0.249	88.880	
9	278.7, F	0.323	88.922	
9	308.3, F	0.496	88.964	
9	62.8, F	0.644	89.006	
9	248.6, F	0.499	89.047	
9	109.7, F	0.565	89.089	
9	291.2, F	0.702	89.131	
9	125.0, F	0.717	89.172	
9	300.2, F	0.39	89.214	
9	77.6, F	0.831	89.256	
9	191.7, F	0.625	89.298	
9	290.2, F	0.113	89.339	
9	348.1, F	0.102	89.381	
9	102.7, F	0.159	89.423	
9	103.3, F	0.336	89.464	
9	100.6, F	0.543	89.506	
9	None	0	89.548	0.04200000000000159
9	97.6, F	0.204	89.590	
9	94.7, F	0.363	89.631	
9	272.5, F	0.723	89.673	
9	102.5, F	0.336	89.715	
9	83.2, F	0.312	89.756	
9	287.9, F	0.409	89.798	
9	86.5, F	0.803	89.840	
9	300.3, F	0.145	89.881	
9	302.9, F	0.101	89.923	
9	None	0	89.965	
9	None	0	90.007	
9	None	0	90.048	0.125
9	66.7, F	0.172	90.090	
9	80.7, F	0.291	90.132	
9	88.5, F	0.271	90.173	
9	273.5, F	0.178	90.215	
9	78.2, F	0.498	90.257	
9	190.0, F	0.573	90.299	
9	302.2, F	0.099	90.340	
9	None	0	90.382	
9	None	0	90.424	
9	None	0	90.465	
9	None	0	90.507	0.1670000000000016
9	73.5, F	0.13	90.549	
9	78.7, F	0.102	90.590	
9	88.5, F	0.156	90.632	
9	50.4, F	0.143	90.674	
9	46.5, F	0.139	90.716	
9	62.5, F	0.162	90.757	
9	278.0, F	1.129	90.799	
9	71.4, F	0.728	90.841	
9	170.0, F	0.334	90.882	
9	23.1, F	0.239	90.924	
9	174.2, F	0.217	90.966	
9	19.1, F	0.369	91.008	
9	158.9, F	0.244	91.049	
9	168.2, F	0.23	91.091	
9	293.6, F	1.294	91.133	
9	84.5, F	0.702	91.174	
9	None	0	91.216	0.04200000000000159
9	8.2, F	0.133	91.258	
9	339.2, F	0.169	91.300	
9	353.1, F	0.332	91.341	
9	192.6, F	0.69	91.383	
9	357.2, F	0.672	91.425	
9	217.5, F	0.384	91.466	
9	339.8, F	0.918	91.508	
9	115.2, F	0.27	91.550	
9	251.5, F	0.344	91.591	
9	18.7, F	0.243	91.633	
9	343.2, F	0.197	91.675	
9	337.9, F	0.481	91.717	
9	227.3, F	0.348	91.758	
9	334.7, F	0.858	91.800	
9	68.5, F	0.763	91.842	
9	217.8, F	1.069	91.883	
9	60.0, F	0.553	91.925	
9	300.3, F	0.856	91.967	
9	28.1, F	0.565	92.009	
9	153.0, F	0.383	92.050	
9	243.8, F	1.089	92.092	
9	1.5, F	0.75	92.134	
9	192.4, F	0.331	92.175	
9	356.2, F	0.764	92.217	
9	190.5, F	0.335	92.259	
9	205.2, F	0.328	92.301	
9	119.5, F	0.406	92.342	
9	340.6, F	1.029	92.384	
9	138.1, F	0.196	92.426	
9	248.5, F	0.55	92.467	
9	222.3, F	0.21	92.509	
9	235.6, F	0.191	92.551	
9	240.6, F	0.334	92.593	
9	92.9, F	0.603	92.634	
9	256.3, F	0.611	92.676	
9	20.8, F	1.007	92.718	
9	254.3, F	0.719	92.759	
9	161.6, F	0.228	92.801	
9	192.2, F	0.199	92.843	
9	202.6, F	0.359	92.884	
9	347.0, F	0.765	92.926	
9	230.9, F	0.577	92.968	
9	163.2, F	0.395	93.010	
9	14.7, F	0.566	93.051	
9	229.9, F	0.803	93.093	
9	348.5, F	0.462	93.135	
9	191.6, F	0.71	93.176	
9	337.7, F	0.264	93.218	
9	338.7, F	0.253	93.260	
9	197.7, F	0.973	93.302	
9	75.2, F	0.932	93.343	
9	293.3, F	0.304	93.385	
9	283.8, F	0.315	93.427	
9	263.8, F	0.437	93.468	
9	87.7, F	0.576	93.510	
9	261.8, F	0.635	93.552	
9	100.4, F	0.34	93.593	
9	100.0, F	0.265	93.635	
9	258.5, F	0.952	93.677	
9	141.0, F	0.235	93.719	
9	183.0, F	0.308	93.760	
9	328.9, F	0.174	93.802	
9	340.1, F	0.194	93.844	
9	201.3, F	0.455	93.885	
9	286.4, F	0.22	93.927	
9	66.5, F	0.183	93.969	
9	265.1, F	0.443	94.011	
9	62.1, F	0.098	94.052	
9	None	0	94.094	0.04200000000000159
9	161.6, F	0.152	94.136	
9	174.0, F	0.181	94.177	
9	201.4, F	0.219	94.219	
9	206.2, F	0.301	94.261	
9	217.6, F	0.382	94.303	
9	345.6, F	0.994	94.344	
9	223.7, F	0.41	94.386	
9	111.9, F	0.765	94.428	
9	241.7, F	0.664	94.469	
9	16.4, F	0.921	94.511	
9	258.0, F	1.07	94.553	
9	172.3, F	0.203	94.594	
9	218.5, F	0.276	94.636	
9	124.6, F	0.183	94.678	
9	339.9, F	1.38	94.720	
9	191.1, F	0.499	94.761	
9	266.8, F	0.616	94.803	
9	6.9, F	1.413	94.845	
9	214.6, F	1.817	94.886	
9	359.0, F	0.556	94.928	
9	288.1, F	0.283	94.970	
9	38.4, F	0.227	95.012	
9	4.8, F	0.261	95.053	
9	345.3, F	0.377	95.095	
9	197.1, F	0.777	95.137	
9	344.9, F	0.366	95.178	
9	340.7, F	0.3	95.220	
9	346.6, F	0.263	95.262	
9	184.7, F	1.07	95.304	
9	2.5, F	0.16	95.345	
9	349.3, F	0.146	95.387	
9	350.8, F	0.187	95.429	
9	340.7, F	0.151	95.470	
9	348.9, F	0.136	95.512	
9	4.2, F	0.177	95.554	
9	188.8, F	0.946	95.596	
9	346.5, F	0.111	95.637	
9	344.5, F	0.135	95.679	
9	341.7, F	0.137	95.721	
9	85.5, F	1.211	95.762	
9	280.1, F	0.605	95.804	
9	None	0	95.846	0.04099999999999682
9	59.9, F	0.124	95.887	
9	67.3, F	0.212	95.929	
9	69.5, F	0.28	95.971	
9	284.7, F	0.269	96.013	
9	160.5, F	1.046	96.054	
9	325.0, F	0.138	96.096	
9	11.6, F	0.114	96.138	
9	25.0, F	0.199	96.179	
9	29.2, F	0.207	96.221	
9	41.8, F	0.282	96.263	
9	55.0, F	0.394	96.305	
9	168.5, F	0.994	96.346	
9	277.6, F	0.887	96.388	
9	57.8, F	0.349	96.430	
9	71.1, F	0.384	96.471	
9	78.3, F	0.41	96.513	
9	264.3, F	0.654	96.555	
9	90.1, F	0.528	96.596	
9	258.5, F	0.405	96.638	
9	84.2, F	0.623	96.680	
9	265.8, F	0.298	96.722	
9	264.2, F	0.298	96.763	
9	97.5, F	0.824	96.805	
9	249.6, F	0.255	96.847	
9	249.2, F	0.222	96.888	
9	242.5, F	0.158	96.930	
9	228.9, F	0.23	96.972	
9	82.4, F	1.206	97.014	
9	256.7, F	0.918	97.055	
9	336.6, F	0.33	97.097	
9	210.8, F	0.187	97.139	
9	104.4, F	1.122	97.180	
9	288.3, F	0.814	97.222	
9	220.8, F	0.243	97.264	
9	349.2, F	0.251	97.306	
9	187.9, F	0.176	97.347	
9	355.4, F	0.321	97.389	
9	180.6, F	0.182	97.431	
9	192.8, F	0.203	97.472	
9	80.9, F	1.315	97.514	
9	250.7, F	0.803	97.556	
9	0.9, F	0.373	97.597	
9	239.7, F	0.194	97.639	
9	244.8, F	0.148	97.681	
9	239.4, F	0.236	97.723	
9	339.7, F	0.429	97.764	
9	91.7, F	0.768	97.806	
9	247.9, F	0.292	97.848	
9	240.2, F	0.296	97.889	
9	247.5, F	0.251	97.931	
9	57.8, F	1.106	97.973	
9	254.6, F	0.589	98.015	
9	259.6, F	0.483	98.056	
9	101.4, F	0.45	98.098	
9	238.5, F	0.644	98.140	
9	51.5, F	0.723	98.181	
9	253.5, F	0.55	98.223	
9	105.2, F	0.545	98.265	
9	256.1, F	0.404	98.307	
9	77.7, F	1.06	98.348	
9	237.7, F	0.232	98.390	
9	234.0, F	0.167	98.432	
9	8.3, F	0.318	98.473	
9	141.5, F	0.162	98.515	
9	126.8, F	0.159	98.557	
9	131.5, F	0.172	98.599	
9	10.9, F	0.538	98.640	
9	255.9, F	0.783	98.682	
9	None	0	98.724	0.04099999999999682
9	252.5, F	0.139	98.765	
9	268.3, F	0.306	98.807	
9	88.2, F	0.702	98.849	
9	270.3, F	0.367	98.890	
9	265.5, F	0.418	98.932	
9	88.5, F	0.558	98.974	
9	267.0, F	0.503	99.016	
9	82.8, F	0.405	99.057	
9	267.9, F	0.603	99.099	
9	101.7, F	0.458	99.141	
9	100.3, F	0.463	99.182	
9	238.3, F	0.597	99.224	
9	61.8, F	0.641	99.266	
9	287.3, F	0.443	99.308	
9	220.0, F	0.63	99.349	
9	73.9, F	0.702	99.391	
9	283.9, F	0.378	99.433	
9	82.8, F	0.693	99.474	
9	212.0, F	0.711	99.516	
9	287.2, F	0.339	99.558	
9	80.9, F	0.804	99.599	
9	245.7, F	0.192	99.641	
9	241.2, F	0.158	99.683	
9	None	0	99.725	
9	None	0	99.766	0.08300000000001262
9	103.1, F	0.137	99.808	
9	103.6, F	0.263	99.850	
9	100.4, F	0.371	99.891	
9	243.2, F	0.319	99.933	
9	90.9, F	0.59	99.975	
9	243.8, F	0.138	100.017	
9	230.9, F	0.097	100.058	
9	249.0, F	0.115	100.100	
9	354.4, F	0.664	100.142	
9	225.0, F	0.28	100.183	
9	112.3, F	0.519	100.225	
9	221.2, F	0.34	100.267	
9	194.4, F	0.362	100.309	
9	1.1, F	0.477	100.350	
9	170.8, F	0.37	100.392	
9	10.9, F	0.353	100.434	
9	171.3, F	0.529	100.475	
9	10.3, F	0.382	100.517	
9	14.0, F	0.31	100.559	
9	166.4, F	0.711	100.600	
9	40.9, F	0.347	100.642	
9	55.5, F	0.355	100.684	
9	206.0, F	1.209	100.726	
9	19.1, F	1.256	100.767	
9	145.3, F	0.895	100.809	
9	303.8, F	0.419	100.851	
9	317.2, F	0.282	100.892	
9	80.8, F	1.177	100.934	
9	197.5, F	1.156	100.976	
9	16.8, F	0.868	101.018	
9	268.6, F	0.405	101.059	
9	89.7, F	0.387	101.101	
9	85.1, F	0.496	101.143	
9	286.1, F	0.133	101.184	
9	None	0	101.226	
9	None	0	101.268	0.08400000000000318
9	106.4, F	0.106	101.310	
9	101.4, F	0.147	101.351	
9	122.3, F	0.236	101.393	
9	111.0, F	0.265	101.435	
9	247.6, F	0.662	101.476	
9	110.6, F	0.525	101.518	
9	107.3, F	0.539	101.560	
9	242.5, F	0.483	101.602	
9	70.9, F	0.863	101.643	
9	224.2, F	0.392	101.685	
9	310.4, F	0.364	101.727	
9	219.2, F	0.392	101.768	
9	71.8, F	0.902	101.810	
9	220.0, F	0.363	101.852	
9	328.5, F	0.372	101.893	
9	246.6, F	0.227	101.935	
9	335.4, F	0.48	101.977	
9	247.3, F	0.283	102.019	
9	90.2, F	0.807	102.060	
9	261.8, F	0.253	102.102	
9	258.2, F	0.253	102.144	
9	277.3, F	0.197	102.185	
9	86.9, F	0.835	102.227	
9	260.1, F	0.309	102.269	
9	259.3, F	0.436	102.311	
9	94.5, F	0.458	102.352	
9	251.5, F	0.657	102.394	
9	38.8, F	0.501	102.436	
9	264.6, F	0.984	102.477	
9	None	0	102.519	
9	None	0	102.561	
9	None	0	102.602	
9	None	0	102.644	
9	None	0	102.686	
9	None	0	102.728	
9	None	0	102.769	
9	None	0	102.811	
9	None	0	102.853	
9	None	0	102.894	
9	None	0	102.936	0.458999999999989
9	21.9, F	0.11	102.978	
9	7.5, F	0.16	103.020	
9	349.8, F	0.152	103.061	
9	337.8, F	0.159	103.103	
9	334.0, F	0.174	103.145	
9	337.5, F	0.162	103.186	
9	187.6, F	0.943	103.228	
9	310.2, F	0.262	103.270	
9	311.1, F	0.289	103.312	
9	67.4, F	0.418	103.353	
9	295.0, F	0.364	103.395	
9	57.4, F	0.286	103.437	
9	195.6, F	1.17	103.478	
9	12.4, F	0.955	103.520	
9	272.4, F	0.495	103.562	
9	51.4, F	0.165	103.603	
9	69.5, F	0.148	103.645	
9	40.1, F	0.157	103.687	
9	172.7, F	1.068	103.729	
9	273.4, F	0.517	103.770	
9	61.0, F	0.192	103.812	
9	43.4, F	0.156	103.854	
9	35.0, F	0.11	103.895	
9	None	0	103.937	
9	None	0	103.979	
9	None	0	104.021	0.125
9	295.9, F	0.11	104.062	
9	283.0, F	0.195	104.104	
9	248.1, F	0.274	104.146	
9	250.0, F	0.289	104.187	
9	97.5, F	0.695	104.229	
9	255.4, F	0.297	104.271	
9	240.8, F	0.289	104.313	
9	236.8, F	0.269	104.354	
9	65.5, F	0.906	104.396	
9	238.2, F	0.353	104.438	
9	254.2, F	0.298	104.479	
9	241.2, F	0.33	104.521	
9	61.8, F	1.025	104.563	
9	244.4, F	0.308	104.605	
9	261.5, F	0.264	104.646	
9	267.3, F	0.25	104.688	
9	87.9, F	0.776	104.730	
9	270.4, F	0.306	104.771	
9	266.8, F	0.251	104.813	
9	275.9, F	0.312	104.855	
9	80.6, F	0.635	104.896	
9	280.4, F	0.382	104.938	
9	274.0, F	0.375	104.980	
9	80.7, F	0.569	105.022	
9	288.3, F	0.385	105.063	
9	70.0, F	0.526	105.105	
9	279.1, F	0.526	105.147	
9	76.7, F	0.505	105.188	
9	204.1, F	1.117	105.230	
9	69.1, F	0.493	105.272	
9	296.9, F	0.609	105.314	
9	67.0, F	0.552	105.355	
9	294.5, F	0.623	105.397	
9	60.9, F	0.514	105.439	
9	223.2, F	0.785	105.480	
9	45.0, F	0.566	105.522	
9	232.2, F	0.797	105.564	
9	35.5, F	0.652	105.605	
9	141.8, F	0.536	105.647	
9	314.5, F	0.854	105.689	
9	145.8, F	0.549	105.731	
9	34.9, F	0.677	105.772	
9	234.0, F	0.771	105.814	
9	39.7, F	0.647	105.856	
9	227.1, F	0.781	105.897	
9	40.1, F	0.663	105.939	
9	148.2, F	0.587	105.981	
9	308.8, F	0.787	106.023	
9	143.6, F	0.541	106.064	
9	41.1, F	0.686	106.106	
9	228.7, F	0.777	106.148	
9	41.5, F	0.713	106.189	
9	229.9, F	0.733	106.231	
9	136.8, F	0.576	106.273	
9	320.8, F	0.909	106.315	
9	135.1, F	0.605	106.356	
9	35.8, F	0.749	106.398	
9	232.1, F	0.672	106.440	
9	135.9, F	0.601	106.481	
9	323.7, F	0.962	106.523	
9	127.3, F	0.564	106.565	
9	229.4, F	0.623	106.606	
9	29.7, F	0.946	106.648	
9	235.2, F	0.641	106.690	
9	126.1, F	0.632	106.732	
9	329.3, F	0.886	106.773	
9	128.1, F	0.573	106.815	
9	234.2, F	0.586	106.857	
9	34.5, F	1.038	106.898	
9	235.0, F	0.558	106.940	
9	115.1, F	0.537	106.982	
9	239.2, F	0.5	107.024	
9	28.9, F	1.013	107.065	
9	244.4, F	0.611	107.107	
9	126.6, F	0.487	107.149	
9	244.9, F	0.687	107.190	
9	27.9, F	0.903	107.232	
9	245.7, F	0.809	107.274	
9	136.3, F	0.44	107.316	
9	134.9, F	0.411	107.357	
9	16.3, F	0.889	107.399	
9	251.7, F	1.005	107.441	
9	171.6, F	0.383	107.482	
9	359.8, F	0.686	107.524	
9	188.0, F	0.258	107.566	
9	182.4, F	0.291	107.608	
9	186.0, F	0.344	107.649	
9	0.4, F	0.764	107.691	
9	183.2, F	0.305	107.733	
9	174.1, F	0.214	107.774	
9	1.9, F	0.767	107.816	
9	164.4, F	0.201	107.858	
9	163.5, F	0.243	107.899	
9	150.6, F	0.232	107.941	
9	130.5, F	0.18	107.983	
9	14.6, F	1.033	108.025	
9	112.1, F	0.258	108.066	
9	261.9, F	0.806	108.108	
9	123.8, F	0.255	108.150	
9	112.5, F	0.287	108.191	
9	118.3, F	0.234	108.233	
9	121.7, F	0.236	108.275	
9	264.9, F	1.043	108.317	
9	130.7, F	0.19	108.358	
9	133.5, F	0.212	108.400	
9	5.1, F	1.059	108.442	
9	129.7, F	0.175	108.483	
9	129.5, F	0.206	108.525	
9	116.7, F	0.25	108.567	
9	268.1, F	0.766	108.608	
9	90.4, F	0.3	108.650	
9	77.6, F	0.327	108.692	
9	76.3, F	0.291	108.734	
9	275.4, F	0.708	108.775	
9	87.6, F	0.338	108.817	
9	99.5, F	0.393	108.859	
9	252.0, F	0.6	108.900	
9	112.5, F	0.485	108.942	
9	252.7, F	0.528	108.984	
9	108.3, F	0.669	109.026	
9	244.5, F	0.513	109.067	
9	39.4, F	1.089	109.109	
9	229.1, F	0.692	109.151	
9	142.9, F	0.63	109.192	
9	311.1, F	0.652	109.234	
9	146.7, F	0.716	109.276	
9	298.6, F	0.664	109.318	
9	55.7, F	0.489	109.359	
9	154.0, F	0.849	109.401	
9	280.3, F	0.74	109.443	
9	81.6, F	0.337	109.484	
9	99.5, F	0.237	109.526	
9	263.7, F	0.703	109.568	
9	95.7, F	0.281	109.609	
9	106.6, F	0.409	109.651	
9	248.1, F	0.709	109.693	
9	40.1, F	0.632	109.735	
9	127.4, F	0.389	109.776	
9	241.7, F	0.73	109.818	
9	62.5, F	0.397	109.860	
9	145.5, F	0.609	109.901	
9	280.9, F	0.609	109.943	
9	90.3, F	0.42	109.985	
9	265.5, F	0.563	110.027	
9	99.8, F	0.486	110.068	
9	263.3, F	0.49	110.110	
9	113.4, F	0.52	110.152	
9	246.9, F	0.562	110.193	
9	115.1, F	0.597	110.235	
9	325.0, F	0.904	110.277	
9	129.3, F	0.682	110.319	
9	227.8, F	0.61	110.360	
9	44.6, F	0.862	110.402	
9	219.0, F	0.692	110.444	
9	58.0, F	0.716	110.485	
9	210.5, F	0.743	110.527	
9	67.1, F	0.73	110.569	
9	310.0, F	0.507	110.611	
9	197.3, F	0.79	110.652	
9	319.7, F	0.407	110.694	
9	68.6, F	1.108	110.736	
9	184.2, F	0.724	110.777	
9	6.2, F	0.167	110.819	
9	47.6, F	0.185	110.861	
9	38.6, F	0.252	110.902	
9	291.4, F	0.491	110.944	
9	162.2, F	0.862	110.986	
9	52.8, F	0.326	111.028	
9	313.6, F	0.355	111.069	
9	64.4, F	0.527	111.111	
9	16.0, F	0.304	111.153	
9	171.4, F	0.647	111.194	
9	1.5, F	0.453	111.236	
9	174.9, F	0.54	111.278	
9	348.5, F	0.497	111.320	
9	341.4, F	0.591	111.361	
9	201.7, F	0.398	111.403	
9	198.5, F	0.331	111.445	
9	352.5, F	0.818	111.486	
9	117.4, F	0.768	111.528	
9	183.7, F	0.373	111.570	
9	359.1, F	0.627	111.611	
9	167.3, F	0.413	111.653	
9	160.1, F	0.373	111.695	
9	16.1, F	0.618	111.737	
9	147.5, F	0.508	111.778	
9	307.1, F	0.74	111.820	
9	148.5, F	0.656	111.862	
9	310.5, F	0.647	111.903	
9	140.9, F	0.686	111.945	
9	56.8, F	0.619	111.987	
9	211.9, F	0.683	112.029	
9	318.1, F	0.563	112.070	
9	68.7, F	0.688	112.112	
9	205.1, F	0.611	112.154	
9	316.7, F	0.5	112.195	
9	70.3, F	0.74	112.237	
9	200.1, F	0.574	112.279	
9	336.8, F	0.704	112.321	
9	117.9, F	1.027	112.362	
9	340.4, F	0.64	112.404	
9	193.0, F	0.418	112.446	
9	178.6, F	0.287	112.487	
9	1.0, F	0.901	112.529	
9	148.3, F	0.347	112.571	
9	141.4, F	0.255	112.612	
9	131.3, F	0.229	112.654	
9	252.1, F	0.299	112.696	
9	12.9, F	1.219	112.738	
9	194.1, F	0.892	112.779	
9	115.7, F	0.318	112.821	
9	273.0, F	0.32	112.863	
9	143.9, F	0.314	112.904	
9	332.2, F	0.953	112.946	
9	114.1, F	0.287	112.988	
9	119.7, F	0.309	113.030	
9	256.4, F	0.344	113.071	
9	101.0, F	0.304	113.113	
9	264.4, F	0.225	113.155	
9	91.2, F	0.521	113.196	
9	231.2, F	0.124	113.238	
9	230.2, F	0.109	113.280	
9	224.0, F	0.117	113.322	
9	203.0, F	0.197	113.363	
9	350.6, F	0.75	113.405	
9	110.7, F	0.639	113.447	
9	191.3, F	0.241	113.488	
9	184.4, F	0.194	113.530	
9	358.5, F	0.977	113.572	
9	180.6, F	0.178	113.614	
9	176.3, F	0.248	113.655	
9	181.6, F	0.252	113.697	
9	187.8, F	0.258	113.739	
9	355.8, F	0.787	113.780	
9	188.8, F	0.308	113.822	
9	187.6, F	0.311	113.864	
9	189.7, F	0.278	113.905	
9	356.4, F	0.709	113.947	
9	199.9, F	0.333	113.989	
9	191.4, F	0.319	114.031	
9	44.0, F	0.959	114.072	
9	202.8, F	0.448	114.114	
9	199.8, F	0.378	114.156	
9	346.0, F	0.65	114.197	
9	196.7, F	0.449	114.239	
9	199.5, F	0.442	114.281	
9	31.1, F	0.779	114.323	
9	223.1, F	0.524	114.364	
9	7.4, F	0.738	114.406	
9	234.4, F	0.661	114.448	
9	197.7, F	0.345	114.489	
9	341.3, F	0.874	114.531	
9	234.6, F	0.53	114.573	
9	114.0, F	0.728	114.614	
9	246.7, F	0.797	114.656	
9	31.3, F	0.862	114.698	
9	248.6, F	0.837	114.740	
9	150.6, F	0.504	114.781	
9	21.8, F	0.852	114.823	
9	174.8, F	0.65	114.865	
9	177.6, F	0.633	114.906	
9	357.2, F	0.367	114.948	
9	None	0	114.990	0.04200000000000159
9	226.1, F	0.214	115.032	
9	209.3, F	0.396	115.073	
9	185.0, F	0.617	115.115	
9	195.2, F	0.409	115.157	
9	178.2, F	0.63	115.198	
9	22.1, F	0.191	115.240	
9	None	0	115.282	0.04200000000000159
9	125.5, F	0.511	115.324	
9	184.6, F	1.383	115.365	
9	165.4, F	0.389	115.407	
9	14.5, F	0.548	115.449	
9	222.0, F	1.51	115.490	
9	87.1, F	0.1	115.532	
9	136.7, F	0.143	115.574	
9	183.1, F	0.347	115.615	
9	248.8, F	0.119	115.657	
9	243.5, F	0.276	115.699	
9	123.4, F	0.344	115.741	
9	219.8, F	0.535	115.782	
9	22.2, F	0.315	115.824	
9	190.8, F	0.867	115.866	
9	314.5, F	0.25	115.907	
9	274.6, F	0.373	115.949	
9	266.7, F	0.584	115.991	
9	100.8, F	0.325	116.033	
9	165.0, F	0.154	116.074	
9	267.8, F	1.185	116.116	
9	97.7, F	0.478	116.158	
9	None	0	116.199	0.04200000000000159
9	248.5, F	0.096	116.241	
9	234.8, F	0.203	116.283	
9	135.4, F	0.444	116.325	
9	298.4, F	0.284	116.366	
9	292.0, F	0.318	116.408	
9	94.1, F	0.445	116.450	
9	195.9, F	0.444	116.491	
9	182.9, F	0.592	116.533	
9	28.1, F	0.342	116.575	
9	157.5, F	1.272	116.617	
9	94.2, F	0.546	116.658	
9	232.4, F	0.595	116.700	
9	76.2, F	0.837	116.742	
9	289.6, F	0.188	116.783	
9	193.3, F	0.256	116.825	
9	182.9, F	0.337	116.867	
9	186.0, F	0.404	116.908	
9	10.4, F	0.466	116.950	
9	206.7, F	0.629	116.992	
9	3.1, F	0.423	117.034	
9	197.2, F	0.714	117.075	
9	76.4, F	1.342	117.117	
9	282.2, F	0.822	117.159	
9	200.4, F	0.816	117.200	
9	285.8, F	0.36	117.242	
9	82.0, F	0.711	117.284	
9	281.3, F	0.409	117.326	
9	292.8, F	0.48	117.367	
9	73.6, F	0.609	117.409	
9	305.2, F	0.46	117.451	
9	150.9, F	0.846	117.492	
9	303.7, F	0.513	117.534	
9	69.1, F	0.671	117.576	
9	286.9, F	0.462	117.617	
9	201.7, F	1.027	117.659	
9	79.5, F	0.99	117.701	
9	287.0, F	0.178	117.743	
9	279.5, F	0.229	117.784	
9	266.9, F	0.222	117.826	
9	86.1, F	1.117	117.868	
9	274.9, F	0.803	117.909	
9	279.8, F	0.211	117.951	
9	280.0, F	0.168	117.993	
9	84.6, F	1.276	118.035	
9	279.8, F	0.631	118.076	
9	306.2, F	0.157	118.118	
9	None	0	118.160	0.04099999999999682
9	354.4, F	0.184	118.201	
9	180.2, F	0.908	118.243	
9	354.1, F	0.214	118.285	
9	348.9, F	0.244	118.327	
9	343.5, F	0.331	118.368	
9	186.8, F	0.588	118.410	
9	342.9, F	0.375	118.452	
9	1.5, F	0.448	118.493	
9	172.6, F	0.44	118.535	
9	0.3, F	0.493	118.577	
9	175.4, F	0.384	118.618	
9	357.0, F	0.733	118.660	
9	186.6, F	0.271	118.702	
9	175.2, F	0.229	118.744	
9	182.3, F	0.276	118.785	
9	4.7, F	0.941	118.827	
9	173.4, F	0.183	118.869	
9	169.7, F	0.162	118.910	
9	164.4, F	0.167	118.952	
9	168.2, F	0.239	118.994	
9	153.2, F	0.292	119.036	
9	16.7, F	0.871	119.077	
9	129.2, F	0.337	119.119	
9	122.7, F	0.333	119.161	
9	256.4, F	0.153	119.202	
9	258.4, F	0.209	119.244	
9	95.3, F	0.273	119.286	
9	299.1, F	0.412	119.328	
9	54.2, F	0.155	119.369	
9	66.4, F	0.128	119.411	
9	297.6, F	0.457	119.453	
9	15.1, F	0.496	119.494	
9	121.6, F	0.18	119.536	
9	117.7, F	0.178	119.578	
9	288.1, F	0.406	119.620	
9	47.1, F	0.332	119.661	
9	20.5, F	0.414	119.703	
9	321.3, F	0.68	119.745	
9	154.6, F	0.426	119.786	
9	19.4, F	0.929	119.828	
9	238.0, F	0.179	119.870	
9	113.8, F	0.325	119.911	
9	267.9, F	0.193	119.953	
9	316.3, F	0.311	119.995	
9	52.5, F	0.459	120.037	
9	189.2, F	0.243	120.078	
9	6.4, F	0.539	120.120	
9	102.2, F	0.308	120.162	
9	90.2, F	0.548	120.203	
9	296.0, F	0.326	120.245	
9	75.3, F	1.21	120.287	
9	63.1, F	0.359	120.329	
9	352.6, F	0.445	120.370	
9	160.7, F	0.545	120.412	
9	56.2, F	0.615	120.454	
9	111.6, F	1.451	120.495	
9	330.2, F	0.686	120.537	
9	148.6, F	0.812	120.579	
9	43.4, F	0.523	120.621	
9	73.3, F	1.423	120.662	
9	211.4, F	0.694	120.704	
9	67.0, F	0.868	120.746	
9	164.6, F	0.529	120.787	
9	70.7, F	1.3	120.829	
9	5.6, F	0.381	120.871	
9	158.4, F	0.63	120.912	
9	351.5, F	0.57	120.954	
9	130.0, F	0.998	120.996	
9	57.9, F	1.388	121.038	
9	194.3, F	0.553	121.079	
9	8.7, F	1.072	121.121	
9	186.6, F	0.315	121.163	
9	128.7, F	0.764	121.204	
9	124.4, F	0.549	121.246	
9	338.4, F	1.129	121.288	
9	85.4, F	1.204	121.330	
9	182.0, F	0.512	121.371	
9	16.8, F	1.15	121.413	
9	57.5, F	0.554	121.455	
9	103.7, F	1.224	121.496	
9	256.4, F	0.387	121.538	
9	5.8, F	0.697	121.580	
9	14.7, F	0.65	121.621	
9	100.1, F	1.046	121.663	
9	69.7, F	0.675	121.705	
9	334.3, F	0.826	121.747	
9	92.0, F	1.307	121.788	
9	70.8, F	0.323	121.830	
9	354.3, F	0.495	121.872	
9	43.9, F	0.424	121.913	
9	120.1, F	0.66	121.955	
9	355.5, F	1.176	121.997	
9	109.2, F	1.602	122.039	
9	303.8, F	0.221	122.080	
9	330.3, F	0.147	122.122	
9	88.7, F	0.49	122.164	
9	104.8, F	0.786	122.205	
9	196.7, F	0.094	122.247	
9	114.4, F	0.199	122.289	
9	104.6, F	0.782	122.331	
9	121.0, F	0.541	122.372	
9	44.7, F	1.158	122.414	
9	172.8, F	0.345	122.456	
9	118.8, F	1.164	122.497	
9	57.3, F	0.692	122.539	
9	188.2, F	0.465	122.581	
9	23.6, F	0.425	122.623	
9	123.4, F	1.403	122.664	
9	55.3, F	0.737	122.706	
9	358.7, F	0.27	122.748	
9	148.9, F	0.605	122.789	
9	68.4, F	1.429	122.831	
