0	82.9, F	0.668	0.042	
0	273.6, F	1.095	0.083	
0	47.5, F	0.21	0.125	
0	255.5, F	0.34	0.167	
0	267.1, F	1.38	0.209	
0	12.1, F	0.257	0.250	
0	288.6, F	3.786	0.292	
0	311.8, F	1.009	0.334	
0	255.4, F	1.09	0.375	
0	169.2, F	0.703	0.417	
0	238.6, F	0.477	0.459	
0	286.1, F	2.298	0.500	
0	339.1, F	0.638	0.542	
0	127.2, F	1.482	0.584	
0	269.7, F	0.841	0.626	
0	243.0, F	0.405	0.667	
0	44.1, F	0.138	0.709	
0	232.3, F	0.123	0.751	
0	218.6, F	0.26	0.792	
0	190.7, F	0.566	0.834	
0	85.9, F	11.273	0.876	
0	226.7, F	1.616	0.918	
0	359.2, F	0.226	0.959	
0	41.8, F	0.756	1.001	
0	38.9, F	0.734	1.043	
0	233.8, F	0.517	1.084	
0	8.8, F	0.716	1.126	
0	246.7, F	0.813	1.168	
0	114.2, F	0.412	1.210	
0	105.7, F	0.64	1.251	
0	251.3, F	0.115	1.293	
0	None	0	1.335	0.040999999999999925
0	4.1, F	0.854	1.376	
0	172.4, F	0.113	1.418	
0	272.9, F	19.34	1.460	
0	263.1, F	0.444	1.502	
0	34.7, F	1.088	1.543	
0	246.4, F	0.205	1.585	
0	207.3, F	0.412	1.627	
0	203.7, F	0.331	1.668	
0	108.9, F	0.908	1.710	
0	350.5, F	0.658	1.752	
0	186.9, F	0.306	1.793	
0	190.2, F	0.243	1.835	
0	0.1, F	0.783	1.877	
0	94.3, F	0.159	1.919	
0	79.7, F	0.257	1.960	
0	270.5, F	0.766	2.002	
0	92.3, F	0.248	2.044	
0	262.1, F	18.459	2.085	
0	134.8, F	0.19	2.127	
0	158.3, F	0.219	2.169	
0	2.1, F	0.271	2.211	
0	180.4, F	0.416	2.252	
0	344.8, F	0.351	2.294	
0	176.1, F	0.467	2.336	
0	355.4, F	0.953	2.377	
0	329.9, F	0.275	2.419	
0	304.9, F	0.226	2.461	
0	94.2, F	0.85	2.502	
0	270.9, F	0.265	2.544	
0	218.3, F	0.11	2.586	
0	307.2, F	0.276	2.628	
0	335.0, F	0.742	2.669	
0	142.2, F	1.5	2.711	
0	295.7, F	0.182	2.753	
0	352.4, F	1.55	2.794	
0	266.6, F	0.219	2.836	
0	349.7, F	0.792	2.878	
0	359.4, F	1.946	2.920	
0	178.2, F	1.45	2.961	
0	3.6, F	0.56	3.003	
0	5.3, F	0.901	3.045	
0	None	0	3.086	
0	None	0	3.128	0.08400000000000007
0	338.2, F	0.118	3.170	
0	344.5, F	0.591	3.212	
0	184.0, F	0.614	3.253	
0	84.8, F	0.798	3.295	
0	267.2, F	0.181	3.337	
0	318.5, F	0.092	3.378	
0	293.7, F	19.433	3.420	
0	1.0, F	0.996	3.462	
0	317.8, F	1.257	3.503	
0	340.1, F	1.144	3.545	
0	288.2, F	2.245	3.587	
0	3.4, F	1.362	3.629	
0	129.5, F	4.845	3.670	
0	274.7, F	0.666	3.712	
0	267.8, F	8.988	3.754	
0	134.3, F	0.168	3.795	
0	84.4, F	0.244	3.837	
0	201.4, F	0.175	3.879	
0	359.9, F	0.684	3.921	
0	232.9, F	0.124	3.962	
0	218.9, F	0.656	4.004	
0	3.2, F	15.005	4.046	
0	327.8, F	1.066	4.087	
0	2.9, F	0.789	4.129	
0	356.0, F	0.737	4.171	
0	357.3, F	1.682	4.213	
0	316.7, F	0.967	4.254	
0	6.9, F	0.493	4.296	
0	340.0, F	1.451	4.338	
0	265.6, F	0.66	4.379	
0	1.9, F	1.734	4.421	
0	33.8, F	7.09	4.463	
0	293.1, F	1.092	4.505	
0	300.5, F	0.537	4.546	
0	211.3, F	5.583	4.588	
0	2.9, F	0.837	4.630	
0	10.7, F	0.559	4.671	
0	3.9, F	1.527	4.713	
0	24.4, F	1.326	4.755	
0	339.4, F	0.788	4.796	
0	14.9, F	1.119	4.838	
0	6.3, F	1.526	4.880	
0	342.2, F	0.997	4.922	
0	352.5, F	1.192	4.963	
0	124.6, F	0.632	5.005	
0	18.7, F	2.167	5.047	
0	32.0, F	5.748	5.088	
0	168.7, F	0.456	5.130	
0	55.0, F	0.572	5.172	
0	126.8, F	0.199	5.214	
0	143.6, F	0.17	5.255	
0	263.5, F	1.293	5.297	
0	113.7, F	0.608	5.339	
0	24.0, F	0.253	5.380	
0	340.7, F	0.56	5.422	
0	247.1, F	0.321	5.464	
0	89.5, F	0.7	5.505	
0	347.6, F	0.135	5.547	
0	35.6, F	0.211	5.589	
0	143.2, F	0.124	5.631	
0	191.8, F	0.181	5.672	
0	225.1, F	0.39	5.714	
0	233.0, F	0.331	5.756	
0	243.4, F	0.342	5.797	
0	27.6, F	0.794	5.839	
0	238.2, F	0.67	5.881	
0	142.8, F	0.592	5.923	
0	296.2, F	0.721	5.964	
0	158.7, F	0.675	6.006	
0	349.2, F	16.645	6.048	
0	357.8, F	0.677	6.089	
0	171.7, F	0.516	6.131	
0	172.7, F	0.821	6.173	
0	26.0, F	0.378	6.215	
0	71.3, F	0.246	6.256	
0	50.1, F	0.287	6.298	
0	254.9, F	0.564	6.340	
0	67.3, F	0.776	6.381	
0	233.3, F	0.556	6.423	
0	324.1, F	0.943	6.465	
0	101.6, F	0.747	6.506	
0	255.6, F	0.377	6.548	
0	100.0, F	0.781	6.590	
0	234.9, F	0.32	6.632	
0	338.8, F	0.857	6.673	
0	342.5, F	11.359	6.715	
0	343.1, F	0.711	6.757	
0	15.5, F	0.814	6.798	
0	6.2, F	2.224	6.840	
0	24.0, F	0.716	6.882	
0	335.8, F	1.17	6.924	
0	34.0, F	0.679	6.965	
0	10.2, F	1.218	7.007	
0	21.2, F	1.293	7.049	
0	302.8, F	0.589	7.090	
0	339.2, F	0.701	7.132	
0	5.4, F	0.709	7.174	
0	9.6, F	2.405	7.216	
0	None	0	7.257	0.0420000000000007
0	75.0, F	0.745	7.299	
0	310.3, F	1.546	7.341	
0	259.8, F	0.293	7.382	
0	326.3, F	1.08	7.424	
0	335.9, F	1.54	7.466	
0	53.0, F	0.788	7.507	
0	348.2, F	1.381	7.549	
0	85.5, F	0.801	7.591	
0	356.3, F	1.416	7.633	
0	359.3, F	1.362	7.674	
0	49.9, F	0.216	7.716	
0	12.3, F	0.928	7.758	
0	36.6, F	1.428	7.799	
0	346.5, F	1.315	7.841	
0	1.5, F	2.731	7.883	
0	290.9, F	1.04	7.925	
0	44.4, F	1.636	7.966	
0	251.0, F	1.019	8.008	
0	314.6, F	0.709	8.050	
0	32.9, F	1.115	8.091	
0	18.8, F	0.559	8.133	
0	323.5, F	0.454	8.175	
0	330.6, F	1.468	8.217	
0	282.0, F	0.307	8.258	
0	329.4, F	0.987	8.300	
0	327.5, F	1.605	8.342	
0	30.5, F	0.169	8.383	
0	359.1, F	0.724	8.425	
0	345.2, F	0.544	8.467	
0	13.3, F	1.353	8.508	
0	6.3, F	0.797	8.550	
0	213.0, F	0.119	8.592	
0	26.3, F	0.585	8.634	
0	8.8, F	7.455	8.675	
0	39.7, F	1.399	8.717	
0	79.6, F	0.74	8.759	
0	244.3, F	1.348	8.800	
0	201.6, F	0.408	8.842	
0	39.0, F	1.372	8.884	
0	90.4, F	0.433	8.926	
0	329.4, F	1.056	8.967	
0	298.9, F	0.458	9.009	
0	73.3, F	1.256	9.051	
0	3.2, F	0.631	9.092	
0	351.8, F	1.247	9.134	
0	193.4, F	0.698	9.176	
0	0.8, F	1.03	9.218	
0	212.7, F	0.15	9.259	
0	17.3, F	0.306	9.301	
0	5.1, F	0.633	9.343	
0	127.9, F	0.286	9.384	
0	64.6, F	0.24	9.426	
0	341.1, F	1.196	9.468	
0	86.8, F	0.379	9.509	
0	323.7, F	0.253	9.551	
0	60.0, F	1.063	9.593	
0	80.6, F	0.258	9.635	
0	307.6, F	0.702	9.676	
0	16.8, F	0.865	9.718	
0	87.6, F	0.243	9.760	
0	53.7, F	0.527	9.801	
0	303.4, F	0.915	9.843	
0	107.4, F	0.188	9.885	
0	67.3, F	0.329	9.927	
0	302.7, F	0.416	9.968	
0	67.4, F	0.73	10.010	
0	346.7, F	0.558	10.052	
0	222.0, F	0.343	10.093	
0	217.7, F	0.356	10.135	
0	42.2, F	0.876	10.177	
0	253.8, F	0.456	10.219	
0	F	0.358	10.260	
0	91.5, F	0.564	10.302	
0	266.3, F	0.389	10.344	
0	77.6, F	0.455	10.385	
0	265.9, F	0.415	10.427	
0	79.7, F	0.512	10.469	
0	262.8, F	0.425	10.511	
0	79.1, F	0.434	10.552	
0	271.2, F	0.389	10.594	
0	280.2, F	0.441	10.636	
0	76.2, F	0.492	10.677	
0	275.1, F	0.846	10.719	
0	73.6, F	0.192	10.761	
0	59.2, F	0.213	10.802	
0	58.1, F	0.219	10.844	
0	353.1, F	0.249	10.886	
0	187.8, F	0.68	10.928	
0	315.2, F	0.458	10.969	
0	316.8, F	0.428	11.011	
0	218.6, F	0.818	11.053	
0	52.9, F	0.51	11.094	
0	53.0, F	0.468	11.136	
0	211.5, F	0.752	11.178	
0	67.0, F	0.694	11.220	
0	310.3, F	0.405	11.261	
0	196.8, F	0.811	11.303	
0	314.2, F	0.297	11.345	
0	76.5, F	0.816	11.386	
0	338.2, F	0.199	11.428	
0	21.0, F	0.129	11.470	
0	50.7, F	0.215	11.511	
0	170.7, F	0.848	11.553	
0	12.9, F	0.282	11.595	
0	9.1, F	0.29	11.637	
0	12.3, F	0.309	11.678	
0	236.1, F	1.134	11.720	
0	8.9, F	0.428	11.762	
0	9.9, F	0.442	11.803	
0	156.8, F	0.353	11.845	
0	147.7, F	0.348	11.887	
0	13.5, F	0.757	11.929	
0	187.0, F	0.188	11.970	
0	186.5, F	0.177	12.012	
0	218.2, F	0.228	12.054	
0	335.7, F	0.89	12.095	
0	247.0, F	0.669	12.137	
0	115.3, F	0.606	12.179	
0	243.6, F	0.384	12.221	
0	100.7, F	0.513	12.262	
0	332.7, F	1.145	12.304	
0	90.4, F	0.255	12.346	
0	271.1, F	0.705	12.387	
0	89.6, F	0.279	12.429	
0	None	0	12.471	0.04100000000000037
0	188.7, F	0.988	12.512	
0	273.6, F	0.127	12.554	
0	249.7, F	0.124	12.596	
0	336.3, F	0.972	12.638	
0	107.9, F	0.557	12.679	
0	234.6, F	0.249	12.721	
0	231.3, F	0.237	12.763	
0	108.0, F	0.892	12.804	
0	175.8, F	0.492	12.846	
0	359.1, F	0.466	12.888	
0	176.1, F	0.491	12.930	
0	18.8, F	0.665	12.971	
0	244.1, F	0.805	13.013	
0	22.2, F	0.685	13.055	
0	129.0, F	0.429	13.096	
0	110.5, F	0.288	13.138	
0	261.5, F	0.728	13.180	
0	110.0, F	0.301	13.222	
0	22.1, F	1.099	13.263	
0	282.5, F	0.364	13.305	
0	148.4, F	1.062	13.347	
0	287.2, F	0.356	13.388	
0	294.0, F	0.295	13.430	
0	79.0, F	0.693	13.472	
0	293.2, F	0.322	13.513	
0	278.8, F	0.572	13.555	
0	69.2, F	0.305	13.597	
0	60.2, F	0.424	13.639	
0	217.8, F	0.929	13.680	
0	49.0, F	0.483	13.722	
0	306.2, F	0.659	13.764	
0	151.0, F	0.737	13.805	
0	17.6, F	0.456	13.847	
0	295.9, F	1.053	13.889	
0	168.5, F	0.456	13.931	
0	350.4, F	0.462	13.972	
0	201.8, F	0.502	14.014	
0	54.2, F	0.675	14.056	
0	219.8, F	0.635	14.097	
0	314.4, F	0.644	14.139	
0	130.3, F	0.726	14.181	
0	321.4, F	0.665	14.223	
0	125.5, F	0.74	14.264	
0	326.3, F	0.724	14.306	
0	123.2, F	0.655	14.348	
0	229.5, F	0.538	14.389	
0	329.5, F	0.719	14.431	
0	109.9, F	0.622	14.473	
0	242.2, F	0.442	14.514	
0	33.6, F	0.969	14.556	
0	244.5, F	0.467	14.598	
0	255.6, F	0.425	14.640	
0	98.3, F	0.573	14.681	
0	259.6, F	0.428	14.723	
0	90.0, F	0.582	14.765	
0	290.1, F	0.383	14.806	
0	79.7, F	0.602	14.848	
0	297.7, F	0.506	14.890	
0	297.2, F	0.486	14.932	
0	72.3, F	0.451	14.973	
0	213.0, F	1.026	15.015	
0	71.6, F	0.539	15.057	
0	297.6, F	0.496	15.098	
0	72.0, F	0.562	15.140	
0	294.7, F	0.669	15.182	
0	154.1, F	0.757	15.224	
0	47.7, F	0.43	15.265	
0	298.1, F	0.992	15.307	
0	164.7, F	0.319	15.349	
0	357.7, F	0.742	15.390	
0	212.7, F	0.318	15.432	
0	237.9, F	0.216	15.474	
0	256.7, F	0.274	15.515	
0	101.4, F	0.554	15.557	
0	261.9, F	0.325	15.599	
0	342.1, F	1.163	15.641	
0	146.4, F	1.073	15.682	
0	296.3, F	0.418	15.724	
0	59.4, F	0.668	15.766	
0	311.6, F	0.579	15.807	
0	230.7, F	0.944	15.849	
0	36.1, F	0.651	15.891	
0	131.2, F	0.581	15.933	
0	318.0, F	0.811	15.974	
0	127.6, F	0.588	16.016	
0	331.2, F	0.907	16.058	
0	106.2, F	0.614	16.099	
0	231.1, F	0.287	16.141	
0	96.1, F	0.79	16.183	
0	257.2, F	0.163	16.225	
0	None	0	16.266	0.04200000000000159
0	328.8, F	0.116	16.308	
0	313.8, F	0.134	16.350	
0	295.6, F	0.153	16.391	
0	289.7, F	0.154	16.433	
0	285.3, F	0.257	16.475	
0	82.2, F	0.675	16.517	
0	288.2, F	0.365	16.558	
0	288.4, F	0.361	16.600	
0	74.0, F	0.547	16.642	
0	221.7, F	1.104	16.683	
0	43.6, F	0.257	16.725	
0	45.0, F	0.225	16.767	
0	19.6, F	0.17	16.808	
0	278.7, F	0.944	16.850	
0	21.6, F	0.166	16.892	
0	178.3, F	0.891	16.934	
0	None	0	16.975	
0	None	0	17.017	0.08399999999999963
0	281.8, F	0.146	17.059	
0	212.3, F	0.219	17.100	
0	101.5, F	0.573	17.142	
0	332.5, F	0.938	17.184	
0	258.1, F	0.721	17.226	
0	130.4, F	0.356	17.267	
0	141.3, F	0.237	17.309	
0	168.4, F	0.368	17.351	
0	353.5, F	0.666	17.392	
0	172.0, F	0.318	17.434	
0	173.7, F	0.308	17.476	
0	359.0, F	0.554	17.517	
0	192.8, F	0.361	17.559	
0	204.2, F	0.449	17.601	
0	300.1, F	0.711	17.643	
0	157.1, F	0.622	17.684	
0	287.6, F	0.925	17.726	
0	None	0	17.768	
0	None	0	17.809	0.08299999999999841
0	121.0, F	0.419	17.851	
0	108.4, F	0.49	17.893	
0	324.3, F	0.314	17.935	
0	356.5, F	0.349	17.976	
0	186.3, F	0.582	18.018	
0	72.5, F	0.968	18.060	
0	320.2, F	0.314	18.101	
0	198.9, F	0.77	18.143	
0	267.5, F	0.139	18.185	
0	343.4, F	0.126	18.227	
0	316.5, F	0.132	18.268	
0	286.0, F	0.203	18.310	
0	85.0, F	0.784	18.352	
0	284.9, F	0.238	18.393	
0	290.0, F	0.214	18.435	
0	298.7, F	0.158	18.477	
0	292.9, F	0.154	18.518	
0	290.6, F	0.151	18.560	
0	84.1, F	0.833	18.602	
0	197.1, F	0.953	18.644	
0	297.2, F	0.25	18.685	
0	300.2, F	0.211	18.727	
0	301.4, F	0.196	18.769	
0	81.7, F	0.812	18.810	
0	304.8, F	0.219	18.852	
0	318.8, F	0.194	18.894	
0	355.2, F	0.157	18.936	
0	187.0, F	0.817	18.977	
0	332.7, F	0.183	19.019	
0	330.4, F	0.168	19.061	
0	333.4, F	0.174	19.102	
0	317.3, F	0.313	19.144	
0	68.5, F	0.997	19.186	
0	200.6, F	0.715	19.228	
0	321.3, F	0.324	19.269	
0	284.1, F	0.262	19.311	
0	285.5, F	0.247	19.353	
0	93.7, F	0.843	19.394	
0	245.6, F	0.175	19.436	
0	240.9, F	0.144	19.478	
0	116.8, F	0.104	19.520	
0	104.3, F	0.13	19.561	
0	83.1, F	0.125	19.603	
0	79.9, F	0.159	19.645	
0	32.5, F	0.218	19.686	
0	69.3, F	0.33	19.728	
0	212.7, F	0.429	19.770	
0	345.8, F	0.617	19.811	
0	96.5, F	0.855	19.853	
0	207.4, F	0.38	19.895	
0	318.6, F	0.725	19.937	
0	193.2, F	0.485	19.978	
0	51.4, F	0.351	20.020	
0	215.0, F	1.171	20.062	
0	73.3, F	0.254	20.103	
0	67.5, F	0.196	20.145	
0	44.1, F	0.128	20.187	
0	275.1, F	0.907	20.229	
0	329.6, F	0.182	20.270	
0	7.5, F	0.137	20.312	
0	15.1, F	0.119	20.354	
0	19.8, F	0.106	20.395	
0	175.9, F	0.873	20.437	
0	51.5, F	0.138	20.479	
0	53.3, F	0.127	20.520	
0	None	0	20.562	
0	None	0	20.604	0.08399999999999963
0	243.6, F	0.142	20.646	
0	264.0, F	0.296	20.687	
0	266.0, F	0.302	20.729	
0	103.3, F	0.416	20.771	
0	258.0, F	0.569	20.812	
0	112.1, F	0.223	20.854	
0	77.2, F	0.195	20.896	
0	75.3, F	0.178	20.938	
0	284.6, F	0.79	20.979	
0	66.9, F	0.435	21.021	
0	72.1, F	0.535	21.063	
0	331.9, F	0.253	21.104	
0	333.9, F	0.277	21.146	
0	190.6, F	0.713	21.188	
0	70.7, F	0.905	21.230	
0	331.4, F	0.295	21.271	
0	312.6, F	0.451	21.313	
0	193.9, F	0.698	21.355	
0	3.7, F	0.593	21.396	
0	172.2, F	0.353	21.438	
0	24.0, F	0.651	21.480	
0	144.5, F	0.431	21.521	
0	163.7, F	0.228	21.563	
0	5.4, F	0.763	21.605	
0	179.2, F	0.215	21.647	
0	178.8, F	0.199	21.688	
0	None	0	21.730	
0	None	0	21.772	
0	None	0	21.813	
0	None	0	21.855	0.16699999999999804
0	91.9, F	0.214	21.897	
0	279.5, F	0.478	21.939	
0	79.3, F	0.561	21.980	
0	296.3, F	0.427	22.022	
0	82.3, F	0.553	22.064	
0	300.0, F	0.222	22.105	
0	301.8, F	0.415	22.147	
0	71.5, F	0.632	22.189	
0	205.2, F	0.781	22.231	
0	314.4, F	0.456	22.272	
0	48.2, F	0.769	22.314	
0	213.9, F	0.516	22.356	
0	46.9, F	0.759	22.397	
0	218.1, F	0.512	22.439	
0	310.7, F	0.612	22.481	
0	144.7, F	0.837	22.523	
0	307.5, F	0.483	22.564	
0	69.1, F	0.744	22.606	
0	211.1, F	0.824	22.648	
0	287.7, F	0.64	22.689	
0	42.4, F	0.188	22.731	
0	19.9, F	0.24	22.773	
0	36.9, F	0.175	22.814	
0	172.8, F	0.852	22.856	
0	53.1, F	0.335	22.898	
0	332.6, F	0.731	22.940	
0	94.1, F	0.671	22.981	
0	None	0	23.023	0.04200000000000159
0	13.0, F	0.993	23.065	
0	105.3, F	0.429	23.106	
0	279.5, F	0.472	23.148	
0	70.7, F	0.49	23.190	
0	209.1, F	0.568	23.232	
0	41.2, F	0.961	23.273	
0	230.4, F	0.572	23.315	
0	314.6, F	0.764	23.357	
0	138.2, F	0.676	23.398	
0	326.8, F	0.952	23.440	
0	130.9, F	0.406	23.482	
0	100.7, F	0.306	23.523	
0	247.3, F	0.711	23.565	
0	125.7, F	0.393	23.607	
0	23.8, F	0.825	23.649	
0	251.7, F	0.691	23.690	
0	113.4, F	0.41	23.732	
0	118.4, F	0.45	23.774	
0	255.7, F	0.806	23.815	
0	12.7, F	0.78	23.857	
0	145.1, F	0.283	23.899	
0	149.1, F	0.232	23.941	
0	183.2, F	0.215	23.982	
0	190.5, F	0.231	24.024	
0	358.4, F	0.74	24.066	
0	214.1, F	0.315	24.107	
0	215.7, F	0.283	24.149	
0	216.3, F	0.257	24.191	
0	350.1, F	0.952	24.233	
0	251.6, F	0.183	24.274	
0	89.6, F	0.777	24.316	
0	271.2, F	0.244	24.358	
0	275.5, F	0.219	24.399	
0	274.0, F	0.377	24.441	
0	84.2, F	0.573	24.483	
0	279.4, F	0.453	24.524	
0	178.8, F	28.166	24.566	
0	35.0, F	0.246	24.608	
0	113.1, F	0.15	24.650	
0	159.7, F	0.427	24.691	
0	236.5, F	1.161	24.733	
0	None	0	24.775	
0	None	0	24.816	0.08300000000000196
0	124.2, F	1.079	24.858	
0	178.3, F	0.6	24.900	
0	351.5, F	0.15	24.942	
0	10.7, F	0.162	24.983	
0	18.6, F	0.148	25.025	
0	175.9, F	0.91	25.067	
0	271.1, F	0.822	25.108	
0	83.7, F	0.191	25.150	
0	114.2, F	0.247	25.192	
0	117.2, F	0.245	25.234	
0	135.6, F	0.189	25.275	
0	2.0, F	0.912	25.317	
0	154.2, F	0.099	25.359	
0	272.0, F	0.917	25.400	
0	None	0	25.442	0.04200000000000159
0	52.8, F	0.152	25.484	
0	17.3, F	0.131	25.525	
0	179.3, F	0.823	25.567	
0	327.8, F	0.249	25.609	
0	315.1, F	0.366	25.651	
0	58.8, F	0.609	25.692	
0	303.3, F	0.513	25.734	
0	212.0, F	0.746	25.776	
0	56.1, F	0.615	25.817	
0	295.7, F	0.594	25.859	
0	136.4, F	0.871	25.901	
0	312.3, F	0.575	25.943	
0	51.7, F	0.911	25.984	
0	203.1, F	0.385	26.026	
0	172.9, F	0.268	26.068	
0	8.3, F	0.827	26.109	
0	131.9, F	0.234	26.151	
0	90.7, F	0.392	26.193	
0	269.8, F	0.489	26.235	
0	93.8, F	0.463	26.276	
0	271.3, F	0.598	26.318	
0	63.8, F	0.468	26.360	
0	76.8, F	0.503	26.401	
0	290.4, F	0.506	26.443	
0	150.2, F	0.989	26.485	
0	294.2, F	0.619	26.526	
0	58.9, F	0.478	26.568	
0	303.8, F	0.787	26.610	
0	145.9, F	0.637	26.652	
0	28.2, F	0.559	26.693	
0	232.9, F	0.87	26.735	
0	32.0, F	0.519	26.777	
0	154.5, F	0.539	26.818	
0	299.0, F	0.964	26.860	
0	17.7, F	0.463	26.902	
0	145.1, F	0.474	26.944	
0	146.9, F	0.298	26.985	
0	30.1, F	0.745	27.027	
0	241.6, F	0.713	27.069	
0	152.6, F	0.449	27.110	
0	34.8, F	0.686	27.152	
0	239.7, F	1.074	27.194	
0	13.8, F	0.408	27.236	
0	177.1, F	0.626	27.277	
0	10.8, F	0.299	27.319	
0	39.1, F	0.316	27.361	
0	164.6, F	0.747	27.402	
0	52.2, F	0.338	27.444	
0	287.3, F	0.599	27.486	
0	81.8, F	0.483	27.527	
0	82.6, F	0.461	27.569	
0	276.1, F	1.885	27.611	
0	None	0	27.653	
0	None	0	27.694	
0	None	0	27.736	
0	None	0	27.778	
0	None	0	27.819	0.20800000000000196
0	305.5, F	0.231	27.861	
0	316.1, F	0.382	27.903	
0	313.8, F	0.546	27.945	
0	164.3, F	0.926	27.986	
0	13.2, F	1.138	28.028	
0	209.5, F	0.633	28.070	
0	54.5, F	0.804	28.111	
0	221.1, F	0.4	28.153	
0	341.0, F	0.699	28.195	
0	205.9, F	0.508	28.237	
0	138.2, F	0.851	28.278	
0	19.8, F	1.096	28.320	
0	182.4, F	0.871	28.362	
0	343.3, F	0.115	28.403	
0	None	0	28.445	0.04199999999999804
0	141.6, F	0.159	28.487	
0	144.8, F	0.166	28.528	
0	153.4, F	0.177	28.570	
0	255.5, F	0.926	28.612	
0	157.6, F	0.44	28.654	
0	6.3, F	0.44	28.695	
0	182.4, F	0.807	28.737	
0	346.2, F	0.134	28.779	
0	177.4, F	0.109	28.820	
0	179.2, F	0.146	28.862	
0	181.8, F	0.503	28.904	
0	357.9, F	0.249	28.946	
0	339.4, F	0.147	28.987	
0	169.9, F	0.983	29.029	
0	182.3, F	0.221	29.071	
0	5.1, F	0.622	29.112	
0	178.9, F	0.599	29.154	
0	42.9, F	0.275	29.196	
0	169.1, F	0.976	29.238	
0	109.3, F	0.503	29.279	
0	325.8, F	0.771	29.321	
0	152.6, F	0.772	29.363	
0	262.1, F	0.557	29.404	
0	125.2, F	0.97	29.446	
0	211.7, F	0.996	29.488	
0	101.4, F	0.437	29.529	
0	214.5, F	0.923	29.571	
0	91.1, F	0.527	29.613	
0	221.4, F	0.504	29.655	
0	87.3, F	0.579	29.696	
0	205.5, F	1.939	29.738	
0	195.7, F	0.472	29.780	
0	188.3, F	1.289	29.821	
0	230.0, F	0.131	29.863	
0	185.0, F	0.919	29.905	
0	240.0, F	0.892	29.947	
0	162.0, F	1.008	29.988	
0	178.3, F	0.69	30.030	
0	207.9, F	0.382	30.072	
0	183.4, F	0.822	30.113	
0	204.2, F	0.635	30.155	
0	260.4, F	0.359	30.197	
0	145.6, F	0.997	30.239	
0	208.7, F	1.387	30.280	
0	166.2, F	0.205	30.322	
0	165.3, F	0.672	30.364	
0	249.8, F	1.082	30.405	
0	182.3, F	0.654	30.447	
0	198.9, F	0.287	30.489	
0	118.6, F	0.877	30.530	
0	197.0, F	0.949	30.572	
0	258.9, F	0.555	30.614	
0	161.3, F	0.775	30.656	
0	274.9, F	0.666	30.697	
0	141.3, F	0.415	30.739	
0	138.9, F	0.442	30.781	
0	251.8, F	0.614	30.822	
0	160.7, F	0.457	30.864	
0	164.6, F	0.739	30.906	
0	98.5, F	0.196	30.948	
0	230.9, F	1.047	30.989	
0	47.1, F	0.216	31.031	
0	179.9, F	1.57	31.073	
0	317.4, F	0.151	31.114	
0	212.4, F	0.709	31.156	
0	85.3, F	0.886	31.198	
0	182.5, F	1.306	31.240	
0	None	0	31.281	0.04200000000000159
0	170.9, F	0.788	31.323	
0	156.1, F	0.424	31.365	
0	174.2, F	1.057	31.406	
0	235.9, F	1.173	31.448	
0	229.8, F	0.187	31.490	
0	155.9, F	0.82	31.531	
0	226.5, F	0.139	31.573	
0	179.0, F	0.595	31.615	
0	184.4, F	1.369	31.657	
0	192.6, F	6.41	31.698	
0	137.4, F	1.053	31.740	
0	231.6, F	0.412	31.782	
0	187.3, F	0.847	31.823	
0	104.5, F	0.761	31.865	
0	186.2, F	0.798	31.907	
0	56.2, F	10.719	31.949	
0	222.0, F	0.151	31.990	
0	202.8, F	0.63	32.032	
0	191.0, F	1.851	32.074	
0	16.4, F	2.611	32.115	
0	22.8, F	0.225	32.157	
0	193.2, F	0.999	32.199	
0	207.0, F	1.121	32.241	
0	67.1, F	1.026	32.282	
0	174.0, F	0.996	32.324	
0	146.4, F	0.584	32.366	
0	278.0, F	0.446	32.407	
0	211.5, F	1.409	32.449	
0	177.3, F	1.288	32.491	
0	85.5, F	0.776	32.532	
0	167.8, F	1.371	32.574	
0	107.0, F	0.549	32.616	
0	107.7, F	1.296	32.658	
0	141.7, F	1.066	32.699	
0	310.1, F	4.481	32.741	
0	183.9, F	0.844	32.783	
0	168.6, F	1.858	32.824	
0	148.3, F	1.033	32.866	
0	182.5, F	1.12	32.908	
0	101.5, F	3.985	32.950	
0	143.1, F	0.971	32.991	
0	285.0, F	0.416	33.033	
0	103.2, F	0.587	33.075	
0	244.6, F	0.549	33.116	
0	89.3, F	0.561	33.158	
0	347.0, F	0.914	33.200	
0	208.6, F	0.656	33.242	
0	149.6, F	0.811	33.283	
0	304.6, F	0.474	33.325	
0	266.6, F	0.449	33.367	
0	125.5, F	1.275	33.408	
0	281.7, F	0.192	33.450	
0	231.6, F	0.177	33.492	
0	181.6, F	0.143	33.533	
0	357.7, F	0.741	33.575	
0	208.5, F	0.344	33.617	
0	201.9, F	0.472	33.659	
0	51.8, F	0.888	33.700	
0	221.0, F	0.513	33.742	
0	226.4, F	0.581	33.784	
0	41.7, F	0.493	33.825	
0	214.3, F	0.856	33.867	
0	57.4, F	0.475	33.909	
0	289.5, F	0.497	33.951	
0	98.8, F	0.359	33.992	
0	101.4, F	0.323	34.034	
0	264.1, F	0.537	34.076	
0	147.9, F	0.186	34.117	
0	155.5, F	0.365	34.159	
0	245.7, F	0.819	34.201	
0	5.6, F	0.431	34.243	
0	162.2, F	0.525	34.284	
0	4.0, F	0.23	34.326	
0	325.3, F	0.158	34.368	
0	200.2, F	0.898	34.409	
0	281.7, F	0.383	34.451	
0	82.5, F	0.583	34.493	
0	237.0, F	1.461	34.535	
0	247.8, F	0.64	34.576	
0	133.6, F	0.664	34.618	
0	307.3, F	0.226	34.660	
0	199.7, F	0.904	34.701	
0	None	0	34.743	0.041999999999994486
0	258.4, F	0.204	34.785	
0	207.9, F	0.246	34.826	
0	357.6, F	0.571	34.868	
0	187.0, F	0.488	34.910	
0	43.0, F	0.396	34.952	
0	225.7, F	1.043	34.993	
0	6.4, F	0.33	35.035	
0	8.1, F	0.263	35.077	
0	181.8, F	0.66	35.118	
0	7.0, F	0.304	35.160	
0	317.6, F	0.141	35.202	
0	294.9, F	0.23	35.244	
0	262.6, F	0.233	35.285	
0	268.7, F	0.412	35.327	
0	108.9, F	0.531	35.369	
0	264.1, F	0.429	35.410	
0	120.7, F	0.638	35.452	
0	259.1, F	0.562	35.494	
0	115.6, F	0.574	35.535	
0	258.4, F	0.159	35.577	
0	217.8, F	0.113	35.619	
0	6.2, F	0.856	35.661	
0	134.8, F	0.62	35.702	
0	129.2, F	0.667	35.744	
0	289.3, F	0.611	35.786	
0	157.8, F	0.777	35.827	
0	90.2, F	0.547	35.869	
0	296.9, F	0.157	35.911	
0	247.0, F	0.328	35.953	
0	112.7, F	0.916	35.994	
0	283.6, F	0.358	36.036	
0	193.6, F	1.192	36.078	
0	287.1, F	0.218	36.119	
0	153.6, F	0.652	36.161	
0	204.7, F	1.278	36.203	
0	164.1, F	0.961	36.245	
0	180.4, F	0.703	36.286	
0	169.4, F	0.24	36.328	
0	189.8, F	1.037	36.370	
0	192.1, F	0.846	36.411	
0	188.3, F	0.819	36.453	
0	186.3, F	0.447	36.495	
0	181.8, F	1.164	36.536	
0	173.8, F	0.842	36.578	
0	167.6, F	0.733	36.620	
0	282.0, F	1.231	36.662	
0	202.4, F	0.66	36.703	
0	194.4, F	1.354	36.745	
0	137.9, F	0.388	36.787	
0	179.5, F	1.242	36.828	
0	173.2, F	1.334	36.870	
0	170.1, F	0.82	36.912	
0	182.5, F	0.929	36.954	
0	169.1, F	0.881	36.995	
0	173.9, F	1.001	37.037	
0	179.2, F	0.743	37.079	
0	185.9, F	0.408	37.120	
0	186.2, F	1.103	37.162	
0	183.2, F	0.883	37.204	
0	218.7, F	0.908	37.246	
0	152.5, F	0.62	37.287	
0	200.4, F	1.627	37.329	
0	149.5, F	0.546	37.371	
0	173.3, F	1.246	37.412	
0	251.1, F	0.577	37.454	
0	168.8, F	1.145	37.496	
0	171.6, F	1.187	37.538	
0	167.6, F	1.244	37.579	
0	197.1, F	1.393	37.621	
0	113.1, F	0.66	37.663	
0	189.7, F	1.417	37.704	
0	184.3, F	1.344	37.746	
0	195.5, F	0.411	37.788	
0	137.5, F	1.81	37.829	
0	194.3, F	1.353	37.871	
0	93.0, F	1.489	37.913	
0	158.4, F	1.517	37.955	
0	163.5, F	1.146	37.996	
0	189.5, F	1.102	38.038	
0	121.0, F	1.58	38.080	
0	160.4, F	0.797	38.121	
0	134.2, F	0.519	38.163	
0	146.9, F	1.783	38.205	
0	119.3, F	0.643	38.247	
0	159.4, F	1.235	38.288	
0	131.7, F	1.176	38.330	
0	162.1, F	0.773	38.372	
0	239.4, F	0.429	38.413	
0	140.5, F	1.223	38.455	
0	132.5, F	0.592	38.497	
0	145.0, F	1.289	38.538	
0	273.0, F	0.803	38.580	
0	124.7, F	3.538	38.622	
0	160.4, F	0.349	38.664	
0	104.3, F	0.802	38.705	
0	146.4, F	0.856	38.747	
0	175.8, F	0.3	38.789	
0	128.3, F	1.464	38.830	
0	140.3, F	0.768	38.872	
0	146.7, F	1.1	38.914	
0	191.7, F	0.47	38.956	
0	40.8, F	0.289	38.997	
0	106.9, F	0.351	39.039	
0	249.5, F	0.266	39.081	
0	196.2, F	0.211	39.122	
0	183.4, F	0.217	39.164	
0	184.2, F	0.41	39.206	
0	14.1, F	0.508	39.248	
0	199.2, F	0.505	39.289	
0	10.5, F	0.458	39.331	
0	183.1, F	0.47	39.373	
0	18.0, F	0.528	39.414	
0	159.8, F	0.469	39.456	
0	6.6, F	0.548	39.498	
0	182.2, F	0.391	39.539	
0	181.6, F	0.365	39.581	
0	340.5, F	0.599	39.623	
0	197.4, F	0.418	39.665	
0	339.7, F	0.219	39.706	
0	184.4, F	0.742	39.748	
0	None	0	39.790	0.04100000000000392
0	199.7, F	0.25	39.831	
0	213.6, F	0.806	39.873	
0	90.8, F	0.422	39.915	
0	225.5, F	0.894	39.957	
0	246.1, F	0.114	39.998	
0	190.1, F	0.451	40.040	
0	212.3, F	1.206	40.082	
0	158.2, F	0.519	40.123	
0	292.6, F	0.256	40.165	
0	217.4, F	0.678	40.207	
0	220.0, F	1.515	40.249	
0	224.6, F	0.936	40.290	
0	None	0	40.332	0.04200000000000159
0	242.1, F	0.892	40.374	
0	222.8, F	0.568	40.415	
0	282.8, F	0.842	40.457	
0	244.0, F	0.191	40.499	
0	189.2, F	0.78	40.541	
0	186.6, F	0.821	40.582	
0	258.6, F	0.162	40.624	
0	253.6, F	0.61	40.666	
0	177.9, F	0.38	40.707	
0	342.7, F	0.566	40.749	
0	214.9, F	0.715	40.791	
0	320.7, F	0.35	40.832	
0	280.5, F	0.734	40.874	
0	231.2, F	1.384	40.916	
0	118.6, F	0.346	40.958	
0	288.1, F	1.042	40.999	
0	38.9, F	0.206	41.041	
0	349.8, F	0.315	41.083	
0	1.3, F	0.214	41.124	
0	182.2, F	0.695	41.166	
0	319.7, F	0.257	41.208	
0	290.8, F	0.467	41.250	
0	129.3, F	0.271	41.291	
0	246.5, F	3.387	41.333	
0	191.1, F	0.478	41.375	
0	281.5, F	0.76	41.416	
0	193.5, F	0.168	41.458	
0	217.2, F	0.208	41.500	
0	168.9, F	0.484	41.541	
0	170.5, F	0.509	41.583	
0	291.6, F	0.532	41.625	
0	293.3, F	0.552	41.667	
0	123.4, F	0.547	41.708	
0	267.9, F	0.54	41.750	
0	138.8, F	0.627	41.792	
0	229.1, F	0.76	41.833	
0	358.4, F	0.524	41.875	
0	196.8, F	0.27	41.917	
0	355.3, F	0.567	41.959	
0	200.4, F	0.474	42.000	
0	197.7, F	0.469	42.042	
0	356.2, F	0.615	42.084	
0	189.6, F	0.366	42.125	
0	330.5, F	0.848	42.167	
0	119.9, F	0.411	42.209	
0	269.9, F	0.816	42.251	
0	81.9, F	0.113	42.292	
0	5.2, F	0.233	42.334	
0	10.2, F	0.283	42.376	
0	14.2, F	0.468	42.417	
0	171.6, F	0.282	42.459	
0	220.3, F	0.241	42.501	
0	350.4, F	0.865	42.542	
0	267.3, F	0.443	42.584	
0	71.0, F	0.273	42.626	
0	285.0, F	0.602	42.668	
0	159.4, F	0.783	42.709	
0	352.9, F	0.35	42.751	
0	348.6, F	0.308	42.793	
0	355.3, F	0.296	42.834	
0	197.3, F	0.902	42.876	
0	286.7, F	0.4	42.918	
0	274.8, F	0.347	42.960	
0	101.1, F	0.576	43.001	
0	258.5, F	0.594	43.043	
0	126.6, F	0.422	43.085	
0	216.0, F	0.488	43.126	
0	56.4, F	0.589	43.168	
0	300.2, F	0.527	43.210	
0	133.4, F	1.02	43.252	
0	324.8, F	0.296	43.293	
0	352.2, F	0.214	43.335	
0	24.1, F	0.218	43.377	
0	167.6, F	0.686	43.418	
0	35.2, F	0.425	43.460	
0	30.6, F	0.528	43.502	
0	229.2, F	0.769	43.544	
0	33.1, F	0.546	43.585	
0	160.3, F	0.433	43.627	
0	348.9, F	0.756	43.669	
0	219.5, F	0.374	43.710	
0	248.9, F	0.377	43.752	
0	245.9, F	0.424	43.794	
0	38.3, F	0.985	43.835	
0	237.2, F	0.308	43.877	
0	236.0, F	0.315	43.919	
0	149.6, F	0.563	43.961	
0	297.2, F	1.078	44.002	
0	168.0, F	0.457	44.044	
0	352.3, F	0.472	44.086	
0	181.4, F	0.535	44.127	
0	323.7, F	0.529	44.169	
0	117.5, F	1.086	44.211	
0	333.3, F	0.466	44.253	
0	199.4, F	0.629	44.294	
0	338.8, F	0.42	44.336	
0	200.2, F	0.637	44.378	
0	336.1, F	0.385	44.419	
0	73.9, F	0.59	44.461	
0	293.2, F	0.439	44.503	
0	205.0, F	0.883	44.544	
0	68.2, F	0.42	44.586	
0	282.0, F	0.565	44.628	
0	63.6, F	0.261	44.670	
0	62.9, F	0.265	44.711	
0	290.6, F	0.464	44.753	
0	133.9, F	1.163	44.795	
0	322.2, F	0.214	44.836	
0	106.9, F	0.093	44.878	
0	None	0	44.920	
0	None	0	44.962	0.08299999999999841
0	36.3, F	0.186	45.003	
0	36.9, F	0.181	45.045	
0	68.6, F	0.318	45.087	
0	276.9, F	1.072	45.128	
0	30.3, F	0.315	45.170	
0	168.4, F	0.681	45.212	
0	20.8, F	0.346	45.254	
0	19.6, F	0.366	45.295	
0	172.0, F	0.643	45.337	
0	24.3, F	0.355	45.379	
0	352.8, F	0.286	45.420	
0	182.3, F	0.73	45.462	
0	351.3, F	0.224	45.504	
0	351.2, F	0.217	45.545	
0	334.3, F	0.15	45.587	
0	333.3, F	0.142	45.629	
0	181.6, F	0.989	45.671	
0	None	0	45.712	0.041999999999994486
0	281.8, F	0.375	45.754	
0	283.3, F	0.351	45.796	
0	81.5, F	0.585	45.837	
0	271.2, F	0.651	45.879	
0	87.1, F	0.354	45.921	
0	283.1, F	0.748	45.963	
0	67.7, F	0.28	46.004	
0	51.1, F	0.292	46.046	
0	46.7, F	0.267	46.088	
0	224.2, F	1.125	46.129	
0	46.7, F	0.286	46.171	
0	35.4, F	0.285	46.213	
0	36.6, F	0.285	46.255	
0	26.7, F	0.309	46.296	
0	179.8, F	0.707	46.338	
0	356.9, F	0.394	46.380	
0	359.4, F	0.359	46.421	
0	182.5, F	0.591	46.463	
0	0.2, F	0.343	46.505	
0	3.9, F	0.642	46.547	
0	175.7, F	0.376	46.588	
0	176.1, F	0.357	46.630	
0	317.3, F	0.622	46.672	
0	212.5, F	0.551	46.713	
0	334.4, F	0.373	46.755	
0	183.3, F	0.463	46.797	
0	341.4, F	0.49	46.838	
0	114.7, F	1.168	46.880	
0	15.6, F	0.23	46.922	
0	288.6, F	1.008	46.964	
0	166.2, F	0.689	47.005	
0	54.4, F	0.487	47.047	
0	51.5, F	0.436	47.089	
0	166.4, F	0.695	47.130	
0	290.6, F	0.763	47.172	
0	59.0, F	0.526	47.214	
0	145.5, F	0.889	47.256	
0	326.8, F	0.371	47.297	
0	287.2, F	0.636	47.339	
0	61.8, F	0.391	47.381	
0	61.5, F	0.403	47.422	
0	217.5, F	1.048	47.464	
0	60.1, F	0.397	47.506	
0	36.0, F	0.235	47.547	
0	283.7, F	0.694	47.589	
0	38.4, F	0.214	47.631	
0	185.6, F	0.825	47.673	
0	0.6, F	0.179	47.714	
0	20.3, F	0.216	47.756	
0	11.6, F	0.208	47.798	
0	1.0, F	0.45	47.839	
0	194.1, F	0.436	47.881	
0	323.5, F	0.664	47.923	
0	217.8, F	0.45	47.965	
0	137.4, F	0.524	48.006	
0	313.7, F	0.812	48.048	
0	137.3, F	0.5	48.090	
0	34.5, F	0.687	48.131	
0	236.8, F	0.717	48.173	
0	135.2, F	0.535	48.215	
0	322.8, F	1.02	48.257	
0	123.6, F	0.43	48.298	
0	136.4, F	0.283	48.340	
0	253.4, F	0.873	48.382	
0	15.4, F	0.763	48.423	
0	149.6, F	0.443	48.465	
0	145.0, F	0.228	48.507	
0	31.0, F	0.865	48.548	
0	256.3, F	0.514	48.590	
0	111.0, F	0.494	48.632	
0	258.4, F	0.491	48.674	
0	116.4, F	0.66	48.715	
0	327.6, F	0.754	48.757	
0	127.7, F	0.594	48.799	
0	250.5, F	0.507	48.840	
0	104.1, F	0.694	48.882	
0	340.4, F	0.9	48.924	
0	248.6, F	0.348	48.966	
0	95.3, F	0.797	49.007	
0	235.3, F	0.258	49.049	
0	235.9, F	0.243	49.091	
0	237.5, F	0.275	49.132	
0	231.6, F	0.27	49.174	
0	52.2, F	1.009	49.216	
0	234.9, F	0.545	49.258	
0	227.3, F	0.635	49.299	
0	39.6, F	0.548	49.341	
0	227.5, F	0.602	49.383	
0	21.1, F	0.5	49.424	
0	166.6, F	0.695	49.466	
0	21.1, F	0.305	49.508	
0	284.5, F	0.816	49.550	
0	167.0, F	0.727	49.591	
0	28.8, F	0.316	49.633	
0	6.4, F	0.243	49.675	
0	334.1, F	0.284	49.716	
0	192.9, F	0.67	49.758	
0	354.5, F	0.28	49.800	
0	350.6, F	0.281	49.841	
0	184.6, F	0.724	49.883	
0	352.1, F	0.277	49.925	
0	341.2, F	0.223	49.967	
0	357.8, F	0.258	50.008	
0	185.0, F	0.685	50.050	
0	327.1, F	0.383	50.092	
0	71.4, F	0.854	50.133	
0	193.4, F	0.731	50.175	
0	336.7, F	0.279	50.217	
0	343.1, F	0.264	50.259	
0	342.9, F	0.252	50.300	
0	181.6, F	0.665	50.342	
0	1.7, F	0.302	50.384	
0	5.0, F	0.308	50.425	
0	165.4, F	0.708	50.467	
0	37.3, F	0.357	50.509	
0	35.6, F	0.328	50.550	
0	34.4, F	0.315	50.592	
0	224.4, F	1.007	50.634	
0	38.7, F	0.442	50.676	
0	14.3, F	0.413	50.717	
0	142.6, F	0.635	50.759	
0	295.7, F	0.873	50.801	
0	137.2, F	0.556	50.842	
0	30.2, F	0.669	50.884	
0	115.4, F	0.371	50.926	
0	258.5, F	0.441	50.968	
0	24.6, F	0.933	51.009	
0	253.9, F	0.63	51.051	
0	112.5, F	0.425	51.093	
0	261.7, F	0.445	51.134	
0	92.1, F	0.695	51.176	
0	262.4, F	0.28	51.218	
0	290.6, F	0.33	51.260	
0	78.8, F	0.635	51.301	
0	303.0, F	0.272	51.343	
0	301.8, F	0.245	51.385	
0	82.6, F	1.031	51.426	
0	357.7, F	0.127	51.468	
0	181.8, F	0.873	51.510	
0	2.3, F	0.15	51.551	
0	55.0, F	0.256	51.593	
0	279.3, F	0.797	51.635	
0	26.9, F	0.259	51.677	
0	63.7, F	0.411	51.718	
0	157.8, F	0.873	51.760	
0	284.8, F	0.958	51.802	
0	21.1, F	0.258	51.843	
0	35.0, F	0.232	51.885	
0	33.8, F	0.221	51.927	
0	170.9, F	0.835	51.969	
0	52.4, F	0.28	52.010	
0	52.1, F	0.267	52.052	
0	282.4, F	0.908	52.094	
0	54.5, F	0.275	52.135	
0	60.8, F	0.268	52.177	
0	167.0, F	0.882	52.219	
0	56.4, F	0.247	52.261	
0	280.3, F	0.773	52.302	
0	72.0, F	0.304	52.344	
0	71.9, F	0.293	52.386	
0	94.0, F	0.304	52.427	
0	280.1, F	0.336	52.469	
0	84.0, F	0.655	52.511	
0	285.4, F	0.325	52.552	
0	285.6, F	0.323	52.594	
0	161.3, F	1.002	52.636	
0	269.3, F	0.519	52.678	
0	102.6, F	0.405	52.719	
0	317.9, F	1.222	52.761	
0	108.7, F	0.166	52.803	
0	112.8, F	0.176	52.844	
0	103.3, F	0.091	52.886	
0	111.7, F	0.186	52.928	
0	106.8, F	0.329	52.970	
0	255.9, F	0.635	53.011	
0	135.4, F	0.211	53.053	
0	137.9, F	0.198	53.095	
0	105.2, F	0.298	53.136	
0	260.6, F	0.523	53.178	
0	21.8, F	1.055	53.220	
0	265.0, F	0.59	53.262	
0	95.7, F	0.151	53.303	
0	130.5, F	0.171	53.345	
0	114.8, F	0.327	53.387	
0	248.1, F	0.301	53.428	
0	98.0, F	0.643	53.470	
0	249.4, F	0.299	53.512	
0	256.7, F	0.291	53.553	
0	95.9, F	0.662	53.595	
0	254.0, F	0.28	53.637	
0	241.5, F	0.184	53.679	
0	263.1, F	0.34	53.720	
0	32.9, F	1.173	53.762	
0	None	0	53.804	
0	None	0	53.845	0.08299999999999841
0	340.1, F	0.177	53.887	
0	201.4, F	0.842	53.929	
0	74.2, F	0.94	53.971	
0	358.2, F	0.284	54.012	
0	359.4, F	0.28	54.054	
0	179.2, F	0.634	54.096	
0	339.9, F	0.443	54.137	
0	345.0, F	0.562	54.179	
0	122.3, F	0.529	54.221	
0	264.5, F	0.25	54.263	
0	90.0, F	1.018	54.304	
0	99.0, F	0.753	54.346	
0	98.3, F	0.382	54.388	
0	99.9, F	0.707	54.429	
0	348.2, F	0.869	54.471	
0	268.7, F	0.226	54.513	
0	263.5, F	0.167	54.554	
0	306.7, F	0.249	54.596	
0	78.4, F	0.776	54.638	
0	212.0, F	0.93	54.680	
0	287.1, F	1.058	54.721	
0	14.2, F	0.341	54.763	
0	332.8, F	0.415	54.805	
0	129.3, F	0.764	54.846	
0	12.5, F	0.329	54.888	
0	155.4, F	0.625	54.930	
0	42.4, F	0.372	54.972	
0	285.6, F	0.571	55.013	
0	55.8, F	0.258	55.055	
0	175.8, F	0.671	55.097	
0	317.3, F	0.314	55.138	
0	289.7, F	0.678	55.180	
0	275.1, F	0.684	55.222	
0	84.3, F	0.281	55.264	
0	243.1, F	0.21	55.305	
0	249.4, F	0.29	55.347	
0	233.1, F	0.36	55.389	
0	112.8, F	0.761	55.430	
0	215.8, F	0.561	55.472	
0	312.4, F	0.578	55.514	
0	148.3, F	0.943	55.555	
0	276.6, F	0.53	55.597	
0	160.0, F	0.301	55.639	
0	173.7, F	0.328	55.681	
0	60.5, F	0.207	55.722	
0	273.8, F	0.648	55.764	
0	151.0, F	1.188	55.806	
0	340.6, F	0.702	55.847	
0	139.4, F	0.982	55.889	
0	287.2, F	0.335	55.931	
0	228.4, F	0.271	55.973	
0	111.9, F	0.899	56.014	
0	194.0, F	0.552	56.056	
0	314.1, F	0.569	56.098	
0	156.5, F	0.823	56.139	
0	62.3, F	0.821	56.181	
0	6.3, F	0.365	56.223	
0	95.8, F	0.999	56.265	
0	121.5, F	0.252	56.306	
0	None	0	56.348	0.04200000000000159
0	50.6, F	0.159	56.390	
0	55.8, F	0.306	56.431	
0	56.6, F	0.491	56.473	
0	10.0, F	0.774	56.515	
0	98.8, F	0.618	56.556	
0	None	0	56.598	0.04200000000000159
0	105.1, F	0.548	56.640	
0	81.4, F	1.055	56.682	
0	71.5, F	0.622	56.723	
0	25.9, F	0.446	56.765	
0	72.2, F	1.17	56.807	
0	88.2, F	0.718	56.848	
0	92.9, F	0.319	56.890	
0	72.8, F	0.802	56.932	
0	1.1, F	0.267	56.974	
0	30.4, F	0.334	57.015	
0	150.2, F	0.708	57.057	
0	38.3, F	0.83	57.099	
0	187.8, F	0.229	57.140	
0	10.2, F	1.116	57.182	
0	80.6, F	0.736	57.224	
0	211.9, F	1.089	57.266	
0	68.2, F	0.627	57.307	
0	24.1, F	0.157	57.349	
0	97.0, F	0.535	57.391	
0	89.4, F	1.023	57.432	
0	130.3, F	0.366	57.474	
0	88.8, F	3.355	57.516	
0	95.2, F	1.126	57.557	
0	85.0, F	0.791	57.599	
0	88.6, F	0.996	57.641	
0	91.0, F	0.561	57.683	
0	93.5, F	1.123	57.724	
0	265.0, F	0.669	57.766	
0	100.5, F	0.498	57.808	
0	92.9, F	0.974	57.849	
0	102.2, F	0.853	57.891	
0	358.9, F	0.857	57.933	
0	117.0, F	0.407	57.975	
0	73.4, F	0.634	58.016	
0	86.8, F	1.191	58.058	
0	20.9, F	0.244	58.100	
0	68.7, F	0.715	58.141	
0	156.7, F	0.659	58.183	
0	38.5, F	0.522	58.225	
0	156.5, F	0.15	58.267	
0	16.8, F	0.895	58.308	
0	80.5, F	0.783	58.350	
0	32.6, F	0.376	58.392	
0	102.9, F	0.551	58.433	
0	342.5, F	0.143	58.475	
0	76.0, F	1.307	58.517	
0	9.6, F	0.454	58.558	
0	63.1, F	1.421	58.600	
0	103.8, F	0.86	58.642	
0	111.8, F	0.14	58.684	
0	89.2, F	0.841	58.725	
0	58.0, F	0.257	58.767	
0	84.0, F	0.613	58.809	
0	70.1, F	0.453	58.850	
0	79.4, F	1.141	58.892	
0	77.1, F	0.731	58.934	
0	166.8, F	0.869	58.976	
0	82.2, F	0.771	59.017	
0	59.9, F	0.277	59.059	
0	84.0, F	0.693	59.101	
0	23.9, F	0.165	59.142	
0	83.7, F	0.293	59.184	
0	81.0, F	0.985	59.226	
0	38.2, F	0.15	59.268	
0	152.3, F	0.915	59.309	
0	307.5, F	0.135	59.351	
0	25.5, F	0.163	59.393	
0	78.7, F	0.56	59.434	
0	78.6, F	0.897	59.476	
0	8.1, F	0.17	59.518	
0	44.6, F	0.416	59.559	
0	123.1, F	1.074	59.601	
0	6.1, F	0.47	59.643	
0	126.4, F	0.475	59.685	
0	0.3, F	0.924	59.726	
0	85.1, F	0.423	59.768	
0	62.5, F	0.83	59.810	
0	185.7, F	0.521	59.851	
0	50.4, F	0.741	59.893	
0	113.8, F	1.207	59.935	
0	295.6, F	0.783	59.977	
0	74.6, F	1.079	60.018	
0	193.6, F	0.926	60.060	
0	69.7, F	0.274	60.102	
0	93.4, F	0.796	60.143	
0	None	0	60.185	0.041999999999994486
0	132.5, F	0.296	60.227	
0	111.7, F	0.574	60.269	
0	59.4, F	1.107	60.310	
0	140.0, F	0.605	60.352	
0	299.6, F	0.251	60.394	
0	183.8, F	0.966	60.435	
0	123.1, F	0.452	60.477	
0	33.2, F	0.821	60.519	
0	154.3, F	0.558	60.560	
0	237.0, F	0.667	60.602	
0	62.0, F	0.863	60.644	
0	190.5, F	0.689	60.686	
0	24.3, F	0.172	60.727	
0	65.9, F	0.914	60.769	
0	78.5, F	3.362	60.811	
0	96.8, F	1.266	60.852	
0	98.1, F	1.644	60.894	
0	160.2, F	0.233	60.936	
0	113.4, F	0.817	60.978	
0	47.2, F	1.18	61.019	
0	107.3, F	0.899	61.061	
0	93.7, F	0.685	61.103	
0	96.3, F	0.354	61.144	
0	86.9, F	1.322	61.186	
0	102.2, F	0.619	61.228	
0	97.0, F	2.447	61.270	
0	37.5, F	0.604	61.311	
0	97.4, F	0.688	61.353	
0	104.5, F	0.34	61.395	
0	87.4, F	1.189	61.436	
